  0.000000000000000E+000  0.000000000000000E+000
  5.000000000000000E-002  9.933467674351749E+047
  0.100000000000000       4.092185194561130E+048
  0.150000000000000       9.712367778762780E+048
  0.200000000000000       1.951451085863968E+049
  0.250000000000000       3.546131595874743E+049
  0.300000000000000       5.893678308462265E+049
  0.350000000000000       9.107589774860803E+049
  0.400000000000000       1.317976754326819E+050
  0.450000000000000       1.791066312098036E+050
  0.500000000000000       2.314306889319851E+050
  0.550000000000000       2.883926670821619E+050
  0.600000000000000       3.481450071834419E+050
  0.650000000000000       4.085283616941821E+050
  0.700000000000000       4.689872377343600E+050
  0.750000000000000       5.288368620721098E+050
  0.800000000000000       5.871956975191800E+050
  0.850000000000000       6.433211577323469E+050
  0.900000000000000       6.968154693372361E+050
  0.950000000000000       7.476048943983556E+050
   1.00000000000000       7.949474992454793E+050
   1.05000000000000       8.387615888955726E+050
   1.10000000000000       8.787867927481751E+050
   1.15000000000000       9.146655674351694E+050
   1.20000000000000       9.462559513928478E+050
   1.25000000000000       9.735878998539813E+050
   1.30000000000000       9.966746454471002E+050
   1.35000000000000       1.015857639301579E+051
   1.40000000000000       1.031166237866068E+051
   1.45000000000000       1.042637436515251E+051
   1.50000000000000       1.050508242366012E+051
   1.55000000000000       1.054999726957287E+051
   1.60000000000000       1.056245736416700E+051
   1.65000000000000       1.054416070297237E+051
   1.70000000000000       1.049845211100177E+051
   1.75000000000000       1.042387166108913E+051
   1.80000000000000       1.032606474767654E+051
   1.85000000000000       1.020551513851076E+051
   1.90000000000000       1.006283981244244E+051
   1.95000000000000       9.902149428218468E+050
   2.00000000000000       9.724118453273907E+050
   2.05000000000000       9.532944940179268E+050
   2.10000000000000       9.327564256361078E+050
   2.15000000000000       9.112009901939547E+050
   2.20000000000000       8.886875742083434E+050
   2.25000000000000       8.652218796627467E+050
   2.30000000000000       8.410255633170449E+050
   2.35000000000000       8.163121795778700E+050
   2.40000000000000       7.911892270323274E+050
   2.45000000000000       7.658402941553027E+050
   2.50000000000000       7.403852144702255E+050
   2.55000000000000       7.149914496565170E+050
   2.60000000000000       6.898671423248580E+050
   2.65000000000000       6.647039069539050E+050
   2.70000000000000       6.396880601358177E+050
   2.75000000000000       6.149502165212525E+050
   2.80000000000000       5.906788998291113E+050
   2.85000000000000       5.669178589341498E+050
   2.90000000000000       5.434752259768942E+050
   2.95000000000000       5.206707899564342E+050
   3.00000000000000       4.986135505213791E+050
   3.05000000000000       4.769196363092876E+050
   3.10000000000000       4.558140547935950E+050
   3.15000000000000       4.350782178195809E+050
   3.20000000000000       4.151307096509017E+050
   3.25000000000000       3.956301603199789E+050
   3.30000000000000       3.767694726741774E+050
   3.35000000000000       3.585553183917370E+050
   3.40000000000000       3.410855035960632E+050
   3.45000000000000       3.243867758828167E+050
   3.50000000000000       3.082586342613003E+050
   3.55000000000000       2.928307657486206E+050
   3.60000000000000       2.779490644843525E+050
   3.65000000000000       2.634952044976137E+050
   3.70000000000000       2.494778058579322E+050
   3.75000000000000       2.361140892208153E+050
   3.80000000000000       2.235631170751757E+050
   3.85000000000000       2.113597995053038E+050
   3.90000000000000       1.996251512194277E+050
   3.95000000000000       1.887011917677536E+050
   4.00000000000000       1.784551242896706E+050
   4.05000000000000       1.685967457321580E+050
   4.10000000000000       1.590798469107763E+050
   4.15000000000000       1.498961097629677E+050
   4.20000000000000       1.411936570139852E+050
   4.25000000000000       1.330810955953478E+050
   4.30000000000000       1.252415811340161E+050
   4.35000000000000       1.176431819596221E+050
   4.40000000000000       1.106650899944129E+050
   4.45000000000000       1.041212083646635E+050
   4.50000000000000       9.796648933125263E+049
   4.55000000000000       9.205700043647606E+049
   4.60000000000000       8.643353690434445E+049
   4.65000000000000       8.114484350356457E+049
   4.70000000000000       7.619552924105771E+049
   4.75000000000000       7.148973268975803E+049
   4.80000000000000       6.695445932933555E+049
   4.85000000000000       6.268801214418125E+049
   4.90000000000000       5.872157962795096E+049
   4.95000000000000       5.502059793275921E+049
   5.00000000000000       5.150807848162686E+049
   5.05000000000000       4.821147067819854E+049
   5.10000000000000       4.509801554459231E+049
   5.15000000000000       4.222026027643871E+049
   5.20000000000000       3.952412836748876E+049
   5.25000000000000       3.695922520467964E+049
   5.30000000000000       3.451498823741128E+049
   5.35000000000000       3.219696449421031E+049
   5.40000000000000       3.005820759886269E+049
   5.45000000000000       2.806402419589578E+049
   5.50000000000000       2.618996444152978E+049
   5.55000000000000       2.442433068290882E+049
   5.60000000000000       2.278996091974841E+049
   5.65000000000000       2.127053665999895E+049
   5.70000000000000       1.987002853206815E+049
   5.75000000000000       1.853092996288570E+049
   5.80000000000000       1.724152324850371E+049
   5.85000000000000       1.605381485969279E+049
   5.90000000000000       1.495163301159352E+049
   5.95000000000000       1.392711882660554E+049
   6.00000000000000       1.295687518575929E+049
   6.05000000000000       1.205675724172154E+049
   6.10000000000000       1.122535847420000E+049
   6.15000000000000       1.045741731682118E+049
   6.20000000000000       9.736281800511988E+048
   6.25000000000000       9.054584290205633E+048
   6.30000000000000       8.414990982504026E+048
   6.35000000000000       7.822809003902399E+048
   6.40000000000000       7.272238600960511E+048
   6.45000000000000       6.753467660187852E+048
   6.50000000000000       6.273048017363937E+048
   6.55000000000000       5.830081408217028E+048
   6.60000000000000       5.418334175261479E+048
   6.65000000000000       5.031935249828870E+048
   6.70000000000000       4.671642212908492E+048
   6.75000000000000       4.338665840009916E+048
   6.80000000000000       4.026192640295470E+048
   6.85000000000000       3.737301526772225E+048
   6.90000000000000       3.466082030187810E+048
   6.95000000000000       3.214607178968989E+048
   7.00000000000000       2.983456562508012E+048
   7.05000000000000       2.769562020048788E+048
   7.10000000000000       2.567821684441083E+048
   7.15000000000000       2.380704321167677E+048
   7.20000000000000       2.203680905231645E+048
   7.25000000000000       2.041871543533976E+048
   7.30000000000000       1.893109755208341E+048
   7.35000000000000       1.754189167757783E+048
   7.40000000000000       1.625384117937234E+048
   7.45000000000000       1.506984594587950E+048
   7.50000000000000       1.397704949992991E+048
   7.55000000000000       1.295653328506962E+048
   7.60000000000000       1.199032469270729E+048
   7.65000000000000       1.109448290730583E+048
   7.70000000000000       1.024066523753623E+048
   7.75000000000000       9.476367128673671E+047
   7.80000000000000       8.774204660079637E+047
   7.85000000000000       8.123931619780469E+047
   7.90000000000000       7.529632120915718E+047
   7.95000000000000       6.982287581516424E+047
   8.00000000000000       6.466990930888410E+047
   8.05000000000000       5.987760022065722E+047
   8.10000000000000       5.531435949457060E+047
   8.15000000000000       5.109706307614208E+047
   8.20000000000000       4.708227543457364E+047
   8.25000000000000       4.349697726622028E+047
   8.30000000000000       4.027360889056597E+047
   8.35000000000000       3.731557855650218E+047
   8.40000000000000       3.459112147811493E+047
   8.45000000000000       3.205186112014849E+047
   8.50000000000000       2.966017328220377E+047
   8.55000000000000       2.743253714009926E+047
   8.60000000000000       2.530830755394120E+047
   8.65000000000000       2.335308736684572E+047
   8.70000000000000       2.149928935297935E+047
   8.75000000000000       1.983776596659310E+047
   8.80000000000000       1.838923879443630E+047
   8.85000000000000       1.703654744973336E+047
   8.90000000000000       1.579201746012920E+047
   8.95000000000000       1.462997955284398E+047
   9.00000000000000       1.353212952040773E+047
   9.05000000000000       1.249301889949928E+047
   9.10000000000000       1.151713619128995E+047
   9.15000000000000       1.061733169065396E+047
   9.20000000000000       9.740250557756759E+046
   9.25000000000000       8.979369333243643E+046
   9.30000000000000       8.316102497618763E+046
   9.35000000000000       7.709339839543499E+046
   9.40000000000000       7.144258925416664E+046
   9.45000000000000       6.614702861160499E+046
   9.50000000000000       6.113816953074291E+046
   9.55000000000000       5.644787545620366E+046
   9.60000000000000       5.194664738975209E+046
   9.65000000000000       4.785496094693580E+046
   9.70000000000000       4.409337594339844E+046
   9.75000000000000       4.056152270021977E+046
   9.80000000000000       3.732135102067360E+046
   9.85000000000000       3.457656697102678E+046
   9.90000000000000       3.202633210567031E+046
   9.95000000000000       2.963555685591161E+046
   10.0000000000000       2.737557517287143E+046
   10.0500000000000       2.507160838139282E+046
   10.1000000000000       2.309461312968230E+046
   10.1500000000000       2.127634172677542E+046
   10.2000000000000       1.961031770037685E+046
   10.2500000000000       1.743075449476272E+046
   10.3000000000000       1.611252446615302E+046
   10.3500000000000       1.492934597232419E+046
   10.4000000000000       1.382142146352397E+046
   10.4500000000000       1.278742094895687E+046
   10.5000000000000       1.181449180104782E+046
   10.5500000000000       1.090866373329436E+046
   10.6000000000000       9.840907853569430E+045
   10.6500000000000       9.023604505552926E+045
   10.7000000000000       8.260853272508066E+045
   10.7500000000000       7.604275107329163E+045
   10.8000000000000       6.908255790850959E+045
   10.8500000000000       6.396370073879927E+045
   10.9000000000000       5.909183233201228E+045
   10.9500000000000       5.463507620182735E+045
   11.0000000000000       5.045688762153317E+045
   11.0500000000000       4.658830319502095E+045
   11.1000000000000       4.294723903506991E+045
   11.1500000000000       3.958588638212454E+045
   11.2000000000000       3.624318505876124E+045
   11.2500000000000       3.335517309278485E+045
   11.3000000000000       3.070552681036620E+045
   11.3500000000000       2.839280389272055E+045
   11.4000000000000       2.623687335846815E+045
   11.4500000000000       2.423613836332151E+045
   11.5000000000000       2.236528865688241E+045
   11.5500000000000       2.063422356810080E+045
   11.6000000000000       1.901021791962717E+045
   11.6500000000000       1.750695914576257E+045
   11.7000000000000       1.612843945459941E+045
   11.7500000000000       1.483400484606804E+045
   11.8000000000000       1.349472155498096E+045
   11.8500000000000       1.245577331947322E+045
   11.9000000000000       1.138904557344870E+045
   11.9500000000000       1.051224369393339E+045
   12.0000000000000       9.464060047441308E+044
   12.0500000000000       8.724441489259029E+044
   12.1000000000000       8.033889389133303E+044
   12.1500000000000       6.987659210978029E+044
   12.2000000000000       6.431873279481142E+044
   12.2500000000000       5.914530190757293E+044
   12.3000000000000       5.251672600119541E+044
   12.3500000000000       4.835668345382978E+044
   12.4000000000000       4.461383152918618E+044
   12.4500000000000       4.115294886432305E+044
   12.5000000000000       3.794923139865427E+044
   12.5500000000000       3.498232106044175E+044
   12.6000000000000       3.223630576338844E+044
   12.6500000000000       2.969389280171311E+044
   12.7000000000000       2.733715764278518E+044
   12.7500000000000       2.515353431566022E+044
   12.8000000000000       2.312858479236103E+044
   12.8500000000000       2.057461867241416E+044
   12.9000000000000       1.896045261868752E+044
   12.9500000000000       1.747131268989835E+044
   13.0000000000000       1.609704327904312E+044
   13.0500000000000       1.482875237766546E+044
   13.1000000000000       1.365829677537084E+044
   13.1500000000000       1.257802465911150E+044
   13.2000000000000       1.158058841209645E+044
   13.2500000000000       1.065985721206318E+044
   13.3000000000000       9.809279028404736E+043
   13.3500000000000       8.837645460681187E+043
   13.4000000000000       8.134575717987906E+043
   13.4500000000000       7.490094381097207E+043
   13.5000000000000       6.896180442480706E+043
   13.5500000000000       6.349440902015671E+043
   13.6000000000000       5.845663759560803E+043
   13.6500000000000       5.381713414951707E+043
   13.7000000000000       4.954103267994738E+043
   13.7500000000000       4.560469918458452E+043
   13.8000000000000       4.198052166061366E+043
   13.8500000000000       3.864065410453802E+043
   13.9000000000000       3.556027800000000E+043
   13.9500000000000       3.272864400000000E+043
   14.0000000000000       3.012017580000000E+043
   14.0500000000000       2.771730000000000E+043
   14.1000000000000       2.550461940000000E+043
   14.1500000000000       2.346877260000000E+043
   14.2000000000000       2.159326260000000E+043
   14.2500000000000       1.986655320000000E+043
   14.3000000000000       1.827649980000000E+043
   14.3500000000000       1.681287660000000E+043
   14.4000000000000       1.546531740000000E+043
   14.4500000000000       1.422493020000000E+043
   14.5000000000000       1.308310380000000E+043
   14.5500000000000       1.203218640000000E+043
   14.6000000000000       1.106508780000000E+043
   14.6500000000000       1.017495180000000E+043
   14.7000000000000       9.355951800000001E+042
   14.7500000000000       8.602284600000000E+042
   14.8000000000000       7.908825600000001E+042
   14.8500000000000       7.270801200000000E+042
   14.9000000000000       6.683882400000000E+042
   14.9500000000000       6.144021000000000E+042
   15.0000000000000       5.647402800000000E+042
   15.0500000000000       5.190494400000000E+042
   15.1000000000000       4.770511200000000E+042
   15.1500000000000       4.384153800000000E+042
   15.2000000000000       4.028895000000000E+042
   15.2500000000000       3.702184200000000E+042
   15.3000000000000       3.401775000000000E+042
   15.3500000000000       3.125617560000000E+042
   15.4000000000000       2.871699480000000E+042
   15.4500000000000       2.638485720000000E+042
   15.5000000000000       2.423860920000000E+042
   15.5500000000000       2.226657420000000E+042
   15.6000000000000       2.045417400000000E+042
   15.6500000000000       1.878825780000000E+042
   15.7000000000000       1.725742980000000E+042
   15.7500000000000       1.585059840000000E+042
   15.8000000000000       1.455786540000000E+042
   15.8500000000000       1.336994100000000E+042
   15.9000000000000       1.227842460000000E+042
   15.9500000000000       1.127550060000000E+042
   16.0000000000000       1.035410220000000E+042
   16.0500000000000       9.507654000000000E+041
   16.1000000000000       8.730118800000000E+041
   16.1500000000000       8.015646600000000E+041
   16.2000000000000       7.359697800000000E+041
   16.2500000000000       6.756773400000000E+041
   16.3000000000000       6.203246400000000E+041
   16.3500000000000       5.694881400000000E+041
   16.4000000000000       5.227887600000001E+041
   16.4500000000000       4.798989000000001E+041
   16.5000000000000       4.405143600000000E+041
   16.5500000000000       4.043566800000000E+041
   16.6000000000000       3.711497400000000E+041
   16.6500000000000       3.406408200000000E+041
   16.7000000000000       3.126516120000000E+041
   16.7500000000000       2.869331400000000E+041
   16.8000000000000       2.633314320000000E+041
   16.8500000000000       2.416604580000000E+041
   16.9000000000000       2.217664800000000E+041
   16.9500000000000       2.035032480000000E+041
   17.0000000000000       1.867369140000000E+041
   17.0500000000000       1.713488400000000E+041
   17.1000000000000       1.572185160000000E+041
   17.1500000000000       1.442521080000000E+041
   17.2000000000000       1.323511020000000E+041
   17.2500000000000       1.214279820000000E+041
   17.3000000000000       1.114015500000000E+041
   17.3500000000000       1.021990320000000E+041
   17.4000000000000       9.375444000000000E+040
   17.4500000000000       8.600506200000001E+040
   17.5000000000000       7.889544000000001E+040
   17.5500000000000       7.236988200000000E+040
   17.6000000000000       6.638088600000001E+040
   17.6500000000000       6.088797000000000E+040
   17.7000000000000       5.584573800000000E+040
   17.7500000000000       5.122119600000001E+040
   17.8000000000000       4.697713800000000E+040
   17.8500000000000       4.308291000000000E+040
   17.9000000000000       3.951324000000000E+040
   17.9500000000000       3.623560200000000E+040
   18.0000000000000       3.322994220000000E+040
   18.0500000000000       3.047098860000000E+040
   18.1000000000000       2.794329720000000E+040
   18.1500000000000       2.562218100000000E+040
   18.2000000000000       2.349352980000000E+040
   18.2500000000000       2.154124440000000E+040
   18.3000000000000       1.975098060000000E+040
   18.3500000000000       1.810865160000000E+040
   18.4000000000000       1.660269780000000E+040
   18.4500000000000       1.522125540000000E+040
   18.5000000000000       1.395451980000000E+040
   18.5500000000000       1.279270980000000E+040
   18.6000000000000       1.172744820000000E+040
   18.6500000000000       1.075070880000000E+040
   18.7000000000000       9.854956800000001E+039
   18.7500000000000       9.033406200000004E+039
   18.8000000000000       8.280487800000001E+039
   18.8500000000000       7.589696400000000E+039
   18.9000000000000       6.956726400000000E+039
   18.9500000000000       6.376055400000000E+039
   19.0000000000000       5.843892600000001E+039
   19.0500000000000       5.355979200000000E+039
   19.1000000000000       4.908571200000000E+039
   19.1500000000000       4.498579800000000E+039
   19.2000000000000       4.122541800000000E+039
   19.2500000000000       3.777906600000000E+039
   19.3000000000000       3.462170400000000E+039
   19.3500000000000       3.172586040000000E+039
   19.4000000000000       2.907124740000000E+039
   19.4500000000000       2.663778780000000E+039
   19.5000000000000       2.440875060000000E+039
   19.5500000000000       2.236497120000000E+039
   19.6000000000000       2.049177780000000E+039
   19.6500000000000       1.877508360000000E+039
   19.7000000000000       1.720185480000000E+039
   19.7500000000000       1.576001700000000E+039
   19.8000000000000       1.443850200000000E+039
   19.8500000000000       1.322773920000000E+039
   19.9000000000000       1.211797080000000E+039
   19.9500000000000       1.110112380000000E+039
   20.0000000000000       1.016964000000000E+039
   20.0500000000000       9.315797400000000E+038
   20.1000000000000       8.533512000000000E+038
   20.1500000000000       7.816746600000001E+038
   20.2000000000000       7.160002200000001E+038
   20.2500000000000       6.558271200000000E+038
   20.3000000000000       6.006967200000000E+038
   20.3500000000000       5.501878200000000E+038
   20.4000000000000       5.039213400000000E+038
   20.4500000000000       4.615205400000000E+038
   20.5000000000000       4.226835600000000E+038
   20.5500000000000       3.871108800000000E+038
   20.6000000000000       3.545240400000000E+038
   20.6500000000000       3.246735960000000E+038
   20.7000000000000       2.973323340000000E+038
   20.7500000000000       2.722758480000000E+038
   20.8000000000000       2.493293400000000E+038
   20.8500000000000       2.283123960000000E+038
   20.9000000000000       2.090642580000000E+038
   20.9500000000000       1.914346980000000E+038
   21.0000000000000       1.752877620000000E+038
   21.0500000000000       1.604984940000000E+038
   21.1000000000000       1.469534040000000E+038
   21.1500000000000       1.345495320000000E+038
   21.2000000000000       1.231895340000000E+038
   21.2500000000000       1.127875320000000E+038
   21.3000000000000       1.032609240000000E+038
   21.3500000000000       9.453693600000000E+037
   21.4000000000000       8.654794199999999E+037
   21.4500000000000       7.923333600000001E+037
   21.5000000000000       7.253344799999997E+037
   21.5500000000000       6.640030800000001E+037
   21.6000000000000       6.078360600000000E+037
   21.6500000000000       5.564309400000001E+037
   21.7000000000000       5.093431200000000E+037
   21.7500000000000       4.662379800000000E+037
   21.8000000000000       4.267715400000000E+037
   21.8500000000000       3.906372600000000E+037
   21.9000000000000       3.575613600000000E+037
   21.9500000000000       3.272698260000000E+037
   22.0000000000000       2.995347420000000E+037
   22.0500000000000       2.741551020000000E+037
   22.1000000000000       2.509072020000000E+037
   22.1500000000000       2.296452600000000E+037
   22.2000000000000       2.101710780000000E+037
   22.2500000000000       1.923482340000000E+037
   22.3000000000000       1.760293080000000E+037
   22.3500000000000       1.610958960000000E+037
   22.4000000000000       1.474230420000000E+037
   22.4500000000000       1.349103600000000E+037
   22.5000000000000       1.234576980000000E+037
   22.5500000000000       1.129744980000000E+037
   22.6000000000000       1.033807320000000E+037
   22.6500000000000       9.459871200000000E+036
   22.7000000000000       8.656081200000000E+036
   22.7500000000000       7.920666000000000E+036
   22.8000000000000       7.247401200000000E+036
   22.8500000000000       6.631489800000000E+036
   22.9000000000000       6.067666800000001E+036
   22.9500000000000       5.551696800000000E+036
   23.0000000000000       5.079531600000000E+036
   23.0500000000000       4.647474000000000E+036
   23.1000000000000       4.251967200000000E+036
   23.1500000000000       3.890250000000000E+036
   23.2000000000000       3.559109580000000E+036
   23.2500000000000       3.256250400000000E+036
   23.3000000000000       2.978944020000000E+036
   23.3500000000000       2.725409700000000E+036
   23.4000000000000       2.493363600000000E+036
   23.4500000000000       2.281046040000000E+036
   23.5000000000000       2.086779240000000E+036
   23.5500000000000       1.909037520000000E+036
   23.6000000000000       1.746414540000000E+036
   23.6500000000000       1.597637340000000E+036
   23.7000000000000       1.461524220000000E+036
   23.7500000000000       1.336998780000000E+036
   23.8000000000000       1.223064180000000E+036
   23.8500000000000       1.118840580000000E+036
   23.9000000000000       1.023499620000000E+036
   23.9500000000000       9.362925000000000E+035
   24.0000000000000       8.565195600000000E+035
   24.0500000000000       7.835279400000000E+035
   24.1000000000000       7.167677400000001E+035
   24.1500000000000       6.556890600000000E+035
   24.2000000000000       5.998356000000000E+035
   24.2500000000000       5.487393600000000E+035
   24.3000000000000       5.019978600000000E+035
   24.3500000000000       4.592577600000000E+035
   24.4000000000000       4.201446600000001E+035
   24.4500000000000       3.843847800000000E+035
   24.5000000000000       3.516774300000000E+035
   24.5500000000000       3.217471920000000E+035
   24.6000000000000       2.943921240000000E+035
   24.6500000000000       2.693641860000000E+035
   24.7000000000000       2.464628400000000E+035
   24.7500000000000       2.255270940000000E+035
   24.8000000000000       2.063793420000000E+035
   24.8500000000000       1.888651440000000E+035
   24.9000000000000       1.728490140000000E+035
   24.9500000000000       1.582380540000000E+035
   25.0000000000000       1.448474040000000E+035
