  0.000000000000000E+000  0.000000000000000E+000
  5.000000000000000E-002  2.520672356642557E+048
  0.100000000000000       1.055598918605958E+049
  0.150000000000000       2.761045201938370E+049
  0.200000000000000       6.180899710688703E+049
  0.250000000000000       1.247274312788091E+050
  0.300000000000000       2.197588622713008E+050
  0.350000000000000       3.466792685624939E+050
  0.400000000000000       4.947022278374633E+050
  0.450000000000000       6.575052627797786E+050
  0.500000000000000       8.296017278963038E+050
  0.550000000000000       1.003679281741446E+051
  0.600000000000000       1.176894809068801E+051
  0.650000000000000       1.344731411646923E+051
  0.700000000000000       1.503721197326582E+051
  0.750000000000000       1.652382572944813E+051
  0.800000000000000       1.787869373601237E+051
  0.850000000000000       1.908655694253174E+051
  0.900000000000000       2.014232458278268E+051
  0.950000000000000       2.103507842076953E+051
   1.00000000000000       2.176861478175687E+051
   1.05000000000000       2.236144730903282E+051
   1.10000000000000       2.281780453688570E+051
   1.15000000000000       2.314345644542682E+051
   1.20000000000000       2.334772982168390E+051
   1.25000000000000       2.344348371595524E+051
   1.30000000000000       2.342763422963388E+051
   1.35000000000000       2.332390647699161E+051
   1.40000000000000       2.313058287023765E+051
   1.45000000000000       2.285644946637797E+051
   1.50000000000000       2.250991748683845E+051
   1.55000000000000       2.209674657366735E+051
   1.60000000000000       2.162859583941170E+051
   1.65000000000000       2.111203699824352E+051
   1.70000000000000       2.055079715085076E+051
   1.75000000000000       1.994976448406626E+051
   1.80000000000000       1.931591473183095E+051
   1.85000000000000       1.865700045813155E+051
   1.90000000000000       1.797941887262998E+051
   1.95000000000000       1.727602740159701E+051
   2.00000000000000       1.656461635156995E+051
   2.05000000000000       1.584343158550975E+051
   2.10000000000000       1.512733812884577E+051
   2.15000000000000       1.441453134539717E+051
   2.20000000000000       1.370182733093636E+051
   2.25000000000000       1.299951392251011E+051
   2.30000000000000       1.231895044679765E+051
   2.35000000000000       1.164723880938606E+051
   2.40000000000000       1.099322080251923E+051
   2.45000000000000       1.035892012949680E+051
   2.50000000000000       9.737680816797423E+050
   2.55000000000000       9.142152199920134E+050
   2.60000000000000       8.577810069000556E+050
   2.65000000000000       8.031983727608044E+050
   2.70000000000000       7.514531592278763E+050
   2.75000000000000       7.014780292930854E+050
   2.80000000000000       6.541163439348492E+050
   2.85000000000000       6.087097179118910E+050
   2.90000000000000       5.651688614463222E+050
   2.95000000000000       5.241835364897591E+050
   3.00000000000000       4.860257888038174E+050
   3.05000000000000       4.510659931435016E+050
   3.10000000000000       4.183064342803924E+050
   3.15000000000000       3.872832992187084E+050
   3.20000000000000       3.581228908088742E+050
   3.25000000000000       3.303073319697580E+050
   3.30000000000000       3.041024453227841E+050
   3.35000000000000       2.791090191986302E+050
   3.40000000000000       2.564130561217094E+050
   3.45000000000000       2.369367346807043E+050
   3.50000000000000       2.184455548805672E+050
   3.55000000000000       2.010515286396932E+050
   3.60000000000000       1.848321375099594E+050
   3.65000000000000       1.695953365880425E+050
   3.70000000000000       1.551314828049540E+050
   3.75000000000000       1.413719184284788E+050
   3.80000000000000       1.293343542552650E+050
   3.85000000000000       1.186664860712637E+050
   3.90000000000000       1.089450321250684E+050
   3.95000000000000       9.990468358020269E+049
   4.00000000000000       9.160331788744283E+049
   4.05000000000000       8.374334912403089E+049
   4.10000000000000       7.631059316757201E+049
   4.15000000000000       6.931632882507763E+049
   4.20000000000000       6.310326083258595E+049
   4.25000000000000       5.753030548276311E+049
   4.30000000000000       5.268160176368029E+049
   4.35000000000000       4.825054918598991E+049
   4.40000000000000       4.412730679993125E+049
   4.45000000000000       4.026841715469871E+049
   4.50000000000000       3.664493956418974E+049
   4.55000000000000       3.328363210351803E+049
   4.60000000000000       3.015833001711020E+049
   4.65000000000000       2.740577014978185E+049
   4.70000000000000       2.498888389060414E+049
   4.75000000000000       2.283465108565084E+049
   4.80000000000000       2.089543165732428E+049
   4.85000000000000       1.904572141483128E+049
   4.90000000000000       1.728660475102172E+049
   4.95000000000000       1.572755463793839E+049
   5.00000000000000       1.424592465715650E+049
   5.05000000000000       1.292337273764064E+049
   5.10000000000000       1.175080205246598E+049
   5.15000000000000       1.079907585268151E+049
   5.20000000000000       9.878914506301736E+048
   5.25000000000000       9.006958867796132E+048
   5.30000000000000       8.202882917469714E+048
   5.35000000000000       7.458458942564901E+048
   5.40000000000000       6.748089786027133E+048
   5.45000000000000       6.112076980396346E+048
   5.50000000000000       5.553633227862731E+048
   5.55000000000000       5.089458315163980E+048
   5.60000000000000       4.662415586442849E+048
   5.65000000000000       4.253331449930432E+048
   5.70000000000000       3.876057551705793E+048
   5.75000000000000       3.515119349759683E+048
   5.80000000000000       3.186570167407924E+048
   5.85000000000000       2.880307777125363E+048
   5.90000000000000       2.622217349343753E+048
   5.95000000000000       2.391019348899463E+048
   6.00000000000000       2.192421750322213E+048
   6.05000000000000       2.006276089044581E+048
   6.10000000000000       1.829413116519742E+048
   6.15000000000000       1.658615385320525E+048
   6.20000000000000       1.500232339134247E+048
   6.25000000000000       1.358629381513880E+048
   6.30000000000000       1.235743241992877E+048
   6.35000000000000       1.124442878288509E+048
   6.40000000000000       1.031717841427935E+048
   6.45000000000000       9.461326803139904E+047
   6.50000000000000       8.646112875185535E+047
   6.55000000000000       7.869327918523521E+047
   6.60000000000000       7.099559098720598E+047
   6.65000000000000       6.415592994168346E+047
   6.70000000000000       5.841257176920003E+047
   6.75000000000000       5.334158626836354E+047
   6.80000000000000       4.888273173621892E+047
   6.85000000000000       4.509954896505322E+047
   6.90000000000000       4.146665535863244E+047
   6.95000000000000       3.791797239368042E+047
   7.00000000000000       3.445298846099087E+047
   7.05000000000000       3.107407239012060E+047
   7.10000000000000       2.838607733161277E+047
   7.15000000000000       2.620593870096683E+047
   7.20000000000000       2.413242897686301E+047
   7.25000000000000       2.245922829145046E+047
   7.30000000000000       2.088236405447689E+047
   7.35000000000000       1.932142311584498E+047
   7.40000000000000       1.781221023486118E+047
   7.45000000000000       1.634571911860878E+047
   7.50000000000000       1.502442487836220E+047
   7.55000000000000       1.405317161501325E+047
   7.60000000000000       1.321022152376069E+047
   7.65000000000000       1.245898753777798E+047
   7.70000000000000       1.181944729137452E+047
   7.75000000000000       1.119565677411364E+047
   7.80000000000000       1.056002293844044E+047
   7.85000000000000       9.977845537416611E+046
   7.90000000000000       9.440056798384855E+046
   7.95000000000000       8.953484480432104E+046
   8.00000000000000       8.632825597016922E+046
   8.05000000000000       8.316677554545090E+046
   8.10000000000000       8.069108238769609E+046
   8.15000000000000       7.827536635861173E+046
   8.20000000000000       7.587009590226002E+046
   8.25000000000000       7.301942160452920E+046
   8.30000000000000       7.077774704014078E+046
   8.35000000000000       6.870189753034429E+046
   8.40000000000000       6.702290117524778E+046
   8.45000000000000       6.560760629897599E+046
   8.50000000000000       6.432496929755811E+046
   8.55000000000000       6.293603242545088E+046
   8.60000000000000       6.167370734639036E+046
   8.65000000000000       5.930519394169568E+046
   8.70000000000000       5.805265305183401E+046
   8.75000000000000       5.676955225400232E+046
   8.80000000000000       5.365478817750754E+046
   8.85000000000000       5.267055734041399E+046
   8.90000000000000       5.108933652424212E+046
   8.95000000000000       5.005327539635668E+046
   9.00000000000000       4.905929405164513E+046
   9.05000000000000       4.794752452004161E+046
   9.10000000000000       4.682887162038703E+046
   9.15000000000000       4.568350584926782E+046
   9.20000000000000       4.440103756714123E+046
   9.25000000000000       4.320569930798205E+046
   9.30000000000000       4.203168050978911E+046
   9.35000000000000       4.082212289561032E+046
   9.40000000000000       3.961455417704848E+046
   9.45000000000000       3.838538749867773E+046
   9.50000000000000       3.713311253087777E+046
   9.55000000000000       3.567806262156456E+046
   9.60000000000000       3.443842184824874E+046
   9.65000000000000       3.316074007421843E+046
   9.70000000000000       3.192958597467719E+046
   9.75000000000000       3.068794062331540E+046
   9.80000000000000       2.950464855712495E+046
   9.85000000000000       2.829573775425771E+046
   9.90000000000000       2.713669442648168E+046
   9.95000000000000       2.591077725061068E+046
   10.0000000000000       2.479396941759081E+046
   10.0500000000000       2.369448425878586E+046
   10.1000000000000       2.261708928159925E+046
   10.1500000000000       2.147346624813630E+046
   10.2000000000000       2.046855223717827E+046
   10.2500000000000       1.948808237716061E+046
   10.3000000000000       1.853609024110269E+046
   10.3500000000000       1.761112916355813E+046
   10.4000000000000       1.671097750593108E+046
   10.4500000000000       1.584327280927130E+046
   10.5000000000000       1.500395164675032E+046
   10.5500000000000       1.418958316335064E+046
   10.6000000000000       1.337811682722167E+046
   10.6500000000000       1.263478305668513E+046
   10.7000000000000       1.192118478312756E+046
   10.7500000000000       1.123597039114753E+046
   10.8000000000000       1.057981568600036E+046
   10.8500000000000       9.952720663259213E+045
   10.9000000000000       9.353333710947374E+045
   10.9500000000000       8.780979014996989E+045
   11.0000000000000       8.236334701918976E+045
   11.0500000000000       7.711352976381537E+045
   11.1000000000000       7.219967231892222E+045
   11.1500000000000       6.753518765075536E+045
   11.2000000000000       6.311399349555171E+045
   11.2500000000000       5.892933178234147E+045
   11.3000000000000       5.497376863282600E+045
   11.3500000000000       5.123784274735819E+045
   11.4000000000000       4.771479605347339E+045
   11.4500000000000       4.439285716432249E+045
   11.5000000000000       4.127035301264370E+045
   11.5500000000000       3.833733829823546E+045
   11.6000000000000       3.558543985976414E+045
   11.6500000000000       3.300519639922377E+045
   11.7000000000000       3.058984984660746E+045
   11.7500000000000       2.832993890389557E+045
   11.8000000000000       2.621938130810377E+045
   11.8500000000000       2.424939156820426E+045
   11.9000000000000       2.241313915510140E+045
   11.9500000000000       2.070334744509880E+045
   12.0000000000000       1.911182196009626E+045
   12.0500000000000       1.763248043709375E+045
   12.1000000000000       1.625856480609129E+045
   12.1500000000000       1.498399280408887E+045
   12.2000000000000       1.380200636108650E+045
   12.2500000000000       1.270719902108417E+045
   12.3000000000000       1.169416432808188E+045
   12.3500000000000       1.075614421207962E+045
   12.4000000000000       9.889759638077408E+044
   12.4500000000000       9.088928343075237E+044
   12.5000000000000       8.350271292073102E+044
   12.5500000000000       7.667706222071006E+044
   12.6000000000000       7.039205712068947E+044
   12.6500000000000       6.459971532366928E+044
   12.7000000000000       5.926286744464943E+044
   12.7500000000000       5.434975055462995E+044
   12.8000000000000       4.982995333861082E+044
   12.8500000000000       4.567238867459206E+044
   12.9000000000000       4.185137589657364E+044
   12.9500000000000       3.834055853155559E+044
   13.0000000000000       3.511560752753788E+044
   13.0500000000000       3.215489706052052E+044
   13.1000000000000       2.943747711350350E+044
   13.1500000000000       2.694442509048682E+044
   13.2000000000000       2.465817000947048E+044
   13.2500000000000       2.256181669545448E+044
   13.3000000000000       2.063982158743882E+044
   13.3500000000000       1.887866854542349E+044
   13.4000000000000       1.726484142940849E+044
   13.4500000000000       1.578752732739383E+044
   13.5000000000000       1.443388590637949E+044
   13.5500000000000       1.319445586836548E+044
   13.6000000000000       1.206045172235178E+044
   13.6500000000000       1.102173636333841E+044
   13.7000000000000       1.007155172132537E+044
   13.7500000000000       9.201788112312635E+043
   13.8000000000000       8.406363273300227E+043
   13.8500000000000       7.678519134288131E+043
   13.9000000000000       7.012849239276338E+043
   13.9500000000000       6.404352616464863E+043
   14.0000000000000       5.847757971253698E+043
   14.0500000000000       5.338740138842845E+043
   14.1000000000000       4.873447019332290E+043
   14.1500000000000       4.448094093522043E+043
   14.2000000000000       4.059302326412095E+043
   14.2500000000000       3.703895425102451E+043
   14.3000000000000       3.379237742293098E+043
   14.3500000000000       3.082490888584036E+043
   14.4000000000000       2.811424700875264E+043
   14.4500000000000       2.563809016066776E+043
   14.5000000000000       2.337683993858565E+043
   14.5500000000000       2.131089793950631E+043
   14.6000000000000       1.942472060242954E+043
   14.6500000000000       1.770276436635547E+043
   14.7000000000000       1.613083728428404E+043
   14.7500000000000       1.469609902321510E+043
   14.8000000000000       1.338706086414867E+043
   14.8500000000000       1.219223408808467E+043
   14.9000000000000       1.110215739702304E+043
   14.9500000000000       1.010872110696377E+043
   15.0000000000000       9.202463919906731E+042
   15.0500000000000       8.375951958851990E+042
   15.1000000000000       7.622427153799548E+042
   15.1500000000000       6.935807241749268E+042
   15.2000000000000       6.310347863201150E+042
   15.2500000000000       5.740507400755161E+042
   15.3000000000000       5.221284882611281E+042
   15.3500000000000       4.748422724669483E+042
   15.4000000000000       4.317933665629725E+042
   15.4500000000000       3.925898024891981E+042
   15.5000000000000       3.569071928856170E+042
   15.5500000000000       3.244211503922339E+042
   15.6000000000000       2.948681102790394E+042
   15.6500000000000       2.679777497460286E+042
   15.7000000000000       2.435067782731970E+042
   15.7500000000000       2.212524537605390E+042
   15.8000000000000       2.010120341080480E+042
   15.8500000000000       1.826030514257185E+042
   15.9000000000000       1.658633120335444E+042
   15.9500000000000       1.506441383915191E+042
   16.0000000000000       1.368103690996349E+042
   16.0500000000000       1.242336008278859E+042
   16.1000000000000       1.128057044562653E+042
   16.1500000000000       1.024185508647644E+042
   16.2000000000000       9.297752707338099E+041
   16.2500000000000       8.440153624210505E+041
   16.3000000000000       7.661623960093187E+041
   16.3500000000000       6.953378223985395E+041
   16.4000000000000       6.310753347586592E+041
   16.4500000000000       5.726923680196168E+041
   16.5000000000000       5.196617927213585E+041
   16.5500000000000       4.715105439638307E+041
   16.6000000000000       4.277858310569841E+041
   16.6500000000000       3.880956859407693E+041
   16.7000000000000       3.520548986251406E+041
   16.7500000000000       3.193390817500064E+041
   16.8000000000000       2.896441221654326E+041
   16.8500000000000       2.626929390013169E+041
   16.9000000000000       2.382354836676209E+041
   16.9500000000000       2.160352237143115E+041
   17.0000000000000       1.958894170413548E+041
   17.0500000000000       1.776155957587192E+041
   17.1000000000000       1.610380500463762E+041
   17.1500000000000       1.459878281542980E+041
   17.2000000000000       1.323432848224585E+041
   17.2500000000000       1.199692586508352E+041
   17.3000000000000       1.087373463094059E+041
   17.3500000000000       9.855293481814889E+040
   17.4000000000000       8.932141119703853E+040
   17.4500000000000       8.094140439607700E+040
   17.5000000000000       7.335209178523732E+040
   17.5500000000000       6.646561845450547E+040
   17.6000000000000       6.022251338786901E+040
   17.6500000000000       5.456262976231639E+040
   17.7000000000000       4.943257882483771E+040
   17.7500000000000       4.478099924342366E+040
   17.8000000000000       4.056531517706635E+040
   17.8500000000000       3.674497820575845E+040
   17.9000000000000       3.328146733049367E+040
   17.9500000000000       3.014369542926640E+040
   18.0000000000000       2.729989957304642E+040
   18.0500000000000       2.472304748188673E+040
   18.1000000000000       2.238813429674988E+040
   18.1500000000000       2.027218257963273E+040
   18.2000000000000       1.835559392753269E+040
   18.2500000000000       1.661944574444742E+040
   18.3000000000000       1.504684285537486E+040
   18.3500000000000       1.362156589231324E+040
   18.4000000000000       1.233145032926103E+040
   18.4500000000000       1.116230421921688E+040
   18.5000000000000       1.010399045717963E+040
   18.5500000000000       9.145020324148279E+039
   18.6000000000000       8.277284136121950E+039
   18.6500000000000       7.491320595097343E+039
   18.7000000000000       6.779695824079665E+039
   18.7500000000000       6.134908365364899E+039
   18.8000000000000       5.551484182252611E+039
   18.8500000000000       5.023273431042418E+039
   18.9000000000000       4.545139978533993E+039
   18.9500000000000       4.112218014327057E+039
   19.0000000000000       3.720452696421374E+039
   19.0500000000000       3.365789182816739E+039
   19.1000000000000       3.044780857812981E+039
   19.1500000000000       2.754319009209955E+039
   19.2000000000000       2.491362505507533E+039
   19.2500000000000       2.253478441500250E+039
   19.3000000000000       2.038233912000205E+039
   19.3500000000000       1.843398753900167E+039
   19.4000000000000       1.667148288300136E+039
   19.4500000000000       1.507657836300110E+039
   19.5000000000000       1.363373041800088E+039
   19.5500000000000       1.232874710100070E+039
   19.6000000000000       1.114811227200055E+039
   19.6500000000000       1.007966140500043E+039
   19.7000000000000       9.113257395000338E+038
   19.7500000000000       8.239438944000264E+038
   19.8000000000000       7.449420561000196E+038
   19.8500000000000       6.734146432200149E+038
   19.9000000000000       6.087601875300000E+038
   19.9500000000000       5.502893658900001E+038
   20.0000000000000       4.974142262100001E+038
   20.0500000000000       4.496008809600000E+038
   20.1000000000000       4.063627491000000E+038
   20.1500000000000       3.672740722200000E+038
   20.2000000000000       3.319293661200000E+038
   20.2500000000000       2.999772111600000E+038
   20.3000000000000       2.710864619100000E+038
   20.3500000000000       2.449665213600000E+038
   20.4000000000000       2.213605828500000E+038
   20.4500000000000       2.000185977900000E+038
   20.5000000000000       1.807243079400000E+038
   20.5500000000000       1.632884873400000E+038
   20.6000000000000       1.475286681000000E+038
   20.6500000000000       1.332826565400000E+038
   20.7000000000000       1.204085331900000E+038
   20.7500000000000       1.087778947200000E+038
   20.8000000000000       9.826233780000001E+037
   20.8500000000000       8.876049138000001E+037
   20.9000000000000       8.017774248000001E+037
   20.9500000000000       7.241947812000001E+037
   21.0000000000000       6.540798049500000E+037
   21.0500000000000       5.907499309800000E+037
   21.1000000000000       5.335293522900001E+037
   21.1500000000000       4.818368748600000E+037
   21.2000000000000       4.351386111600000E+037
   21.2500000000000       3.929547382200000E+037
   21.3000000000000       3.548392234200001E+037
   21.3500000000000       3.204136148400000E+037
   21.4000000000000       2.893197347700000E+037
   21.4500000000000       2.612331958500000E+037
   21.5000000000000       2.358634010700000E+037
   21.5500000000000       2.129535437700000E+037
   21.6000000000000       1.922603334300000E+037
   21.6500000000000       1.735742698800000E+037
   21.7000000000000       1.566926110200000E+037
   21.7500000000000       1.414531631700000E+037
   21.8000000000000       1.276937326500000E+037
   21.8500000000000       1.152656419200000E+037
   21.9000000000000       1.040472457200000E+037
   21.9500000000000       9.391014072000001E+036
   22.0000000000000       8.476647201000002E+036
   22.0500000000000       7.650135240000001E+036
   22.1000000000000       6.904720119000001E+036
   22.1500000000000       6.231548766300001E+036
   22.2000000000000       5.623863111900000E+036
   22.2500000000000       5.075242989300000E+036
   22.3000000000000       4.580011619700000E+036
   22.3500000000000       4.132897708500000E+036
   22.4000000000000       3.729373348800000E+036
   22.4500000000000       3.365180956500000E+036
   22.5000000000000       3.036400851000000E+036
   22.5500000000000       2.739721578000000E+036
   22.6000000000000       2.471899263900000E+036
   22.6500000000000       2.230230680700000E+036
   22.7000000000000       2.012080181100000E+036
   22.7500000000000       1.815285182700000E+036
   22.8000000000000       1.637615522400000E+036
   22.8500000000000       1.477314102000000E+036
   22.9000000000000       1.332691404000000E+036
   22.9500000000000       1.202193072300000E+036
   23.0000000000000       1.084399912200000E+036
   23.0500000000000       9.781630518000000E+035
   23.1000000000000       8.822660385000001E+035
   23.1500000000000       7.957627425000000E+035
   23.2000000000000       7.177746147000000E+035
   23.2500000000000       6.473487672300001E+035
   23.3000000000000       5.838296673000001E+035
   23.3500000000000       5.265347498400001E+035
   23.4000000000000       4.748490304800001E+035
   23.4500000000000       4.282251055500000E+035
   23.5000000000000       3.861628778700000E+035
   23.5500000000000       3.482365890300001E+035
   23.6000000000000       3.140137225500000E+035
   23.6500000000000       2.831496168600000E+035
   23.7000000000000       2.553131265300000E+035
   23.7500000000000       2.302068964800000E+035
   23.8000000000000       2.075673619800000E+035
   23.8500000000000       1.871444744400000E+035
   23.9000000000000       1.687287336900000E+035
   23.9500000000000       1.521241557000000E+035
   24.0000000000000       1.371415145100000E+035
   24.0500000000000       1.236388906500000E+035
   24.1000000000000       1.114608485100000E+035
   24.1500000000000       1.004789847600000E+035
   24.2000000000000       9.057841221000000E+034
   24.2500000000000       8.165100174000000E+034
   24.3000000000000       7.360214037000000E+034
   24.3500000000000       6.634194576900001E+034
   24.4000000000000       5.979878239500000E+034
   24.4500000000000       5.389898728500001E+034
   24.5000000000000       4.858038619500000E+034
   24.5500000000000       4.378553553000000E+034
   24.6000000000000       3.946307395800001E+034
   24.6500000000000       3.556637079600000E+034
   24.7000000000000       3.205352601000001E+034
   24.7500000000000       2.888737021500000E+034
   24.8000000000000       2.603276144700000E+034
   24.8500000000000       2.345996419800000E+034
   24.9000000000000       2.114059457400000E+034
   24.9500000000000       1.905032352300000E+034
   25.0000000000000       1.716684941400000E+034
