  0.000000000000000E+000  0.000000000000000E+000
  5.000000000000000E-002  1.068614030411895E+049
  0.100000000000000       4.296204076661693E+049
  0.150000000000000       9.876228140313169E+049
  0.200000000000000       1.771464576773142E+050
  0.250000000000000       2.890590415073331E+050
  0.300000000000000       4.342353477537818E+050
  0.350000000000000       6.138823826001291E+050
  0.400000000000000       8.276974133440021E+050
  0.450000000000000       1.076055967482476E+051
  0.500000000000000       1.353533803910173E+051
  0.550000000000000       1.663838966594313E+051
  0.600000000000000       1.998928293339295E+051
  0.650000000000000       2.357135805463697E+051
  0.700000000000000       2.737007469258827E+051
  0.750000000000000       3.136261346689624E+051
  0.800000000000000       3.549521002229000E+051
  0.850000000000000       3.973768672708470E+051
  0.900000000000000       4.407484684219123E+051
  0.950000000000000       4.846853933154179E+051
   1.00000000000000       5.290135417039929E+051
   1.05000000000000       5.735538318940317E+051
   1.10000000000000       6.180592053228124E+051
   1.15000000000000       6.624005999530890E+051
   1.20000000000000       7.064028218676554E+051
   1.25000000000000       7.498367208137073E+051
   1.30000000000000       7.925599310265289E+051
   1.35000000000000       8.344463091019559E+051
   1.40000000000000       8.752778609565247E+051
   1.45000000000000       9.149101609855509E+051
   1.50000000000000       9.532536676467138E+051
   1.55000000000000       9.902433656254012E+051
   1.60000000000000       1.025534186421036E+052
   1.65000000000000       1.059131892945462E+052
   1.70000000000000       1.090996007696871E+052
   1.75000000000000       1.121093544815144E+052
   1.80000000000000       1.149238260678820E+052
   1.85000000000000       1.175532257135269E+052
   1.90000000000000       1.199765442940234E+052
   1.95000000000000       1.222026977858495E+052
   2.00000000000000       1.242161841756906E+052
   2.05000000000000       1.260331945970044E+052
   2.10000000000000       1.276382368817066E+052
   2.15000000000000       1.290429921210698E+052
   2.20000000000000       1.302411543265837E+052
   2.25000000000000       1.312411689063619E+052
   2.30000000000000       1.320442077497633E+052
   2.35000000000000       1.326589459124923E+052
   2.40000000000000       1.330796304960339E+052
   2.45000000000000       1.333238032349393E+052
   2.50000000000000       1.333819152556625E+052
   2.55000000000000       1.332773851245513E+052
   2.60000000000000       1.330062328185826E+052
   2.65000000000000       1.325854373901366E+052
   2.70000000000000       1.320141419917709E+052
   2.75000000000000       1.313030353592494E+052
   2.80000000000000       1.304604185974050E+052
   2.85000000000000       1.294888533677414E+052
   2.90000000000000       1.284000303392578E+052
   2.95000000000000       1.271981378237836E+052
   3.00000000000000       1.258999416877581E+052
   3.05000000000000       1.245090884269642E+052
   3.10000000000000       1.230297777599169E+052
   3.15000000000000       1.214735546891047E+052
   3.20000000000000       1.198453555335721E+052
   3.25000000000000       1.181589722904632E+052
   3.30000000000000       1.164184227664965E+052
   3.35000000000000       1.146283684593613E+052
   3.40000000000000       1.127910260417630E+052
   3.45000000000000       1.109149834850886E+052
   3.50000000000000       1.090116509076712E+052
   3.55000000000000       1.070782434804995E+052
   3.60000000000000       1.051291789439738E+052
   3.65000000000000       1.031620480671243E+052
   3.70000000000000       1.011859877432525E+052
   3.75000000000000       9.920438296108168E+051
   3.80000000000000       9.721890286314764E+051
   3.85000000000000       9.523023819534643E+051
   3.90000000000000       9.324164867258456E+051
   3.95000000000000       9.126507296076570E+051
   4.00000000000000       8.929931197987729E+051
   4.05000000000000       8.733970694656958E+051
   4.10000000000000       8.539188424880357E+051
   4.15000000000000       8.345674113532631E+051
   4.20000000000000       8.154186487376255E+051
   4.25000000000000       7.965155294031817E+051
   4.30000000000000       7.777697531559356E+051
   4.35000000000000       7.592441021852449E+051
   4.40000000000000       7.409034645285696E+051
   4.45000000000000       7.227739171280975E+051
   4.50000000000000       7.050038487347265E+051
   4.55000000000000       6.874886280658961E+051
   4.60000000000000       6.702301063873425E+051
   4.65000000000000       6.532362218225568E+051
   4.70000000000000       6.365024128318407E+051
   4.75000000000000       6.199936600033647E+051
   4.80000000000000       6.037640573175446E+051
   4.85000000000000       5.877842271445971E+051
   4.90000000000000       5.720658935187744E+051
   4.95000000000000       5.566103717903723E+051
   5.00000000000000       5.414287275786961E+051
   5.05000000000000       5.265472593620966E+051
   5.10000000000000       5.118959872146927E+051
   5.15000000000000       4.975284762952137E+051
   5.20000000000000       4.834428373132018E+051
   5.25000000000000       4.696753047907396E+051
   5.30000000000000       4.561903683114149E+051
   5.35000000000000       4.429413180695464E+051
   5.40000000000000       4.299354911535580E+051
   5.45000000000000       4.172018293932704E+051
   5.50000000000000       4.047105620915127E+051
   5.55000000000000       3.924478390565172E+051
   5.60000000000000       3.804889634009915E+051
   5.65000000000000       3.687546458999104E+051
   5.70000000000000       3.572316382650573E+051
   5.75000000000000       3.459319784056951E+051
   5.80000000000000       3.349214589167746E+051
   5.85000000000000       3.242000648007592E+051
   5.90000000000000       3.137116455100578E+051
   5.95000000000000       3.034663245380389E+051
   6.00000000000000       2.934520188130802E+051
   6.05000000000000       2.836740620686184E+051
   6.10000000000000       2.741332481246134E+051
   6.15000000000000       2.648210840301404E+051
   6.20000000000000       2.557478038836066E+051
   6.25000000000000       2.468903580806473E+051
   6.30000000000000       2.382426306354770E+051
   6.35000000000000       2.298045483191797E+051
   6.40000000000000       2.215833305905659E+051
   6.45000000000000       2.136053337564797E+051
   6.50000000000000       2.058542432557927E+051
   6.55000000000000       1.983199398475244E+051
   6.60000000000000       1.909874827026836E+051
   6.65000000000000       1.838729545174925E+051
   6.70000000000000       1.769677488765609E+051
   6.75000000000000       1.702552225736500E+051
   6.80000000000000       1.637427798385689E+051
   6.85000000000000       1.574374433956296E+051
   6.90000000000000       1.513185093334096E+051
   6.95000000000000       1.453875355827602E+051
   7.00000000000000       1.396442862692270E+051
   7.05000000000000       1.340866252772088E+051
   7.10000000000000       1.287136857091963E+051
   7.15000000000000       1.235302456827450E+051
   7.20000000000000       1.185203038682743E+051
   7.25000000000000       1.136926681132884E+051
   7.30000000000000       1.090299179983112E+051
   7.35000000000000       1.045264906467732E+051
   7.40000000000000       1.001815666304899E+051
   7.45000000000000       9.600079564560989E+050
   7.50000000000000       9.196631358680458E+050
   7.55000000000000       8.808279885979990E+050
   7.60000000000000       8.434153750855238E+050
   7.65000000000000       8.074367494761085E+050
   7.70000000000000       7.728685708948533E+050
   7.75000000000000       7.396794689859944E+050
   7.80000000000000       7.080206756211596E+050
   7.85000000000000       6.775031618853481E+050
   7.90000000000000       6.481742800763870E+050
   7.95000000000000       6.200285821014215E+050
   8.00000000000000       5.929843232542663E+050
   8.05000000000000       5.670212041780130E+050
   8.10000000000000       5.421615106894794E+050
   8.15000000000000       5.182833320250166E+050
   8.20000000000000       4.953979008483008E+050
   8.25000000000000       4.734320218466044E+050
   8.30000000000000       4.523838604603834E+050
   8.35000000000000       4.322871299655186E+050
   8.40000000000000       4.131336446847205E+050
   8.45000000000000       3.947694074831673E+050
   8.50000000000000       3.771805120940056E+050
   8.55000000000000       3.603325295265676E+050
   8.60000000000000       3.441830213647267E+050
   8.65000000000000       3.287339616241014E+050
   8.70000000000000       3.139466475221862E+050
   8.75000000000000       2.997866689317950E+050
   8.80000000000000       2.862243852278220E+050
   8.85000000000000       2.732283493875825E+050
   8.90000000000000       2.608136360702611E+050
   8.95000000000000       2.489376177435901E+050
   9.00000000000000       2.375811751917774E+050
   9.05000000000000       2.267705361568721E+050
   9.10000000000000       2.164329339103915E+050
   9.15000000000000       2.065417006304585E+050
   9.20000000000000       1.970756540754167E+050
   9.25000000000000       1.880172829547257E+050
   9.30000000000000       1.793679626235452E+050
   9.35000000000000       1.710879577923870E+050
   9.40000000000000       1.631625296560118E+050
   9.45000000000000       1.555876163160677E+050
   9.50000000000000       1.483417954257533E+050
   9.55000000000000       1.414137372869957E+050
   9.60000000000000       1.347974299570551E+050
   9.65000000000000       1.284785254971772E+050
   9.70000000000000       1.224546807118623E+050
   9.75000000000000       1.167112517079152E+050
   9.80000000000000       1.112223125874165E+050
   9.85000000000000       1.059798783024305E+050
   9.90000000000000       1.009719362680015E+050
   9.95000000000000       9.618843053394581E+049
   10.0000000000000       9.161770522611574E+049
   10.0500000000000       8.724642783963590E+049
   10.1000000000000       8.307709989400406E+049
   10.1500000000000       7.909174753262499E+049
   10.2000000000000       7.528294982602100E+049
   10.2500000000000       7.165646490299900E+049
   10.3000000000000       6.819987791600886E+049
   10.3500000000000       6.489846136002858E+049
   10.4000000000000       6.175557459413615E+049
   10.4500000000000       5.876291400143652E+049
   10.5000000000000       5.590751932414725E+049
   10.5500000000000       5.318582555223630E+049
   10.6000000000000       5.058773638667039E+049
   10.6500000000000       4.811040463459219E+049
   10.7000000000000       4.574504119348944E+049
   10.7500000000000       4.349026362435891E+049
   10.8000000000000       4.134192291590488E+049
   10.8500000000000       3.929266944178147E+049
   10.9000000000000       3.734020268650192E+049
   10.9500000000000       3.548304805297362E+049
   11.0000000000000       3.371419360888218E+049
   11.0500000000000       3.202861811051724E+049
   11.1000000000000       3.042748060601266E+049
   11.1500000000000       2.890536446022344E+049
   11.2000000000000       2.745485236323950E+049
   11.2500000000000       2.607319978632283E+049
   11.3000000000000       2.475794369941605E+049
   11.3500000000000       2.350476198960541E+049
   11.4000000000000       2.231123404900541E+049
   11.4500000000000       2.117644560443935E+049
   11.5000000000000       2.009590522107385E+049
   11.5500000000000       1.906801285267792E+049
   11.6000000000000       1.809161154291813E+049
   11.6500000000000       1.716349001714305E+049
   11.7000000000000       1.628042554393335E+049
   11.7500000000000       1.544148925548539E+049
   11.8000000000000       1.464554050344730E+049
   11.8500000000000       1.388955957738951E+049
   11.9000000000000       1.317047800308046E+049
   11.9500000000000       1.248709985559802E+049
   12.0000000000000       1.183741266816542E+049
   12.0500000000000       1.121970162906834E+049
   12.1000000000000       1.063352561006196E+049
   12.1500000000000       1.007657646209608E+049
   12.2000000000000       9.546133149777260E+048
   12.2500000000000       9.044188470525230E+048
   12.3000000000000       8.567891911591816E+048
   12.3500000000000       8.115790738196964E+048
   12.4000000000000       7.686548828967131E+048
   12.4500000000000       7.279719301416438E+048
   12.5000000000000       6.894173956266815E+048
   12.5500000000000       6.528503318857761E+048
   12.6000000000000       6.181560813809302E+048
   12.6500000000000       5.852500156152951E+048
   12.7000000000000       5.539891891471725E+048
   12.7500000000000       5.243754021657880E+048
   12.8000000000000       4.963084036207684E+048
   12.8500000000000       4.696793466517481E+048
   12.9000000000000       4.444541599617075E+048
   12.9500000000000       4.205541697265476E+048
   13.0000000000000       3.978503873789878E+048
   13.0500000000000       3.763943559044836E+048
   13.1000000000000       3.560519736255598E+048
   13.1500000000000       3.368108572286087E+048
   13.2000000000000       3.186055241735807E+048
   13.2500000000000       3.013745504019259E+048
   13.3000000000000       2.850398189132400E+048
   13.3500000000000       2.695682883822046E+048
   13.4000000000000       2.549055277474566E+048
   13.4500000000000       2.410354424637437E+048
   13.5000000000000       2.279033375251376E+048
   13.5500000000000       2.152937092450599E+048
   13.6000000000000       2.035339854388106E+048
   13.6500000000000       1.924126577991031E+048
   13.7000000000000       1.818804579379115E+048
   13.7500000000000       1.719108742959930E+048
   13.8000000000000       1.624809763042573E+048
   13.8500000000000       1.534682026619820E+048
   13.9000000000000       1.450539457904566E+048
   13.9500000000000       1.370820459842632E+048
   14.0000000000000       1.295469965116084E+048
   14.0500000000000       1.224094039241990E+048
   14.1000000000000       1.156568748642081E+048
   14.1500000000000       1.092656421933418E+048
   14.2000000000000       1.032250947506687E+048
   14.2500000000000       9.751104669169012E+047
   14.3000000000000       9.210114933038778E+047
   14.3500000000000       8.700454347774882E+047
   14.4000000000000       8.218354932164573E+047
   14.4500000000000       7.762133392486601E+047
   14.5000000000000       7.331126023705860E+047
   14.5500000000000       6.924491388115409E+047
   14.6000000000000       6.540379446709454E+047
   14.6500000000000       6.177138880002157E+047
   14.7000000000000       5.833482383856669E+047
   14.7500000000000       5.508876073040656E+047
   14.8000000000000       5.200843779123042E+047
   14.8500000000000       4.911072709551404E+047
   14.9000000000000       4.637048223555675E+047
   14.9500000000000       4.378067948467760E+047
   15.0000000000000       4.133370822146164E+047
   15.0500000000000       3.901080676945574E+047
   15.1000000000000       3.682559203204654E+047
   15.1500000000000       3.476274603014817E+047
   15.2000000000000       3.279752671989219E+047
   15.2500000000000       3.095985738203082E+047
   15.3000000000000       2.922579887342666E+047
   15.3500000000000       2.758697500129217E+047
   15.4000000000000       2.603917301680383E+047
   15.4500000000000       2.457697515662226E+047
   15.5000000000000       2.319587787569394E+047
   15.5500000000000       2.189082491486656E+047
   15.6000000000000       2.065807099660792E+047
   15.6500000000000       1.949377577143118E+047
   15.7000000000000       1.839467164704452E+047
   15.7500000000000       1.735640313533420E+047
   15.8000000000000       1.637569333922198E+047
   15.8500000000000       1.544942628046740E+047
   15.9000000000000       1.457560827974834E+047
   15.9500000000000       1.375152724099693E+047
   16.0000000000000       1.297329857457008E+047
   16.0500000000000       1.223859215939183E+047
   16.1000000000000       1.153664483638985E+047
   16.1500000000000       1.088221988148446E+047
   16.2000000000000       1.026406384545022E+047
   16.2500000000000       9.680772484572273E+046
   16.3000000000000       9.129911874771055E+046
   16.3500000000000       8.598629629621575E+046
   16.4000000000000       8.108513628200993E+046
   16.4500000000000       7.645635115684258E+046
   16.5000000000000       7.208645276788562E+046
   16.5500000000000       6.789810845485632E+046
   16.6000000000000       6.401362141484287E+046
   16.6500000000000       6.035164195044527E+046
   16.7000000000000       5.689385243348265E+046
   16.7500000000000       5.363168687410317E+046
   16.8000000000000       5.055531726698818E+046
   16.8500000000000       4.764953360570755E+046
   16.9000000000000       4.490988988239921E+046
   16.9500000000000       4.232398408732893E+046
   17.0000000000000       3.988503020827457E+046
   17.0500000000000       3.758343422964556E+046
   17.1000000000000       3.541264413119464E+046
   17.1500000000000       3.336329988607996E+046
   17.2000000000000       3.143133230788014E+046
   17.2500000000000       2.960972922927579E+046
   17.3000000000000       2.785912789405867E+046
   17.3500000000000       2.624194650113525E+046
   17.4000000000000       2.471727709519261E+046
   17.4500000000000       2.328012367998335E+046
   17.5000000000000       2.192487025427910E+046
   17.5500000000000       2.064777281657902E+046
   17.6000000000000       1.944321536502625E+046
   17.6500000000000       1.830838989729093E+046
   17.7000000000000       1.723838241040330E+046
   17.7500000000000       1.623038490050946E+046
   17.8000000000000       1.528018536250475E+046
   17.8500000000000       1.438474178946577E+046
   17.9000000000000       1.354111880832192E+046
   17.9500000000000       1.274191278007991E+046
   18.0000000000000       1.199375453661928E+046
   18.0500000000000       1.128865229263142E+046
   18.1000000000000       1.062450004808638E+046
   18.1500000000000       9.999191802950537E+045
   18.2000000000000       9.409966357185823E+045
   18.2500000000000       8.854928310748753E+045
   18.3000000000000       8.332509863589203E+045
   18.3500000000000       7.840113615648683E+045
   18.4000000000000       7.376826966858031E+045
   18.4500000000000       6.940590717134142E+045
   18.5000000000000       6.529837066375253E+045
   18.5500000000000       6.142444148229107E+045
   18.6000000000000       5.778325800000000E+045
   18.6500000000000       5.435609400000000E+045
   18.7000000000000       5.113017000000000E+045
   18.7500000000000       4.809308400000000E+045
   18.8000000000000       4.523781600000000E+045
   18.8500000000000       4.254728400000000E+045
   18.9000000000000       4.001470200000000E+045
   18.9500000000000       3.763281600000000E+045
   19.0000000000000       3.539039400000000E+045
   19.0500000000000       3.328041600000000E+045
   19.1000000000000       3.129656400000000E+045
   19.1500000000000       2.942807400000000E+045
   19.2000000000000       2.767050000000000E+045
   19.2500000000000       2.601729000000000E+045
   19.3000000000000       2.446189200000000E+045
   19.3500000000000       2.299869000000000E+045
   19.4000000000000       2.162183400000000E+045
   19.4500000000000       2.032734600000000E+045
   19.5000000000000       1.910937600000000E+045
   19.5500000000000       1.796371200000000E+045
   19.6000000000000       1.688614200000000E+045
   19.6500000000000       1.587292200000000E+045
   19.7000000000000       1.491984000000000E+045
   19.7500000000000       1.402338600000000E+045
   19.8000000000000       1.318075200000000E+045
   19.8500000000000       1.238796000000000E+045
   19.9000000000000       1.164267000000000E+045
   19.9500000000000       1.094184000000000E+045
   20.0000000000000       1.028298960000000E+045
   20.0500000000000       9.663568200000000E+044
   20.1000000000000       9.080884799999999E+044
   20.1500000000000       8.533254600000001E+044
   20.2000000000000       8.018548200000000E+044
   20.2500000000000       7.534449000000000E+044
   20.3000000000000       7.079342400000000E+044
   20.3500000000000       6.651637200000000E+044
   20.4000000000000       6.249531600000001E+044
   20.4500000000000       5.871785400000000E+044
   20.5000000000000       5.516573400000000E+044
   20.5500000000000       5.182725600000000E+044
   20.6000000000000       4.868931600000001E+044
   20.6500000000000       4.574021400000000E+044
   20.7000000000000       4.296778200000000E+044
   20.7500000000000       4.036242600000000E+044
   20.8000000000000       3.791502000000000E+044
   20.8500000000000       3.561363000000000E+044
   20.9000000000000       3.345193800000000E+044
   20.9500000000000       3.142081800000000E+044
   21.0000000000000       2.951231400000000E+044
   21.0500000000000       2.771847000000000E+044
   21.1000000000000       2.603320200000000E+044
   21.1500000000000       2.444995800000000E+044
   21.2000000000000       2.296195200000000E+044
   21.2500000000000       2.156450400000000E+044
   21.3000000000000       2.025129600000000E+044
   21.3500000000000       1.901764800000000E+044
   21.4000000000000       1.785888000000000E+044
   21.4500000000000       1.677007800000000E+044
   21.5000000000000       1.574726400000000E+044
   21.5500000000000       1.478646000000000E+044
   21.6000000000000       1.388415600000000E+044
   21.6500000000000       1.303637400000000E+044
   21.7000000000000       1.224030600000000E+044
   21.7500000000000       1.149244200000000E+044
   21.8000000000000       1.078997400000000E+044
   21.8500000000000       1.013032800000000E+044
   21.9000000000000       9.510555599999999E+043
   21.9500000000000       8.928738000000000E+043
   22.0000000000000       8.381997000000000E+043
   22.0500000000000       7.868952000000000E+043
   22.1000000000000       7.387029000000000E+043
   22.1500000000000       6.934379400000000E+043
   22.2000000000000       6.509412000000000E+043
   22.2500000000000       6.110161200000000E+043
   22.3000000000000       5.735503800000000E+043
   22.3500000000000       5.383521000000000E+043
   22.4000000000000       5.053183200000000E+043
   22.4500000000000       4.742758800000001E+043
   22.5000000000000       4.451545800000000E+043
   22.5500000000000       4.178116800000000E+043
   22.6000000000000       3.921255000000000E+043
   22.6500000000000       3.680281800000000E+043
   22.7000000000000       3.453793200000000E+043
   22.7500000000000       3.241391400000000E+043
   22.8000000000000       3.041953200000000E+043
   22.8500000000000       2.854659600000000E+043
   22.9000000000000       2.678878800000000E+043
   22.9500000000000       2.513838600000000E+043
   23.0000000000000       2.358930600000000E+043
   23.0500000000000       2.213546400000000E+043
   23.1000000000000       2.077077600000000E+043
   23.1500000000000       1.948939200000000E+043
   23.2000000000000       1.828733400000000E+043
   23.2500000000000       1.715851800000000E+043
   23.3000000000000       1.609920000000000E+043
   23.3500000000000       1.510493400000000E+043
   23.4000000000000       1.417174200000000E+043
   23.4500000000000       1.329611400000000E+043
   23.5000000000000       1.247430600000000E+043
   23.5500000000000       1.170327600000000E+043
   23.6000000000000       1.097928000000000E+043
   23.6500000000000       1.030004820000000E+043
   23.7000000000000       9.662749200000001E+042
   23.7500000000000       9.064645200000000E+042
   23.8000000000000       8.503396200000000E+042
   23.8500000000000       7.976568600000000E+042
   23.9000000000000       7.482313800000000E+042
   23.9500000000000       7.018549200000001E+042
   24.0000000000000       6.583449600000000E+042
   24.0500000000000       6.175260000000000E+042
   24.1000000000000       5.792202000000000E+042
   24.1500000000000       5.432754600000000E+042
   24.2000000000000       5.095654200000000E+042
   24.2500000000000       4.779450000000000E+042
   24.3000000000000       4.482433800000000E+042
   24.3500000000000       4.204137600000000E+042
   24.4000000000000       3.942900000000000E+042
   24.4500000000000       3.697785000000000E+042
   24.5000000000000       3.467880000000000E+042
   24.5500000000000       3.252272400000000E+042
   24.6000000000000       3.050049600000000E+042
   24.6500000000000       2.860205400000000E+042
   24.7000000000000       2.682178200000000E+042
   24.7500000000000       2.515219200000000E+042
   24.8000000000000       2.358603000000000E+042
   24.8500000000000       2.211697800000000E+042
   24.9000000000000       2.073895200000000E+042
   24.9500000000000       1.944657000000000E+042
   25.0000000000000       1.823445000000000E+042
