  0.000000000000000E+000  0.000000000000000E+000
  5.000000000000000E-002  2.656666559396695E+048
  0.100000000000000       1.088048424775950E+049
  0.150000000000000       2.538894877735809E+049
  0.200000000000000       4.857535662499378E+049
  0.250000000000000       8.244500659926412E+049
  0.300000000000000       1.300127162122550E+050
  0.350000000000000       1.912706275126096E+050
  0.400000000000000       2.668011012456456E+050
  0.450000000000000       3.555810336841022E+050
  0.500000000000000       4.546080891156842E+050
  0.550000000000000       5.617993942427377E+050
  0.600000000000000       6.767485626634694E+050
  0.650000000000000       7.976724104256983E+050
  0.700000000000000       9.208613537186078E+050
  0.750000000000000       1.045081764550934E+051
  0.800000000000000       1.169339240431227E+051
  0.850000000000000       1.292430231980993E+051
  0.900000000000000       1.413359035501696E+051
  0.950000000000000       1.530959636680633E+051
   1.00000000000000       1.644550954702473E+051
   1.05000000000000       1.753847270282625E+051
   1.10000000000000       1.858467406488655E+051
   1.15000000000000       1.957498403078167E+051
   1.20000000000000       2.050760456869819E+051
   1.25000000000000       2.137617336801459E+051
   1.30000000000000       2.217806251462344E+051
   1.35000000000000       2.290823937496564E+051
   1.40000000000000       2.356584688505825E+051
   1.45000000000000       2.415575040749849E+051
   1.50000000000000       2.467954753370431E+051
   1.55000000000000       2.513251985263751E+051
   1.60000000000000       2.551454636683074E+051
   1.65000000000000       2.582994395029842E+051
   1.70000000000000       2.607941368576569E+051
   1.75000000000000       2.626534631893959E+051
   1.80000000000000       2.638911940293171E+051
   1.85000000000000       2.645519517159643E+051
   1.90000000000000       2.646414964871246E+051
   1.95000000000000       2.641751172780813E+051
   2.00000000000000       2.631948907154661E+051
   2.05000000000000       2.617041185218979E+051
   2.10000000000000       2.597746564079330E+051
   2.15000000000000       2.574001092515919E+051
   2.20000000000000       2.546257315121618E+051
   2.25000000000000       2.514913596126838E+051
   2.30000000000000       2.480290765877156E+051
   2.35000000000000       2.442481831711997E+051
   2.40000000000000       2.402001780418603E+051
   2.45000000000000       2.359214136707254E+051
   2.50000000000000       2.313865036980517E+051
   2.55000000000000       2.266431858300613E+051
   2.60000000000000       2.217321951934634E+051
   2.65000000000000       2.166852220147244E+051
   2.70000000000000       2.115166150513875E+051
   2.75000000000000       2.062404480668335E+051
   2.80000000000000       2.009126033014100E+051
   2.85000000000000       1.955372213186336E+051
   2.90000000000000       1.901477084249892E+051
   2.95000000000000       1.847418348512020E+051
   3.00000000000000       1.793184533833673E+051
   3.05000000000000       1.739098183599627E+051
   3.10000000000000       1.685141496393841E+051
   3.15000000000000       1.632103865779019E+051
   3.20000000000000       1.579554817038816E+051
   3.25000000000000       1.527432240467938E+051
   3.30000000000000       1.476066615443381E+051
   3.35000000000000       1.425930462195802E+051
   3.40000000000000       1.376373226573323E+051
   3.45000000000000       1.327619770156046E+051
   3.50000000000000       1.279613046628972E+051
   3.55000000000000       1.232720116945526E+051
   3.60000000000000       1.186992975623974E+051
   3.65000000000000       1.142074867131870E+051
   3.70000000000000       1.098296436951027E+051
   3.75000000000000       1.055419531624162E+051
   3.80000000000000       1.013985380316394E+051
   3.85000000000000       9.738950286773159E+050
   3.90000000000000       9.348400356154195E+050
   3.95000000000000       8.969825309739964E+050
   4.00000000000000       8.601124249918147E+050
   4.05000000000000       8.244313243518813E+050
   4.10000000000000       7.897372712707073E+050
   4.15000000000000       7.558894724265293E+050
   4.20000000000000       7.231043368401585E+050
   4.25000000000000       6.916102209968745E+050
   4.30000000000000       6.610320671069811E+050
   4.35000000000000       6.313629829988622E+050
   4.40000000000000       6.030253936980875E+050
   4.45000000000000       5.760666041939750E+050
   4.50000000000000       5.500136197579796E+050
   4.55000000000000       5.248894270317397E+050
   4.60000000000000       5.006307019279968E+050
   4.65000000000000       4.772479250150575E+050
   4.70000000000000       4.545945862057077E+050
   4.75000000000000       4.330063437841307E+050
   4.80000000000000       4.120645737536093E+050
   4.85000000000000       3.918727346233678E+050
   4.90000000000000       3.725548220696490E+050
   4.95000000000000       3.543334277826505E+050
   5.00000000000000       3.368889322858015E+050
   5.05000000000000       3.202450679275017E+050
   5.10000000000000       3.042755030984194E+050
   5.15000000000000       2.890079430973648E+050
   5.20000000000000       2.744007749480820E+050
   5.25000000000000       2.604143364792494E+050
   5.30000000000000       2.470248270492555E+050
   5.35000000000000       2.341409668705164E+050
   5.40000000000000       2.218395769453107E+050
   5.45000000000000       2.101475737599491E+050
   5.50000000000000       1.990832872791154E+050
   5.55000000000000       1.885956705162741E+050
   5.60000000000000       1.785880960314994E+050
   5.65000000000000       1.691358734723887E+050
   5.70000000000000       1.600653661829892E+050
   5.75000000000000       1.514116366273934E+050
   5.80000000000000       1.432262325726327E+050
   5.85000000000000       1.354172114445615E+050
   5.90000000000000       1.279822407345471E+050
   5.95000000000000       1.208829982586617E+050
   6.00000000000000       1.141695443141039E+050
   6.05000000000000       1.078462983509938E+050
   6.10000000000000       1.018595565096609E+050
   6.15000000000000       9.622411733788619E+049
   6.20000000000000       9.085384097646807E+049
   6.25000000000000       8.571979248905828E+049
   6.30000000000000       8.088487317107553E+049
   6.35000000000000       7.627935271686874E+049
   6.40000000000000       7.191711697302652E+049
   6.45000000000000       6.780243900690412E+049
   6.50000000000000       6.388299391979131E+049
   6.55000000000000       6.022106556608312E+049
   6.60000000000000       5.676324823622636E+049
   6.65000000000000       5.352234632115845E+049
   6.70000000000000       5.044716693160401E+049
   6.75000000000000       4.752294722579508E+049
   6.80000000000000       4.474087105234977E+049
   6.85000000000000       4.212450967765286E+049
   6.90000000000000       3.964693665965148E+049
   6.95000000000000       3.728407959803582E+049
   7.00000000000000       3.507814855646225E+049
   7.05000000000000       3.300902827769097E+049
   7.10000000000000       3.107445319871133E+049
   7.15000000000000       2.925544094539520E+049
   7.20000000000000       2.753796945269661E+049
   7.25000000000000       2.591046986139725E+049
   7.30000000000000       2.436442616997486E+049
   7.35000000000000       2.291209438065410E+049
   7.40000000000000       2.153407497281411E+049
   7.45000000000000       2.023329830043553E+049
   7.50000000000000       1.900067835901136E+049
   7.55000000000000       1.784843635036976E+049
   7.60000000000000       1.677261877513489E+049
   7.65000000000000       1.577571428266424E+049
   7.70000000000000       1.483218097514697E+049
   7.75000000000000       1.394207170402521E+049
   7.80000000000000       1.310064888636508E+049
   7.85000000000000       1.230694857250281E+049
   7.90000000000000       1.155954153799104E+049
   7.95000000000000       1.084797377972955E+049
   8.00000000000000       1.018054348423205E+049
   8.05000000000000       9.551502754394194E+048
   8.10000000000000       8.955211467423001E+048
   8.15000000000000       8.403027119879519E+048
   8.20000000000000       7.893715459191861E+048
   8.25000000000000       7.412052677122263E+048
   8.30000000000000       6.957827308684534E+048
   8.35000000000000       6.529834870386876E+048
   8.40000000000000       6.127895539448508E+048
   8.45000000000000       5.748443695781359E+048
   8.50000000000000       5.388658527924685E+048
   8.55000000000000       5.049677968241191E+048
   8.60000000000000       4.731384536153071E+048
   8.65000000000000       4.429975761129369E+048
   8.70000000000000       4.150385146544706E+048
   8.75000000000000       3.891401020091014E+048
   8.80000000000000       3.649450743537881E+048
   8.85000000000000       3.421768844976084E+048
   8.90000000000000       3.208231989508142E+048
   8.95000000000000       3.006889795804151E+048
   9.00000000000000       2.817483694166401E+048
   9.05000000000000       2.638085554016031E+048
   9.10000000000000       2.468760651987351E+048
   9.15000000000000       2.310380792360495E+048
   9.20000000000000       2.161187227178619E+048
   9.25000000000000       2.021805821761551E+048
   9.30000000000000       1.892388905685382E+048
   9.35000000000000       1.772711056289565E+048
   9.40000000000000       1.660715230859499E+048
   9.45000000000000       1.555839757829042E+048
   9.50000000000000       1.456861965179715E+048
   9.55000000000000       1.363885564733235E+048
   9.60000000000000       1.275890946559462E+048
   9.65000000000000       1.193149181808582E+048
   9.70000000000000       1.115609661969539E+048
   9.75000000000000       1.042915725853792E+048
   9.80000000000000       9.749398885336528E+047
   9.85000000000000       9.115745586712233E+047
   9.90000000000000       8.527060854552221E+047
   9.95000000000000       7.985316027629803E+047
   10.0000000000000       7.476349584895233E+047
   10.0500000000000       6.997041184867177E+047
   10.1000000000000       6.546293072599867E+047
   10.1500000000000       6.122086512659589E+047
   10.2000000000000       5.723710991688579E+047
   10.2500000000000       5.349831676825408E+047
   10.3000000000000       4.993691665871897E+047
   10.3500000000000       4.666719524493733E+047
   10.4000000000000       4.359190663740552E+047
   10.4500000000000       4.074055388524703E+047
   10.5000000000000       3.812617890867787E+047
   10.5500000000000       3.567858947028929E+047
   10.6000000000000       3.337526942460516E+047
   10.6500000000000       3.120999331107781E+047
   10.7000000000000       2.918233163886147E+047
   10.7500000000000       2.726122471110088E+047
   10.8000000000000       2.546399849474188E+047
   10.8500000000000       2.378785557233583E+047
   10.9000000000000       2.222027296891168E+047
   10.9500000000000       2.074329698472082E+047
   11.0000000000000       1.933847086203252E+047
   11.0500000000000       1.806495115928377E+047
   11.1000000000000       1.689392205486062E+047
   11.1500000000000       1.579339712463615E+047
   11.2000000000000       1.475760813021980E+047
   11.2500000000000       1.379062997453126E+047
   11.3000000000000       1.287920529312245E+047
   11.3500000000000       1.201882739831281E+047
   11.4000000000000       1.122162951627270E+047
   11.4500000000000       1.046493908793845E+047
   11.5000000000000       9.668126238683993E+046
   11.5500000000000       9.018129819452608E+046
   11.6000000000000       8.415421455236128E+046
   11.6500000000000       7.831020061468326E+046
   11.7000000000000       7.315841595760133E+046
   11.7500000000000       6.832511401600880E+046
   11.8000000000000       6.374713569438697E+046
   11.8500000000000       5.949995730188547E+046
   11.9000000000000       5.545263259381081E+046
   11.9500000000000       5.169501772761592E+046
   12.0000000000000       4.814013014760422E+046
   12.0500000000000       4.479843303085742E+046
   12.1000000000000       4.170645115293368E+046
   12.1500000000000       3.881412404510998E+046
   12.2000000000000       3.618508622887874E+046
   12.2500000000000       3.376900584426370E+046
   12.3000000000000       3.144054146199463E+046
   12.3500000000000       2.933532440720979E+046
   12.4000000000000       2.736057525940551E+046
   12.4500000000000       2.550760844522225E+046
   12.5000000000000       2.370762939305892E+046
   12.5500000000000       2.210118617882894E+046
   12.6000000000000       2.059411237983264E+046
   12.6500000000000       1.913185287742139E+046
   12.7000000000000       1.781348726213934E+046
   12.7500000000000       1.655386362649401E+046
   12.8000000000000       1.542554523081084E+046
   12.8500000000000       1.438271424884606E+046
   12.9000000000000       1.340949856383244E+046
   12.9500000000000       1.249830071368497E+046
   13.0000000000000       1.164508588355433E+046
   13.0500000000000       1.084560483288277E+046
   13.1000000000000       1.010412320014152E+046
   13.1500000000000       9.410358479444517E+045
   13.2000000000000       8.760666462504268E+045
   13.2500000000000       8.151972181861483E+045
   13.3000000000000       7.586406040568155E+045
   13.3500000000000       7.060433666030833E+045
   13.4000000000000       6.577052589294073E+045
   13.4500000000000       6.084999569369830E+045
   13.5000000000000       5.668293933575772E+045
   13.5500000000000       5.278744273233507E+045
   13.6000000000000       4.914381780517871E+045
   13.6500000000000       4.512829995409330E+045
   13.7000000000000       4.200575896974431E+045
   13.7500000000000       3.908631580716099E+045
   13.8000000000000       3.636037240133235E+045
   13.8500000000000       3.344544471212723E+045
   13.9000000000000       3.110713767756323E+045
   13.9500000000000       2.893901803763358E+045
   14.0000000000000       2.694347322907329E+045
   14.0500000000000       2.508313365273092E+045
   14.1000000000000       2.334798360250881E+045
   14.1500000000000       2.173030100069546E+045
   14.2000000000000       2.022142774894954E+045
   14.2500000000000       1.881457772071660E+045
   14.3000000000000       1.750202874998742E+045
   14.3500000000000       1.627793061414271E+045
   14.4000000000000       1.513596500687723E+045
   14.4500000000000       1.407076478559218E+045
   14.5000000000000       1.307975712431240E+045
   14.5500000000000       1.197363416133140E+045
   14.6000000000000       1.113759580885008E+045
   14.6500000000000       1.035921496265120E+045
   14.7000000000000       9.634443407550711E+044
   14.7500000000000       8.959607324344060E+044
   14.8000000000000       8.331524288330319E+044
   14.8500000000000       7.746801267125772E+044
   14.9000000000000       7.202349417330368E+044
   14.9500000000000       6.695547879273260E+044
   15.0000000000000       6.223612334592501E+044
   15.0500000000000       5.761300724592499E+044
   15.1000000000000       5.346385463830731E+044
   15.1500000000000       4.969821262060241E+044
   15.2000000000000       4.619816058923687E+044
   15.2500000000000       4.294123454326649E+044
   15.3000000000000       3.991339448160398E+044
   15.3500000000000       3.709732440298277E+044
   15.4000000000000       3.447664430590787E+044
   15.4500000000000       3.203965418858589E+044
   15.5000000000000       2.977465404882338E+044
   15.5500000000000       2.766900788387231E+044
   15.6000000000000       2.569483800000000E+044
   15.6500000000000       2.387548800000000E+044
   15.7000000000000       2.218437000000000E+044
   15.7500000000000       2.061235800000000E+044
   15.8000000000000       1.915079400000000E+044
   15.8500000000000       1.779195600000000E+044
   15.9000000000000       1.652929200000000E+044
   15.9500000000000       1.535554800000000E+044
   16.0000000000000       1.426464000000000E+044
   16.0500000000000       1.325067120000000E+044
   16.1000000000000       1.230835320000000E+044
   16.1500000000000       1.143249120000000E+044
   16.2000000000000       1.061877960000000E+044
   16.2500000000000       9.862491600000000E+043
   16.3000000000000       9.159696000000000E+043
   16.3500000000000       8.506648800000000E+043
   16.4000000000000       7.899769799999999E+043
   16.4500000000000       7.336110600000000E+043
   16.5000000000000       6.812161200000000E+043
   16.5500000000000       6.325534800000000E+043
   16.6000000000000       5.873470200000000E+043
   16.6500000000000       5.453440200000001E+043
   16.7000000000000       5.063175000000000E+043
   16.7500000000000       4.700709000000000E+043
   16.8000000000000       4.364053200000000E+043
   16.8500000000000       4.051288800000000E+043
   16.9000000000000       3.760918200000000E+043
   16.9500000000000       3.491046000000000E+043
   17.0000000000000       3.240525600000000E+043
   17.0500000000000       3.007672200000000E+043
   17.1000000000000       2.791620000000000E+043
   17.1500000000000       2.591011800000000E+043
   17.2000000000000       2.404677600000000E+043
   17.2500000000000       2.231658000000000E+043
   17.3000000000000       2.070993600000000E+043
   17.3500000000000       1.921842000000000E+043
   17.4000000000000       1.783360800000000E+043
   17.4500000000000       1.654777800000000E+043
   17.5000000000000       1.535461200000000E+043
   17.5500000000000       1.424666880000000E+043
   17.6000000000000       1.321793460000000E+043
   17.6500000000000       1.226349540000000E+043
   17.7000000000000       1.137731400000000E+043
   17.7500000000000       1.055482740000000E+043
   17.8000000000000       9.791355600000001E+042
   17.8500000000000       9.083107800000000E+042
   17.9000000000000       8.425521000000000E+042
   17.9500000000000       7.815342600000000E+042
   18.0000000000000       7.249273200000000E+042
   18.0500000000000       6.723732600000000E+042
   18.1000000000000       6.236380800000001E+042
   18.1500000000000       5.783941800000000E+042
   18.2000000000000       5.364169200000000E+042
   18.2500000000000       4.974769800000000E+042
   18.3000000000000       4.613520600000000E+042
   18.3500000000000       4.278245400000000E+042
   18.4000000000000       3.967470000000000E+042
   18.4500000000000       3.678784200000000E+042
   18.5000000000000       3.411205200000000E+042
   18.5500000000000       3.163141800000000E+042
   18.6000000000000       2.932675200000000E+042
   18.6500000000000       2.719220400000000E+042
   18.7000000000000       2.521116000000000E+042
   18.7500000000000       2.337426000000000E+042
   18.8000000000000       2.167003800000000E+042
   18.8500000000000       2.008983600000000E+042
   18.9000000000000       1.862382600000000E+042
   18.9500000000000       1.726452000000000E+042
   19.0000000000000       1.600396200000000E+042
   19.0500000000000       1.483531920000000E+042
   19.1000000000000       1.375143120000000E+042
   19.1500000000000       1.274630760000000E+042
   19.2000000000000       1.181430900000000E+042
   19.2500000000000       1.095035760000000E+042
   19.3000000000000       1.014904800000000E+042
   19.3500000000000       9.406332000000001E+041
   19.4000000000000       8.717576400000000E+041
   19.4500000000000       8.079084000000000E+041
   19.5000000000000       7.487274600000001E+041
   19.5500000000000       6.938521200000000E+041
   19.6000000000000       6.429781800000000E+041
   19.6500000000000       5.958248400000000E+041
   19.7000000000000       5.521136400000000E+041
   19.7500000000000       5.115965400000000E+041
   19.8000000000000       4.740465600000000E+041
   19.8500000000000       4.392226800000000E+041
   19.9000000000000       4.069728000000001E+041
   19.9500000000000       3.770605800000000E+041
   20.0000000000000       3.493386000000000E+041
   20.0500000000000       3.236641200000000E+041
   20.1000000000000       2.998546200000000E+041
   20.1500000000000       2.777884200000000E+041
   20.2000000000000       2.573461800000000E+041
   20.2500000000000       2.383992000000000E+041
   20.3000000000000       2.208421800000000E+041
   20.3500000000000       2.045745000000000E+041
   20.4000000000000       1.895002200000000E+041
   20.4500000000000       1.755304200000000E+041
   20.5000000000000       1.625902200000000E+041
   20.5500000000000       1.505984220000000E+041
   20.6000000000000       1.394869320000000E+041
   20.6500000000000       1.291925700000000E+041
   20.7000000000000       1.196566020000000E+041
   20.7500000000000       1.108191240000000E+041
   20.8000000000000       1.026342720000000E+041
   20.8500000000000       9.505056600000000E+040
   20.9000000000000       8.802588600000001E+040
   20.9500000000000       8.151858000000001E+040
   21.0000000000000       7.549003800000000E+040
   21.0500000000000       6.990679800000001E+040
   21.1000000000000       6.473352600000000E+040
   21.1500000000000       5.994167400000000E+040
   21.2000000000000       5.550386400000000E+040
   21.2500000000000       5.139505800000000E+040
   21.3000000000000       4.758764400000000E+040
   21.3500000000000       4.406220000000000E+040
   21.4000000000000       4.079439000000000E+040
   21.4500000000000       3.777204600000000E+040
   21.5000000000000       3.497083200000000E+040
   21.5500000000000       3.237694200000000E+040
   21.6000000000000       2.997399600000000E+040
   21.6500000000000       2.775029400000000E+040
   21.7000000000000       2.568898800000000E+040
   21.7500000000000       2.378142000000000E+040
   21.8000000000000       2.201518800000000E+040
   21.8500000000000       2.037952800000000E+040
   21.9000000000000       1.886484600000000E+040
   21.9500000000000       1.746248400000000E+040
   22.0000000000000       1.616425200000000E+040
   22.0500000000000       1.496181960000000E+040
   22.1000000000000       1.384889220000000E+040
   22.1500000000000       1.281823920000000E+040
   22.2000000000000       1.186424460000000E+040
   22.2500000000000       1.098091800000000E+040
   22.3000000000000       1.016322840000000E+040
   22.3500000000000       9.406004399999999E+039
   22.4000000000000       8.705268000000000E+039
   22.4500000000000       8.056409400000001E+039
   22.5000000000000       7.456059000000000E+039
   22.5500000000000       6.899864400000000E+039
   22.6000000000000       6.385275000000000E+039
   22.6500000000000       5.908991400000001E+039
   22.7000000000000       5.468018400000000E+039
   22.7500000000000       5.060086200000000E+039
   22.8000000000000       4.682223000000000E+039
   22.8500000000000       4.332463200000000E+039
   22.9000000000000       4.008888000000000E+039
   22.9500000000000       3.709508400000000E+039
   23.0000000000000       3.432218400000000E+039
   23.0500000000000       3.175801200000000E+039
   23.1000000000000       2.938431600000000E+039
   23.1500000000000       2.718612000000000E+039
   23.2000000000000       2.515242600000000E+039
   23.2500000000000       2.327083200000000E+039
   23.3000000000000       2.152917000000000E+039
   23.3500000000000       1.991784600000000E+039
   23.4000000000000       1.842656400000000E+039
   23.4500000000000       1.704690000000000E+039
   23.5000000000000       1.577003220000000E+039
   23.5500000000000       1.458856620000000E+039
   23.6000000000000       1.349538840000000E+039
   23.6500000000000       1.248394680000000E+039
   23.7000000000000       1.154813400000000E+039
   23.7500000000000       1.068221700000000E+039
   23.8000000000000       9.880930800000000E+038
   23.8500000000000       9.139595400000001E+038
   23.9000000000000       8.453811600000000E+038
   23.9500000000000       7.819414200000001E+038
   24.0000000000000       7.232565600000000E+038
   24.0500000000000       6.689451600000000E+038
   24.1000000000000       6.187030200000000E+038
   24.1500000000000       5.722259400000001E+038
   24.2000000000000       5.292378000000001E+038
   24.2500000000000       4.894671600000000E+038
   24.3000000000000       4.526870400000000E+038
   24.3500000000000       4.186587600000000E+038
   24.4000000000000       3.871576800000000E+038
   24.4500000000000       3.580457400000001E+038
   24.5000000000000       3.311029800000000E+038
   24.5500000000000       3.061936800000000E+038
   24.6000000000000       2.831517000000000E+038
   24.6500000000000       2.618413200000000E+038
   24.7000000000000       2.421291600000000E+038
   24.7500000000000       2.238935400000000E+038
   24.8000000000000       2.070315000000000E+038
   24.8500000000000       1.914354000000000E+038
   24.9000000000000       1.770116400000000E+038
   24.9500000000000       1.636689600000000E+038
   25.0000000000000       1.513315440000000E+038
