  0.000000000000000E+000  0.000000000000000E+000
  5.000000000000000E-002  1.346640883122246E+043
  0.100000000000000       1.391458503959211E+045
  0.150000000000000       2.184032028513830E+046
  0.200000000000000       1.235154341693819E+047
  0.250000000000000       3.912481795219157E+047
  0.300000000000000       9.398256450622766E+047
  0.350000000000000       1.849732819513719E+048
  0.400000000000000       2.967209663499832E+048
  0.450000000000000       4.135972804726578E+048
  0.500000000000000       5.359832399318884E+048
  0.550000000000000       6.651870158817294E+048
  0.600000000000000       8.016549560428912E+048
  0.650000000000000       9.449180158041323E+048
  0.700000000000000       1.090896618348953E+049
  0.750000000000000       1.230883863658254E+049
  0.800000000000000       1.361889648129816E+049
  0.850000000000000       1.481867556590273E+049
  0.900000000000000       1.589490176624537E+049
  0.950000000000000       1.683483347013366E+049
   1.00000000000000       1.763663558914170E+049
   1.05000000000000       1.829098869949001E+049
   1.10000000000000       1.879241631750768E+049
   1.15000000000000       1.914486457802474E+049
   1.20000000000000       1.935196486214197E+049
   1.25000000000000       1.941721522352326E+049
   1.30000000000000       1.934658485711932E+049
   1.35000000000000       1.914828192683324E+049
   1.40000000000000       1.882556460301644E+049
   1.45000000000000       1.839938043365408E+049
   1.50000000000000       1.788295877423668E+049
   1.55000000000000       1.728266232961986E+049
   1.60000000000000       1.661720703015835E+049
   1.65000000000000       1.590071431402916E+049
   1.70000000000000       1.513905772035810E+049
   1.75000000000000       1.434674312122280E+049
   1.80000000000000       1.353718237155816E+049
   1.85000000000000       1.272350362374576E+049
   1.90000000000000       1.191013405531842E+049
   1.95000000000000       1.111713703134353E+049
   2.00000000000000       1.033789688849714E+049
   2.05000000000000       9.590242708261430E+048
   2.10000000000000       8.871699044679836E+048
   2.15000000000000       8.184819728326343E+048
   2.20000000000000       7.526399199712715E+048
   2.25000000000000       6.910445489487533E+048
   2.30000000000000       6.323865562979184E+048
   2.35000000000000       5.772219794134675E+048
   2.40000000000000       5.265997932124660E+048
   2.45000000000000       4.779537220135925E+048
   2.50000000000000       4.338286310332717E+048
   2.55000000000000       3.928733969810384E+048
   2.60000000000000       3.559568781014143E+048
   2.65000000000000       3.212930474729980E+048
   2.70000000000000       2.903786337278725E+048
   2.75000000000000       2.608541486786936E+048
   2.80000000000000       2.342940761766768E+048
   2.85000000000000       2.096950449971110E+048
   2.90000000000000       1.887280070811420E+048
   2.95000000000000       1.689177072136747E+048
   3.00000000000000       1.515583860985378E+048
   3.05000000000000       1.354374735815059E+048
   3.10000000000000       1.204694503920421E+048
   3.15000000000000       1.070996114853590E+048
   3.20000000000000       9.562275527983561E+047
   3.25000000000000       8.512999705067582E+047
   3.30000000000000       7.614116044412936E+047
   3.35000000000000       6.771431140650569E+047
   3.40000000000000       5.964529661298279E+047
   3.45000000000000       5.285918416146766E+047
   3.50000000000000       4.686794284527639E+047
   3.55000000000000       4.147879190771098E+047
   3.60000000000000       3.714500199322976E+047
   3.65000000000000       3.282532245989187E+047
   3.70000000000000       2.873039882226370E+047
   3.75000000000000       2.544240464770579E+047
   3.80000000000000       2.235584717281718E+047
   3.85000000000000       1.981323988446236E+047
   3.90000000000000       1.765413748204215E+047
   3.95000000000000       1.554303945476812E+047
   4.00000000000000       1.358485207686076E+047
   4.05000000000000       1.197236341948634E+047
   4.10000000000000       1.047323014569819E+047
   4.15000000000000       9.259626849373242E+046
   4.20000000000000       8.218407455474750E+046
   4.25000000000000       7.226915939084562E+046
   4.30000000000000       6.299026855708312E+046
   4.35000000000000       5.537169924020079E+046
   4.40000000000000       4.829178132039213E+046
   4.45000000000000       4.257419058625472E+046
   4.50000000000000       3.771418616488218E+046
   4.55000000000000       3.303776379429245E+046
   4.60000000000000       2.883528389962070E+046
   4.65000000000000       2.526419536568324E+046
   4.70000000000000       2.191662632353200E+046
   4.75000000000000       1.936572839136358E+046
   4.80000000000000       1.704876382963022E+046
   4.85000000000000       1.495313594422883E+046
   4.90000000000000       1.301577513467996E+046
   4.95000000000000       1.138694460620857E+046
   5.00000000000000       9.865196898403217E+045
   5.05000000000000       8.705618113961896E+045
   5.10000000000000       7.619062866335212E+045
   5.15000000000000       6.686954873079700E+045
   5.20000000000000       5.820989143708145E+045
   5.25000000000000       5.077812112288455E+045
   5.30000000000000       4.407426215043791E+045
   5.35000000000000       3.870910826976739E+045
   5.40000000000000       3.373564098265398E+045
   5.45000000000000       2.958251047721334E+045
   5.50000000000000       2.576486539914064E+045
   5.55000000000000       2.240857242483457E+045
   5.60000000000000       1.949965052572641E+045
   5.65000000000000       1.703688287056092E+045
   5.70000000000000       1.476958934600227E+045
   5.75000000000000       1.292326277959392E+045
   5.80000000000000       1.126786231001024E+045
   5.85000000000000       9.682719641210572E+044
   5.90000000000000       8.448834895530534E+044
   5.95000000000000       7.346284186747467E+044
   6.00000000000000       6.439581290763662E+044
   6.05000000000000       5.512498120874321E+044
   6.10000000000000       4.793855430108349E+044
   6.15000000000000       4.127556028606517E+044
   6.20000000000000       3.614149179973932E+044
   6.25000000000000       3.141034439900337E+044
   6.30000000000000       2.611033807103932E+044
   6.35000000000000       2.271493892325496E+044
   6.40000000000000       1.966808387824353E+044
   6.45000000000000       1.685971101470843E+044
   6.50000000000000       1.485900878499174E+044
   6.55000000000000       1.163576189969123E+044
   6.60000000000000       1.018278527645945E+044
   6.65000000000000       8.841167162344449E+043
   6.70000000000000       7.623523140704450E+043
   6.75000000000000       6.539715478303554E+043
   6.80000000000000       4.038170602524091E+043
   6.85000000000000       3.523597845247765E+043
   6.90000000000000       3.055304398817170E+043
   6.95000000000000       2.666293539274028E+043
   7.00000000000000       2.309473869765714E+043
   7.05000000000000       2.012708049115451E+043
   7.10000000000000       1.132079894078209E+043
   7.15000000000000       9.942729118315330E+042
   7.20000000000000       4.707745496433179E+042
   7.25000000000000       4.072821065855848E+042
   7.30000000000000       2.226744974568818E+042
   7.35000000000000       9.572529615570034E+040
   7.40000000000000       8.035303089373432E+040
   7.45000000000000       9.684558000000000E+037
   7.50000000000000       8.464950000000000E+037
   7.55000000000000       7.397910000000001E+037
   7.60000000000000       6.464484000000001E+037
   7.65000000000000       5.648058000000001E+037
   7.70000000000000       4.934124000000000E+037
   7.75000000000000       4.309812000000000E+037
   7.80000000000000       3.764124000000000E+037
   7.85000000000000       3.286998000000000E+037
   7.90000000000000       2.869776000000000E+037
   7.95000000000000       2.505438000000000E+037
   8.00000000000000       2.187010800000000E+037
   8.05000000000000       1.908808200000000E+037
   8.10000000000000       1.665775800000000E+037
   8.15000000000000       1.453537800000000E+037
   8.20000000000000       1.268163000000000E+037
   8.25000000000000       1.106305200000000E+037
   8.30000000000000       9.649925999999999E+036
   8.35000000000000       8.416278000000000E+036
   8.40000000000000       7.339644000000000E+036
   8.45000000000000       6.399900000000000E+036
   8.50000000000000       5.579964000000000E+036
   8.55000000000000       4.864392000000001E+036
   8.60000000000000       4.240080000000000E+036
   8.65000000000000       3.695562000000000E+036
   8.70000000000000       3.220776000000000E+036
   8.75000000000000       2.806596000000000E+036
   8.80000000000000       2.445300000000000E+036
   8.85000000000000       2.130382800000000E+036
   8.90000000000000       1.855830600000000E+036
   8.95000000000000       1.616495400000000E+036
   9.00000000000000       1.407884400000000E+036
   9.05000000000000       1.226066400000000E+036
   9.10000000000000       1.067625000000000E+036
   9.15000000000000       9.295884000000001E+035
   9.20000000000000       8.093124000000000E+035
   9.25000000000000       7.045272000000001E+035
   9.30000000000000       6.132438000000000E+035
   9.35000000000000       5.337540000000001E+035
   9.40000000000000       4.645134000000000E+035
   9.45000000000000       4.042116000000000E+035
   9.50000000000000       3.517254000000000E+035
   9.55000000000000       3.060252000000000E+035
   9.60000000000000       2.662218000000000E+035
   9.65000000000000       2.315874600000000E+035
   9.70000000000000       2.014412400000000E+035
   9.75000000000000       1.752028200000000E+035
   9.80000000000000       1.523691000000000E+035
   9.85000000000000       1.325001600000000E+035
   9.90000000000000       1.152145800000000E+035
   9.95000000000000       1.001730600000000E+035
   10.0000000000000       8.709012000000000E+034
   10.0500000000000       7.570836000000001E+034
   10.1000000000000       6.581016000000001E+034
   10.1500000000000       5.720130000000000E+034
   10.2000000000000       4.971330000000000E+034
   10.2500000000000       4.320342000000000E+034
   10.3000000000000       3.754296000000000E+034
   10.3500000000000       3.262194000000000E+034
   10.4000000000000       2.834442000000000E+034
   10.4500000000000       2.462382000000000E+034
   10.5000000000000       2.139157800000000E+034
   10.5500000000000       1.858194000000000E+034
   10.6000000000000       1.614038400000000E+034
   10.6500000000000       1.401847200000000E+034
   10.7000000000000       1.217455200000000E+034
   10.7500000000000       1.057258800000000E+034
   10.8000000000000       9.180756000000000E+033
   10.8500000000000       7.971443999999999E+033
   10.9000000000000       6.921252000000001E+033
   10.9500000000000       6.008652000000000E+033
   11.0000000000000       5.216328000000000E+033
   11.0500000000000       4.528134000000000E+033
   11.1000000000000       3.930264000000000E+033
   11.1500000000000       3.411252000000000E+033
   11.2000000000000       2.960568000000000E+033
   11.2500000000000       2.569320000000000E+033
   11.3000000000000       2.229645600000000E+033
   11.3500000000000       1.934712000000000E+033
   11.4000000000000       1.678692600000000E+033
   11.4500000000000       1.456462800000000E+033
   11.5000000000000       1.263576600000000E+033
   11.5500000000000       1.096173000000000E+033
   11.6000000000000       9.508824000000000E+032
   11.6500000000000       8.248032000000001E+032
   11.7000000000000       7.154082000000000E+032
   11.7500000000000       6.204744000000000E+032
   11.8000000000000       5.381064000000000E+032
   11.8500000000000       4.666428000000000E+032
   11.9000000000000       4.046562000000000E+032
   11.9500000000000       3.508830000000000E+032
   12.0000000000000       3.042468000000000E+032
   12.0500000000000       2.637882000000000E+032
   12.1000000000000       2.286858600000000E+032
   12.1500000000000       1.982518200000000E+032
   12.2000000000000       1.718589600000000E+032
   12.2500000000000       1.489714200000000E+032
   12.3000000000000       1.291258800000000E+032
   12.3500000000000       1.119175200000000E+032
   12.4000000000000       9.699768000000001E+031
   12.4500000000000       8.406216000000001E+031
   12.5000000000000       7.284654000000000E+031
   12.5500000000000       6.312618000000000E+031
   12.6000000000000       5.469984000000001E+031
   12.6500000000000       4.739436000000000E+031
   12.7000000000000       4.106466000000001E+031
   12.7500000000000       3.557736000000000E+031
   12.8000000000000       3.082248000000000E+031
   12.8500000000000       2.670174000000000E+031
   12.9000000000000       2.312949600000000E+031
   12.9500000000000       2.003508000000000E+031
   13.0000000000000       1.735367400000000E+031
   13.0500000000000       1.503052200000000E+031
   13.1000000000000       1.301788800000000E+031
   13.1500000000000       1.127412000000000E+031
   13.2000000000000       9.763416000000000E+030
   13.2500000000000       8.454888000000001E+030
   13.3000000000000       7.321392000000000E+030
   13.3500000000000       6.339527999999999E+030
   13.4000000000000       5.488938000000000E+030
   13.4500000000000       4.752540000000000E+030
   13.5000000000000       4.114656000000000E+030
   13.5500000000000       3.562182000000000E+030
   13.6000000000000       3.083886000000000E+030
   13.6500000000000       2.669472000000000E+030
   13.7000000000000       2.310796800000000E+030
   13.7500000000000       2.000208600000000E+030
   13.8000000000000       1.731295800000000E+030
   13.8500000000000       1.498465800000000E+030
   13.9000000000000       1.296898200000000E+030
   13.9500000000000       1.122381000000000E+030
   14.0000000000000       9.713340000000001E+029
   14.0500000000000       8.405514000000000E+029
   14.1000000000000       7.273656000000000E+029
   14.1500000000000       6.293898000000000E+029
   14.2000000000000       5.446116000000000E+029
   14.2500000000000       4.712058000000000E+029
   14.3000000000000       4.076982000000000E+029
   14.3500000000000       3.527316000000000E+029
   14.4000000000000       3.051594000000000E+029
   14.4500000000000       2.639988000000000E+029
   14.5000000000000       2.283723000000000E+029
   14.5500000000000       1.975521600000000E+029
   14.6000000000000       1.708831800000000E+029
   14.6500000000000       1.478107800000000E+029
   14.7000000000000       1.278459000000000E+029
   14.7500000000000       1.105767000000000E+029
   14.8000000000000       9.563580000000001E+028
   14.8500000000000       8.270964000000000E+028
   14.9000000000000       7.152912000000000E+028
   14.9500000000000       6.185790000000000E+028
   15.0000000000000       5.349240000000000E+028
   15.0500000000000       4.625478000000000E+028
   15.1000000000000       3.999762000000000E+028
   15.1500000000000       3.458520000000000E+028
   15.2000000000000       2.990286000000000E+028
   15.2500000000000       2.585466000000000E+028
   15.3000000000000       2.235285000000000E+028
   15.3500000000000       1.932512400000000E+028
   15.4000000000000       1.670689800000000E+028
   15.4500000000000       1.444294800000000E+028
   15.5000000000000       1.248530400000000E+028
   15.5500000000000       1.079278200000000E+028
   15.6000000000000       9.329346000000000E+027
   15.6500000000000       8.064108000000001E+027
   15.7000000000000       6.970158000000000E+027
   15.7500000000000       6.024564000000000E+027
   15.8000000000000       5.206968000000000E+027
   15.8500000000000       4.500054000000000E+027
   15.9000000000000       3.889314000000000E+027
   15.9500000000000       3.361176000000000E+027
   16.0000000000000       2.904642000000000E+027
   16.0500000000000       2.510118000000000E+027
   16.1000000000000       2.169039600000000E+027
   16.1500000000000       1.874269800000000E+027
   16.2000000000000       1.619514000000000E+027
   16.2500000000000       1.399366800000000E+027
   16.3000000000000       1.209078000000000E+027
   16.3500000000000       1.044646200000000E+027
   16.4000000000000       9.025614000000000E+026
   16.4500000000000       7.797582000000000E+026
   16.5000000000000       6.736626000000001E+026
   16.5500000000000       5.819814000000001E+026
   16.6000000000000       5.027724000000000E+026
   16.6500000000000       4.343040000000000E+026
   16.7000000000000       3.751722000000000E+026
   16.7500000000000       3.240666000000001E+026
   16.8000000000000       2.799342000000000E+026
   16.8500000000000       2.417922000000000E+026
   16.9000000000000       2.088426600000000E+026
   16.9500000000000       1.803789000000000E+026
   17.0000000000000       1.557925200000000E+026
   17.0500000000000       1.345523400000000E+026
   17.1000000000000       1.162044000000000E+026
   17.1500000000000       1.003555800000000E+026
   17.2000000000000       8.666658000000002E+025
   17.2500000000000       7.484256000000000E+025
   17.3000000000000       6.463080000000000E+025
   17.3500000000000       5.580900000000000E+025
   17.4000000000000       4.819230000000000E+025
   17.4500000000000       4.161222000000000E+025
   17.5000000000000       3.593070000000000E+025
   17.5500000000000       3.102372000000000E+025
   17.6000000000000       2.678598000000000E+025
   17.6500000000000       2.312715600000000E+025
   17.7000000000000       1.996722000000000E+025
   17.7500000000000       1.723878000000000E+025
   17.8000000000000       1.488263400000000E+025
   17.8500000000000       1.284823800000000E+025
   17.9000000000000       1.109183400000000E+025
   17.9500000000000       9.575046000000001E+024
   18.0000000000000       8.265582000000001E+024
   18.0500000000000       7.135128000000001E+024
   18.1000000000000       6.159114000000001E+024
   18.1500000000000       5.316246000000001E+024
   18.2000000000000       4.588740000000001E+024
   18.2500000000000       3.960918000000001E+024
   18.3000000000000       3.418740000000001E+024
   18.3500000000000       2.950740000000001E+024
   18.4000000000000       2.546622000000001E+024
   18.4500000000000       2.197915200000001E+024
   18.5000000000000       1.896874200000001E+024
   18.5500000000000       1.637040600000001E+024
   18.6000000000000       1.412775000000001E+024
   18.6500000000000       1.219210200000001E+024
   18.7000000000000       1.052134200000001E+024
   18.7500000000000       9.079200000000012E+023
   18.8000000000000       7.834788000000011E+023
   18.8500000000000       6.760494000000011E+023
   18.9000000000000       5.833620000000012E+023
   18.9500000000000       5.033574000000012E+023
   19.0000000000000       4.343274000000011E+023
   19.0500000000000       3.747510000000011E+023
   19.1000000000000       3.233412000000012E+023
   19.1500000000000       2.789748000000011E+023
   19.2000000000000       2.406924000000011E+023
   19.2500000000000       2.076586200000012E+023
   19.3000000000000       1.791550800000012E+023
   19.3500000000000       1.545616800000011E+023
   19.4000000000000       1.333402200000011E+023
   19.4500000000000       1.150320600000011E+023
   19.5000000000000       9.923238000000112E+022
   19.5500000000000       8.560422000000113E+022
   19.6000000000000       7.384338000000113E+022
   19.6500000000000       6.369948000000113E+022
   19.7000000000000       5.494788000000113E+022
   19.7500000000000       4.739670000000114E+022
   19.8000000000000       4.088214000000113E+022
   19.8500000000000       3.526380000000113E+022
   19.9000000000000       3.041532000000114E+022
   19.9500000000000       2.623374000000114E+022
   20.0000000000000       2.262616200000114E+022
   20.0500000000000       1.951466400000114E+022
   20.1000000000000       1.683068400000114E+022
   20.1500000000000       1.451548800000114E+022
   20.2000000000000       1.251853200000114E+022
   20.2500000000000       1.079629200000114E+022
   20.3000000000000       9.310626000001136E+021
   20.3500000000000       8.029242000001137E+021
   20.4000000000000       6.924294000001136E+021
   20.4500000000000       5.970978000001137E+021
   20.5000000000000       5.148936000001138E+021
   20.5500000000000       4.440150000001139E+021
   20.6000000000000       3.828708000001137E+021
   20.6500000000000       3.301506000001137E+021
   20.7000000000000       2.846844000001137E+021
   20.7500000000000       2.454660000001137E+021
   20.8000000000000       2.116459800001138E+021
   20.8500000000000       1.824849000001138E+021
   20.9000000000000       1.573416000001138E+021
   20.9500000000000       1.356591600001138E+021
   21.0000000000000       1.169625600001138E+021
   21.0500000000000       1.008399600001138E+021
   21.1000000000000       8.693802000011375E+020
   21.1500000000000       7.495254000011373E+020
   21.2000000000000       6.461910000011373E+020
   21.2500000000000       5.570838000011373E+020
   21.3000000000000       4.802382000011375E+020
   21.3500000000000       4.140162000011375E+020
   21.4000000000000       3.568968000011375E+020
   21.4500000000000       3.076632000011375E+020
   21.5000000000000       2.652156000011375E+020
   21.5500000000000       2.286203400011375E+020
   21.6000000000000       1.970724600011375E+020
   21.6500000000000       1.698723000011375E+020
   21.7000000000000       1.464255000011375E+020
   21.7500000000000       1.262125800011375E+020
   21.8000000000000       1.087889400011375E+020
   21.8500000000000       9.376848000113748E+019
   21.9000000000000       8.082126000113746E+019
   21.9500000000000       6.965946000113747E+019
   22.0000000000000       6.003972000113744E+019
   22.0500000000000       5.174676000113744E+019
   22.1000000000000       4.459806000113747E+019
   22.1500000000000       3.843684000113744E+019
   22.2000000000000       3.312738000113745E+019
   22.2500000000000       2.854800000113744E+019
   22.3000000000000       2.460276000113745E+019
   22.3500000000000       2.120344200113746E+019
   22.4000000000000       1.827282600113746E+019
   22.4500000000000       1.574679600113746E+019
   22.5000000000000       1.356989400113746E+019
   22.5500000000000       1.169391600113746E+019
   22.6000000000000       1.007697600113746E+019
   22.6500000000000       8.683506001137454E+018
   22.7000000000000       7.482618001137454E+018
   22.7500000000000       6.447636001137455E+018
   22.8000000000000       5.555862001137455E+018
   22.8500000000000       4.787172001137455E+018
   22.9000000000000       4.124952001137455E+018
   22.9500000000000       3.554226001137455E+018
   23.0000000000000       3.062358001137457E+018
   23.0500000000000       2.638584001137457E+018
   23.1000000000000       2.273473801137456E+018
   23.1500000000000       1.958790601137456E+018
   23.2000000000000       1.687654801137456E+018
   23.2500000000000       1.454029201137456E+018
   23.3000000000000       1.252719001137456E+018
   23.3500000000000       1.079278201137456E+018
   23.4000000000000       9.298224011374556E+017
   23.4500000000000       8.010756011374556E+017
   23.5000000000000       6.901362011374556E+017
   23.5500000000000       5.945472011374556E+017
   23.6000000000000       5.121792011374557E+017
   23.6500000000000       4.412304011374557E+017
   23.7000000000000       3.801096011374557E+017
   23.7500000000000       3.274362011374557E+017
   23.8000000000000       2.820636011374556E+017
   23.8500000000000       2.429856011374556E+017
   23.9000000000000       2.093059811374556E+017
   23.9500000000000       1.802970011374556E+017
   24.0000000000000       1.553058011374556E+017
   24.0500000000000       1.337778011374556E+017
   24.1000000000000       1.152309611374556E+017
   24.1500000000000       9.925578113745558E+016
   24.2000000000000       8.549424113745558E+016
   24.2500000000000       7.363746113745558E+016
   24.3000000000000       6.342570113745557E+016
   24.3500000000000       5.462964113745557E+016
   24.4000000000000       4.705272113745557E+016
   24.4500000000000       4.052646113745557E+016
   24.5000000000000       3.490344113745558E+016
   24.5500000000000       3.006198113745558E+016
   24.6000000000000       2.588976113745557E+016
   24.6500000000000       2.229832913745556E+016
   24.7000000000000       1.920414713745556E+016
   24.7500000000000       1.653912113745556E+016
   24.8000000000000       1.424358113745556E+016
   24.8500000000000       1.226674913745556E+016
   24.9000000000000       1.056393113745556E+016
   24.9500000000000       9.097453137455562E+015
   25.0000000000000       7.834555137455562E+015
