  0.000000000000000E+000  0.000000000000000E+000
  5.000000000000000E-002  1.371352503700551E+043
  0.100000000000000       1.407450532188486E+045
  0.150000000000000       2.177315018335847E+046
  0.200000000000000       1.305344298227724E+047
  0.250000000000000       4.038177523969669E+047
  0.300000000000000       9.494972996964502E+047
  0.350000000000000       1.856911399522508E+048
  0.400000000000000       2.993843474088610E+048
  0.450000000000000       4.193366658636799E+048
  0.500000000000000       5.451874496099973E+048
  0.550000000000000       6.772368241419034E+048
  0.600000000000000       8.148325331575743E+048
  0.650000000000000       9.577208934440292E+048
  0.700000000000000       1.102102428262236E+049
  0.750000000000000       1.238963567985228E+049
  0.800000000000000       1.365570310687920E+049
  0.850000000000000       1.480247515779168E+049
  0.900000000000000       1.583042699654007E+049
  0.950000000000000       1.672453476905781E+049
   1.00000000000000       1.748355690829107E+049
   1.05000000000000       1.810895575584778E+049
   1.10000000000000       1.859509727790713E+049
   1.15000000000000       1.894516695099232E+049
   1.20000000000000       1.916077672829465E+049
   1.25000000000000       1.924910333000776E+049
   1.30000000000000       1.921360853864607E+049
   1.35000000000000       1.906260635695043E+049
   1.40000000000000       1.880084869791815E+049
   1.45000000000000       1.844277827138188E+049
   1.50000000000000       1.799347188659942E+049
   1.55000000000000       1.745985044151210E+049
   1.60000000000000       1.686080895710567E+049
   1.65000000000000       1.620911935190751E+049
   1.70000000000000       1.551095887031670E+049
   1.75000000000000       1.477354921977500E+049
   1.80000000000000       1.401568063248863E+049
   1.85000000000000       1.324340266454933E+049
   1.90000000000000       1.246211915983744E+049
   1.95000000000000       1.168897697742105E+049
   2.00000000000000       1.093204855254577E+049
   2.05000000000000       1.019419251629560E+049
   2.10000000000000       9.486540642895806E+048
   2.15000000000000       8.791953228686359E+048
   2.20000000000000       8.131897195282772E+048
   2.25000000000000       7.493349605989017E+048
   2.30000000000000       6.890807040679458E+048
   2.35000000000000       6.320378623140120E+048
   2.40000000000000       5.775199734066976E+048
   2.45000000000000       5.271311415987487E+048
   2.50000000000000       4.795274481623281E+048
   2.55000000000000       4.359988709214279E+048
   2.60000000000000       3.972343639538593E+048
   2.65000000000000       3.598260839359398E+048
   2.70000000000000       3.255326985264994E+048
   2.75000000000000       2.937328299882197E+048
   2.80000000000000       2.639921074348541E+048
   2.85000000000000       2.379129483124766E+048
   2.90000000000000       2.148146509206210E+048
   2.95000000000000       1.925822763063399E+048
   3.00000000000000       1.734222534647514E+048
   3.05000000000000       1.547812630247297E+048
   3.10000000000000       1.382431000311759E+048
   3.15000000000000       1.236645754255123E+048
   3.20000000000000       1.104631985436796E+048
   3.25000000000000       9.866536605146360E+047
   3.30000000000000       8.826845682250442E+047
   3.35000000000000       7.851023205412780E+047
   3.40000000000000       6.956447005983900E+047
   3.45000000000000       6.181800943205182E+047
   3.50000000000000       5.498463733314618E+047
   3.55000000000000       4.868995787413364E+047
   3.60000000000000       4.349029502942007E+047
   3.65000000000000       3.856038479606115E+047
   3.70000000000000       3.396880541870938E+047
   3.75000000000000       3.008802815854115E+047
   3.80000000000000       2.659935657263353E+047
   3.85000000000000       2.343830688591876E+047
   3.90000000000000       2.089304290787473E+047
   3.95000000000000       1.846789583056778E+047
   4.00000000000000       1.620471065854907E+047
   4.05000000000000       1.433858887502178E+047
   4.10000000000000       1.260875323900233E+047
   4.15000000000000       1.105140346495242E+047
   4.20000000000000       9.823371322433576E+046
   4.25000000000000       8.657051149250010E+046
   4.30000000000000       7.596338715863630E+046
   4.35000000000000       6.710790236620223E+046
   4.40000000000000       5.866509716807225E+046
   4.45000000000000       5.126832287760596E+046
   4.50000000000000       4.538027974293755E+046
   4.55000000000000       3.998972793677978E+046
   4.60000000000000       3.509576674005726E+046
   4.65000000000000       3.091211187005284E+046
   4.70000000000000       2.685386141453559E+046
   4.75000000000000       2.345618175823214E+046
   4.80000000000000       2.064914041013424E+046
   4.85000000000000       1.826355779812415E+046
   4.90000000000000       1.600548122328659E+046
   4.95000000000000       1.403825022358180E+046
   5.00000000000000       1.215042332195955E+046
   5.05000000000000       1.061590679150015E+046
   5.10000000000000       9.327492830330981E+045
   5.15000000000000       8.242318696554287E+045
   5.20000000000000       7.208122446925734E+045
   5.25000000000000       6.296241291802547E+045
   5.30000000000000       5.450114085620208E+045
   5.35000000000000       4.758082327194314E+045
   5.40000000000000       4.177018411722913E+045
   5.45000000000000       3.675215877817016E+045
   5.50000000000000       3.208817187891646E+045
   5.55000000000000       2.794268231879813E+045
   5.60000000000000       2.418639026127250E+045
   5.65000000000000       2.114048025559776E+045
   5.70000000000000       1.852062706350551E+045
   5.75000000000000       1.623771317646289E+045
   5.80000000000000       1.414890611981873E+045
   5.85000000000000       1.207767798691568E+045
   5.90000000000000       1.048633491395421E+045
   5.95000000000000       9.146780604506177E+044
   6.00000000000000       8.053986888025485E+044
   6.05000000000000       7.034300911868246E+044
   6.10000000000000       6.108634355556024E+044
   6.15000000000000       5.171461328304245E+044
   6.20000000000000       4.494451666631130E+044
   6.25000000000000       3.921073937177575E+044
   6.30000000000000       3.460379209593758E+044
   6.35000000000000       3.013674765030228E+044
   6.40000000000000       2.563678207040024E+044
   6.45000000000000       2.193999729980997E+044
   6.50000000000000       1.908791276501118E+044
   6.55000000000000       1.488369991393625E+044
   6.60000000000000       1.307058930371850E+044
   6.65000000000000       1.134473650677656E+044
   6.70000000000000       9.832781221145628E+043
   6.75000000000000       8.492695719766962E+043
   6.80000000000000       5.569165499918446E+043
   6.85000000000000       4.857961972948883E+043
   6.90000000000000       4.232910457105734E+043
   6.95000000000000       3.684919755861933E+043
   7.00000000000000       3.198591914239335E+043
   7.05000000000000       1.874901961422964E+043
   7.10000000000000       1.660916048990374E+043
   7.15000000000000       1.455561778895696E+043
   7.20000000000000       7.497793781016773E+042
   7.25000000000000       6.487305234004290E+042
   7.30000000000000       2.782007233162121E+042
   7.35000000000000       7.202760168528447E+040
   7.40000000000000       6.114153979644096E+040
   7.45000000000000       6.168474000000000E+037
   7.50000000000000       5.392998000000001E+037
   7.55000000000000       4.714398000000000E+037
   7.60000000000000       4.120740000000000E+037
   7.65000000000000       3.601260000000000E+037
   7.70000000000000       3.146832000000000E+037
   7.75000000000000       2.749500000000000E+037
   7.80000000000000       2.401776000000000E+037
   7.85000000000000       2.097950400000000E+037
   7.90000000000000       1.832266800000000E+037
   7.95000000000000       1.600021800000000E+037
   8.00000000000000       1.397026800000000E+037
   8.05000000000000       1.219631400000000E+037
   8.10000000000000       1.064653200000000E+037
   8.15000000000000       9.292374000000000E+036
   8.20000000000000       8.109503999999999E+036
   8.25000000000000       7.076394000000000E+036
   8.30000000000000       6.174090000000000E+036
   8.35000000000000       5.386212000000001E+036
   8.40000000000000       4.698486000000000E+036
   8.45000000000000       4.098042000000001E+036
   8.50000000000000       3.573882000000000E+036
   8.55000000000000       3.116412000000000E+036
   8.60000000000000       2.717208000000000E+036
   8.65000000000000       2.369016000000000E+036
   8.70000000000000       2.065096800000000E+036
   8.75000000000000       1.799998200000000E+036
   8.80000000000000       1.568759400000000E+036
   8.85000000000000       1.367098200000000E+036
   8.90000000000000       1.191247200000000E+036
   8.95000000000000       1.037907000000000E+036
   9.00000000000000       9.041994000000000E+035
   9.05000000000000       7.876440000000000E+035
   9.10000000000000       6.860646000000000E+035
   9.15000000000000       5.975190000000000E+035
   9.20000000000000       5.203458000000000E+035
   9.25000000000000       4.530942000000000E+035
   9.30000000000000       3.945006000000000E+035
   9.35000000000000       3.434652000000000E+035
   9.40000000000000       2.989818000000000E+035
   9.45000000000000       2.602548000000000E+035
   9.50000000000000       2.265143400000000E+035
   9.55000000000000       1.971333000000000E+035
   9.60000000000000       1.715477400000000E+035
   9.65000000000000       1.492709400000000E+035
   9.70000000000000       1.298746800000000E+035
   9.75000000000000       1.129892400000000E+035
   9.80000000000000       9.829170000000000E+034
   9.85000000000000       8.549892000000000E+034
   9.90000000000000       7.436286000000000E+034
   9.95000000000000       6.467525999999999E+034
   10.0000000000000       5.624190000000000E+034
   10.0500000000000       4.890600000000000E+034
   10.1000000000000       4.252482000000000E+034
   10.1500000000000       3.697200000000000E+034
   10.2000000000000       3.214224000000000E+034
   10.2500000000000       2.793960000000000E+034
   10.3000000000000       2.428686000000000E+034
   10.3500000000000       2.110843800000000E+034
   10.4000000000000       1.834536600000000E+034
   10.4500000000000       1.594265400000000E+034
   10.5000000000000       1.385350200000000E+034
   10.5500000000000       1.203742800000000E+034
   10.6000000000000       1.045863000000000E+034
   10.6500000000000       9.086220000000000E+033
   10.7000000000000       7.893287999999999E+033
   10.7500000000000       6.856668000000000E+033
   10.8000000000000       5.955534000000000E+033
   10.8500000000000       5.172804000000000E+033
   10.9000000000000       4.492332000000001E+033
   10.9500000000000       3.901248000000000E+033
   11.0000000000000       3.387618000000000E+033
   11.0500000000000       2.941614000000000E+033
   11.1000000000000       2.554110000000000E+033
   11.1500000000000       2.217384000000000E+033
   11.2000000000000       1.924977600000000E+033
   11.2500000000000       1.671040800000000E+033
   11.3000000000000       1.450519200000000E+033
   11.3500000000000       1.259013600000000E+033
   11.4000000000000       1.092709800000000E+033
   11.4500000000000       9.483318000000000E+032
   11.5000000000000       8.229780000000000E+032
   11.5500000000000       7.141446000000000E+032
   11.6000000000000       6.196554000000000E+032
   11.6500000000000       5.376618000000000E+032
   11.7000000000000       4.664790000000000E+032
   11.7500000000000       4.047030000000000E+032
   11.8000000000000       3.510702000000000E+032
   11.8500000000000       3.045510000000000E+032
   11.9000000000000       2.641626000000000E+032
   11.9500000000000       2.291211000000000E+032
   12.0000000000000       1.987198200000000E+032
   12.0500000000000       1.723410000000000E+032
   12.1000000000000       1.494558000000000E+032
   12.1500000000000       1.296032400000000E+032
   12.2000000000000       1.123831800000000E+032
   12.2500000000000       9.744462000000000E+031
   12.3000000000000       8.448570000000001E+031
   12.3500000000000       7.324902000000000E+031
   12.4000000000000       6.350058000000000E+031
   12.4500000000000       5.504850000000000E+031
   12.5000000000000       4.771962000000000E+031
   12.5500000000000       4.136418000000000E+031
   12.6000000000000       3.585114000000000E+031
   12.6500000000000       3.107286000000000E+031
   12.7000000000000       2.693106000000000E+031
   12.7500000000000       2.333869200000000E+031
   12.8000000000000       2.022508800000000E+031
   12.8500000000000       1.752589800000000E+031
   12.9000000000000       1.518636600000000E+031
   12.9500000000000       1.315852200000000E+031
   13.0000000000000       1.140071400000000E+031
   13.0500000000000       9.877374000000000E+030
   13.1000000000000       8.557146000000001E+030
   13.1500000000000       7.413120000000001E+030
   13.2000000000000       6.421662000000000E+030
   13.2500000000000       5.562648000000000E+030
   13.3000000000000       4.818294000000000E+030
   13.3500000000000       4.173390000000000E+030
   13.4000000000000       3.614598000000000E+030
   13.4500000000000       3.130452000000000E+030
   13.5000000000000       2.711124000000000E+030
   13.5500000000000       2.347722000000000E+030
   13.6000000000000       2.033015400000000E+030
   13.6500000000000       1.760428800000000E+030
   13.7000000000000       1.524322800000000E+030
   13.7500000000000       1.319830200000000E+030
   13.8000000000000       1.142715600000000E+030
   13.8500000000000       9.893285999999999E+029
   13.9000000000000       8.564868000000000E+029
   13.9500000000000       7.414758000000000E+029
   14.0000000000000       6.418620000000001E+029
   14.0500000000000       5.556096000000000E+029
   14.1000000000000       4.809402000000000E+029
   14.1500000000000       4.162860000000000E+029
   14.2000000000000       3.603132000000000E+029
   14.2500000000000       3.118518000000000E+029
   14.3000000000000       2.698956000000000E+029
   14.3500000000000       2.335671000000000E+029
   14.4000000000000       2.021268600000000E+029
   14.4500000000000       1.749126600000000E+029
   14.5000000000000       1.513558800000000E+029
   14.5500000000000       1.309674600000000E+029
   14.6000000000000       1.133215200000000E+029
   14.6500000000000       9.804834000000000E+028
   14.7000000000000       8.483202000000000E+028
   14.7500000000000       7.339410000000001E+028
   14.8000000000000       6.349590000000001E+028
   14.8500000000000       5.493150000000000E+028
   14.9000000000000       4.751838000000000E+028
   14.9500000000000       4.110678000000001E+028
   15.0000000000000       3.555630000000000E+028
   15.0500000000000       3.075696000000000E+028
   15.1000000000000       2.660346000000000E+028
   15.1500000000000       2.300922000000000E+028
   15.2000000000000       1.990053000000000E+028
   15.2500000000000       1.721116800000000E+028
   15.3000000000000       1.488474000000000E+028
   15.3500000000000       1.287257400000000E+028
   15.4000000000000       1.113184800000000E+028
   15.4500000000000       9.626292000000000E+027
   15.5000000000000       8.323848000000001E+027
   15.5500000000000       7.197606000000000E+027
   15.6000000000000       6.223464000000000E+027
   15.6500000000000       5.381064000000001E+027
   15.7000000000000       4.652622000000000E+027
   15.7500000000000       4.022460000000000E+027
   15.8000000000000       3.477708000000000E+027
   15.8500000000000       3.006432000000000E+027
   15.9000000000000       2.599038000000000E+027
   15.9500000000000       2.246844600000000E+027
   16.0000000000000       1.942270200000000E+027
   16.0500000000000       1.678926600000000E+027
   16.1000000000000       1.451268000000000E+027
   16.1500000000000       1.254427200000000E+027
   16.2000000000000       1.084239000000000E+027
   16.2500000000000       9.371232000000001E+026
   16.3000000000000       8.099442000000001E+026
   16.3500000000000       7.000110000000000E+026
   16.4000000000000       6.049602000000000E+026
   16.4500000000000       5.228262000000000E+026
   16.5000000000000       4.518072000000000E+026
   16.5500000000000       3.904524000000000E+026
   16.6000000000000       3.374046000000000E+026
   16.6500000000000       2.915406000000000E+026
   16.7000000000000       2.519244000000000E+026
   16.7500000000000       2.176761600000000E+026
   16.8000000000000       1.880821800000000E+026
   16.8500000000000       1.625059800000000E+026
   16.9000000000000       1.404023400000000E+026
   16.9500000000000       1.213032600000000E+026
   17.0000000000000       1.047992400000000E+026
   17.0500000000000       9.053928000000001E+025
   17.1000000000000       7.821684000000000E+025
   17.1500000000000       6.756984000000000E+025
   17.2000000000000       5.836896000000000E+025
   17.2500000000000       5.042232000000000E+025
   17.3000000000000       4.355442000000000E+025
   17.3500000000000       3.762252000000000E+025
   17.4000000000000       3.249558000000000E+025
   17.4500000000000       2.806830000000000E+025
   17.5000000000000       2.424240000000000E+025
   17.5500000000000       2.093855400000000E+025
   17.6000000000000       1.808398800000000E+025
   17.6500000000000       1.561833000000000E+025
   17.7000000000000       1.348846200000000E+025
   17.7500000000000       1.164875400000000E+025
   17.8000000000000       1.005966000000000E+025
   17.8500000000000       8.687250000000001E+024
   17.9000000000000       7.501806000000002E+024
   17.9500000000000       6.478056000000002E+024
   18.0000000000000       5.593770000000002E+024
   18.0500000000000       4.829994000000002E+024
   18.1000000000000       4.170582000000001E+024
   18.1500000000000       3.601026000000001E+024
   18.2000000000000       3.109158000000001E+024
   18.2500000000000       2.684448000000001E+024
   18.3000000000000       2.317770000000001E+024
   18.3500000000000       2.001074400000001E+024
   18.4000000000000       1.727598600000001E+024
   18.4500000000000       1.491469200000001E+024
   18.5000000000000       1.287585000000001E+024
   18.5500000000000       1.111546800000001E+024
   18.6000000000000       9.595638000000011E+023
   18.6500000000000       8.283366000000010E+023
   18.7000000000000       7.150338000000011E+023
   18.7500000000000       6.172218000000011E+023
   18.8000000000000       5.327712000000012E+023
   18.8500000000000       4.598802000000011E+023
   18.9000000000000       3.969342000000011E+023
   18.9500000000000       3.425994000000012E+023
   19.0000000000000       2.957058000000011E+023
   19.0500000000000       2.552238000000011E+023
   19.1000000000000       2.202782400000011E+023
   19.1500000000000       1.901109600000011E+023
   19.2000000000000       1.640737800000012E+023
   19.2500000000000       1.415980800000011E+023
   19.3000000000000       1.221994800000011E+023
   19.3500000000000       1.054567800000011E+023
   19.4000000000000       9.100494000000114E+022
   19.4500000000000       7.853274000000113E+022
   19.5000000000000       6.776874000000114E+022
   19.5500000000000       5.847660000000113E+022
   19.6000000000000       5.045976000000113E+022
   19.6500000000000       4.354038000000113E+022
   19.7000000000000       3.756870000000114E+022
   19.7500000000000       3.241602000000113E+022
   19.8000000000000       2.797002000000114E+022
   19.8500000000000       2.413242000000113E+022
   19.9000000000000       2.082132000000114E+022
   19.9500000000000       1.796418000000114E+022
   20.0000000000000       1.549875600000114E+022
   20.0500000000000       1.337122800000114E+022
   20.1000000000000       1.153573200000114E+022
   20.1500000000000       9.952020000001139E+021
   20.2000000000000       8.585460000001137E+021
   20.2500000000000       7.406568000001138E+021
   20.3000000000000       6.389370000001137E+021
   20.3500000000000       5.511636000001138E+021
   20.4000000000000       4.754412000001140E+021
   20.4500000000000       4.101318000001137E+021
   20.5000000000000       3.537846000001137E+021
   20.5500000000000       3.051594000001137E+021
   20.6000000000000       2.632266000001137E+021
   20.6500000000000       2.270385000001138E+021
   20.7000000000000       1.958299200001138E+021
   20.7500000000000       1.689058800001138E+021
   20.8000000000000       1.456813800001138E+021
   20.8500000000000       1.256486400001138E+021
   20.9000000000000       1.083677400001138E+021
   20.9500000000000       9.346194000011378E+020
   21.0000000000000       8.060598000011376E+020
   21.0500000000000       6.951672000011378E+020
   21.1000000000000       5.995080000011378E+020
   21.1500000000000       5.170230000011375E+020
   21.2000000000000       4.458636000011378E+020
   21.2500000000000       3.845088000011378E+020
   21.3000000000000       3.315780000011378E+020
   21.3500000000000       2.859246000011377E+020
   21.4000000000000       2.465658000011378E+020
   21.4500000000000       2.126147400011377E+020
   21.5000000000000       1.833366600011377E+020
   21.5500000000000       1.580857200011377E+020
   21.6000000000000       1.363120200011377E+020
   21.6500000000000       1.175358600011377E+020
   21.7000000000000       1.013430600011377E+020
   21.7500000000000       8.738028000113770E+019
   21.8000000000000       7.534098000113772E+019
   21.8500000000000       6.495840000113771E+019
   21.9000000000000       5.600556000113770E+019
   21.9500000000000       4.828590000113770E+019
   22.0000000000000       4.163094000113770E+019
   22.0500000000000       3.589092000113770E+019
   22.1000000000000       3.094182000113770E+019
   22.1500000000000       2.667600000113770E+019
   22.2000000000000       2.299728600113770E+019
   22.2500000000000       1.982565000113769E+019
   22.3000000000000       1.709112600113770E+019
   22.3500000000000       1.473357600113769E+019
   22.4000000000000       1.270105200113769E+019
   22.4500000000000       1.094862600113769E+019
   22.5000000000000       9.437922001137695E+018
   22.5500000000000       8.135712001137696E+018
   22.6000000000000       7.012980001137696E+018
   22.6500000000000       6.044922001137696E+018
   22.7000000000000       5.210478001137695E+018
   22.7500000000000       4.491162001137695E+018
   22.8000000000000       3.871296001137695E+018
   22.8500000000000       3.336606001137695E+018
   22.9000000000000       2.876094001137695E+018
   22.9500000000000       2.478762001137695E+018
   23.0000000000000       2.136466801137695E+018
   23.0500000000000       1.841392801137695E+018
   23.1000000000000       1.587034801137695E+018
   23.1500000000000       1.367800201137695E+018
   23.2000000000000       1.178821801137695E+018
   23.2500000000000       1.015957801137695E+018
   23.3000000000000       8.755578011376950E+017
   23.3500000000000       7.545564011376951E+017
   23.4000000000000       6.502860011376951E+017
   23.4500000000000       5.604066011376951E+017
   23.5000000000000       4.829292011376951E+017
   23.5500000000000       4.161690011376948E+017
   23.6000000000000       3.586284011376948E+017
   23.6500000000000       3.090438011376948E+017
   23.7000000000000       2.663154011376949E+017
   23.7500000000000       2.294884811376949E+017
   23.8000000000000       1.977487211376949E+017
   23.8500000000000       1.703988011376949E+017
   23.9000000000000       1.468279811376949E+017
   23.9500000000000       1.265167811376949E+017
   24.0000000000000       1.090135811376949E+017
   24.0500000000000       9.393228113769494E+016
   24.1000000000000       8.093358113769494E+016
   24.1500000000000       6.973434113769496E+016
   24.2000000000000       6.008418113769496E+016
   24.2500000000000       5.176782113769495E+016
   24.3000000000000       4.460274113769495E+016
   24.3500000000000       3.842982113769495E+016
   24.4000000000000       3.310866113769495E+016
   24.4500000000000       2.852460113769495E+016
   24.5000000000000       2.457468113769495E+016
   24.5500000000000       2.117255513769495E+016
   24.6000000000000       1.824076913769495E+016
   24.6500000000000       1.571450513769495E+016
   24.7000000000000       1.353807113769495E+016
   24.7500000000000       1.166302913769495E+016
   24.8000000000000       1.004725913769495E+016
   24.8500000000000       8.655427137694948E+015
   24.9000000000000       7.456411137694948E+015
   24.9500000000000       6.423301137694946E+015
   25.0000000000000       5.533165137694946E+015
