  0.000000000000000E+000  0.000000000000000E+000
  5.000000000000000E-002  8.816118823831675E+046
  0.100000000000000       8.122796896435438E+047
  0.150000000000000       5.148455963663192E+048
  0.200000000000000       1.720318674466541E+049
  0.250000000000000       4.540156188498192E+049
  0.300000000000000       9.143048849278843E+049
  0.350000000000000       1.614214811072742E+050
  0.400000000000000       2.521407857647936E+050
  0.450000000000000       3.649613849407458E+050
  0.500000000000000       4.965073106641540E+050
  0.550000000000000       6.452915565758355E+050
  0.600000000000000       8.053881258345180E+050
  0.650000000000000       9.721750076124017E+050
  0.700000000000000       1.143912406746473E+051
  0.750000000000000       1.319229219373865E+051
  0.800000000000000       1.493951392087326E+051
  0.850000000000000       1.665965379055082E+051
  0.900000000000000       1.833457295629665E+051
  0.950000000000000       1.995181886718255E+051
   1.00000000000000       2.149471946540080E+051
   1.05000000000000       2.295514063524956E+051
   1.10000000000000       2.432235589516116E+051
   1.15000000000000       2.560361250265523E+051
   1.20000000000000       2.677995753768946E+051
   1.25000000000000       2.785372445352608E+051
   1.30000000000000       2.882319909126106E+051
   1.35000000000000       2.968695472053926E+051
   1.40000000000000       3.044047622857971E+051
   1.45000000000000       3.108926684831602E+051
   1.50000000000000       3.163713364344242E+051
   1.55000000000000       3.208877462530434E+051
   1.60000000000000       3.246059652517450E+051
   1.65000000000000       3.272894295296626E+051
   1.70000000000000       3.290839823781692E+051
   1.75000000000000       3.300740942437254E+051
   1.80000000000000       3.303089416095167E+051
   1.85000000000000       3.299264136778136E+051
   1.90000000000000       3.288814017840973E+051
   1.95000000000000       3.271978155718630E+051
   2.00000000000000       3.249388929636224E+051
   2.05000000000000       3.221606018167789E+051
   2.10000000000000       3.188962894504886E+051
   2.15000000000000       3.152268183456729E+051
   2.20000000000000       3.111421230927764E+051
   2.25000000000000       3.066664850826688E+051
   2.30000000000000       3.018994298668954E+051
   2.35000000000000       2.968945865492218E+051
   2.40000000000000       2.915840546579318E+051
   2.45000000000000       2.860647528328961E+051
   2.50000000000000       2.803592361253786E+051
   2.55000000000000       2.744835967108184E+051
   2.60000000000000       2.685085025298756E+051
   2.65000000000000       2.624513968746893E+051
   2.70000000000000       2.562917999801867E+051
   2.75000000000000       2.500671130345804E+051
   2.80000000000000       2.438271450785595E+051
   2.85000000000000       2.375819434600243E+051
   2.90000000000000       2.313117862122333E+051
   2.95000000000000       2.250507289553486E+051
   3.00000000000000       2.187897875404057E+051
   3.05000000000000       2.126077658083494E+051
   3.10000000000000       2.064497360142032E+051
   3.15000000000000       2.002800361507501E+051
   3.20000000000000       1.942064402057181E+051
   3.25000000000000       1.881836259975475E+051
   3.30000000000000       1.822801834064851E+051
   3.35000000000000       1.764943619978399E+051
   3.40000000000000       1.708441292816795E+051
   3.45000000000000       1.652241209941568E+051
   3.50000000000000       1.597167425919536E+051
   3.55000000000000       1.543564583787239E+051
   3.60000000000000       1.491477764017082E+051
   3.65000000000000       1.440445100854092E+051
   3.70000000000000       1.390277366418616E+051
   3.75000000000000       1.342188264283948E+051
   3.80000000000000       1.294816146617255E+051
   3.85000000000000       1.248774361757750E+051
   3.90000000000000       1.204423896771662E+051
   3.95000000000000       1.160730918913359E+051
   4.00000000000000       1.118347558209332E+051
   4.05000000000000       1.076784818104717E+051
   4.10000000000000       1.036330742782002E+051
   4.15000000000000       9.964384904139743E+050
   4.20000000000000       9.582799999551193E+050
   4.25000000000000       9.212767832991132E+050
   4.30000000000000       8.851893049006460E+050
   4.35000000000000       8.503860189068615E+050
   4.40000000000000       8.167635380561521E+050
   4.45000000000000       7.844312620758513E+050
   4.50000000000000       7.530526730452066E+050
   4.55000000000000       7.230876024740005E+050
   4.60000000000000       6.943666608311785E+050
   4.65000000000000       6.666444590024405E+050
   4.70000000000000       6.393152681661114E+050
   4.75000000000000       6.128973149781236E+050
   4.80000000000000       5.880449963507651E+050
   4.85000000000000       5.637410071634830E+050
   4.90000000000000       5.399947295461170E+050
   4.95000000000000       5.169104006709913E+050
   5.00000000000000       4.949186119414126E+050
   5.05000000000000       4.739174708923527E+050
   5.10000000000000       4.538224613947476E+050
   5.15000000000000       4.343079112877793E+050
   5.20000000000000       4.154317398202319E+050
   5.25000000000000       3.975837629179562E+050
   5.30000000000000       3.805189490954638E+050
   5.35000000000000       3.638841192767316E+050
   5.40000000000000       3.479424792995173E+050
   5.45000000000000       3.324300146843671E+050
   5.50000000000000       3.174034449899191E+050
   5.55000000000000       3.031198289381396E+050
   5.60000000000000       2.894130749740157E+050
   5.65000000000000       2.765254075414238E+050
   5.70000000000000       2.642694990749822E+050
   5.75000000000000       2.522745705430451E+050
   5.80000000000000       2.409048466203495E+050
   5.85000000000000       2.300426879809197E+050
   5.90000000000000       2.197581053164999E+050
   5.95000000000000       2.097397605984646E+050
   6.00000000000000       2.000413789558881E+050
   6.05000000000000       1.907258347530324E+050
   6.10000000000000       1.817150757392992E+050
   6.15000000000000       1.731023252066448E+050
   6.20000000000000       1.647650675162118E+050
   6.25000000000000       1.569308282934018E+050
   6.30000000000000       1.495597112392584E+050
   6.35000000000000       1.425190869531728E+050
   6.40000000000000       1.357918791010414E+050
   6.45000000000000       1.292852651691901E+050
   6.50000000000000       1.231672783484646E+050
   6.55000000000000       1.175145329181887E+050
   6.60000000000000       1.120311242021849E+050
   6.65000000000000       1.066677201058980E+050
   6.70000000000000       1.014726335045455E+050
   6.75000000000000       9.653061942143601E+049
   6.80000000000000       9.177931277612291E+049
   6.85000000000000       8.718195264367252E+049
   6.90000000000000       8.287016744450847E+049
   6.95000000000000       7.879620686970443E+049
   7.00000000000000       7.488289970054297E+049
   7.05000000000000       7.106425192531839E+049
   7.10000000000000       6.748321345966271E+049
   7.15000000000000       6.419502620131531E+049
   7.20000000000000       6.109926993257696E+049
   7.25000000000000       5.816265798937624E+049
   7.30000000000000       5.528724495441765E+049
   7.35000000000000       5.257400002700232E+049
   7.40000000000000       4.996607106426813E+049
   7.45000000000000       4.741909962252980E+049
   7.50000000000000       4.502427383132845E+049
   7.55000000000000       4.272857538440017E+049
   7.60000000000000       4.053486154491527E+049
   7.65000000000000       3.840992120657223E+049
   7.70000000000000       3.640562097319091E+049
   7.75000000000000       3.447475769276423E+049
   7.80000000000000       3.273081910499205E+049
   7.85000000000000       3.109935785042307E+049
   7.90000000000000       2.949365658355786E+049
   7.95000000000000       2.799592971499935E+049
   8.00000000000000       2.659613993625514E+049
   8.05000000000000       2.524038567371019E+049
   8.10000000000000       2.394815441695115E+049
   8.15000000000000       2.273303142800612E+049
   8.20000000000000       2.155485643648390E+049
   8.25000000000000       2.041767025323703E+049
   8.30000000000000       1.931931927296997E+049
   8.35000000000000       1.828694606207524E+049
   8.40000000000000       1.730416844823180E+049
   8.45000000000000       1.637227599033109E+049
   8.50000000000000       1.552662118305695E+049
   8.55000000000000       1.472347244510653E+049
   8.60000000000000       1.392985811117035E+049
   8.65000000000000       1.317266236958270E+049
   8.70000000000000       1.248178004306008E+049
   8.75000000000000       1.184638744211195E+049
   8.80000000000000       1.124026744701209E+049
   8.85000000000000       1.065748480693969E+049
   8.90000000000000       1.008996333477706E+049
   8.95000000000000       9.547082949785184E+048
   9.00000000000000       9.027159531026298E+048
   9.05000000000000       8.537809221857480E+048
   9.10000000000000       8.072980235312605E+048
   9.15000000000000       7.630610018570840E+048
   9.20000000000000       7.222329822139000E+048
   9.25000000000000       6.831589534267083E+048
   9.30000000000000       6.443887094927138E+048
   9.35000000000000       6.078158030537118E+048
   9.40000000000000       5.752696078948404E+048
   9.45000000000000       5.457165209061391E+048
   9.50000000000000       5.178799357866778E+048
   9.55000000000000       4.903984070460969E+048
   9.60000000000000       4.641901221921757E+048
   9.65000000000000       4.387027657783558E+048
   9.70000000000000       4.144030606682767E+048
   9.75000000000000       3.918454786471149E+048
   9.80000000000000       3.704799484937508E+048
   9.85000000000000       3.494417363741640E+048
   9.90000000000000       3.297338827267586E+048
   9.95000000000000       3.112809002450633E+048
   10.0000000000000       2.937504130944236E+048
   10.0500000000000       2.767088730724178E+048
   10.1000000000000       2.614680437825564E+048
   10.1500000000000       2.475962886941000E+048
   10.2000000000000       2.346573895504963E+048
   10.2500000000000       2.221492139472761E+048
   10.3000000000000       2.099055011197182E+048
   10.3500000000000       1.983713031860839E+048
   10.4000000000000       1.874280323970844E+048
   10.4500000000000       1.773131983832223E+048
   10.5000000000000       1.672433362958071E+048
   10.5500000000000       1.574180614558347E+048
   10.6000000000000       1.484264632531091E+048
   10.6500000000000       1.401814346191688E+048
   10.7000000000000       1.322724514058282E+048
   10.7500000000000       1.245296827366827E+048
   10.8000000000000       1.172624372476455E+048
   10.8500000000000       1.106899175207450E+048
   10.9000000000000       1.047991762494814E+048
   10.9500000000000       9.908536009519359E+047
   11.0000000000000       9.374774692737692E+047
   11.0500000000000       8.861912088645633E+047
   11.1000000000000       8.369287431521529E+047
   11.1500000000000       7.908174506697868E+047
   11.2000000000000       7.455619469763735E+047
   11.2500000000000       7.016283395817597E+047
   11.3000000000000       6.615311064412246E+047
   11.3500000000000       6.249765533328666E+047
   11.4000000000000       5.891338631557808E+047
   11.4500000000000       5.534837562282432E+047
   11.5000000000000       5.193050921965835E+047
   11.5500000000000       4.883700165458275E+047
   11.6000000000000       4.616557332425742E+047
   11.6500000000000       4.371241721691256E+047
   11.7000000000000       4.134995970656864E+047
   11.7500000000000       3.909695778519697E+047
   11.8000000000000       3.693688651899631E+047
   11.8500000000000       3.491401031474605E+047
   11.9000000000000       3.291634992425406E+047
   11.9500000000000       3.095881768749151E+047
   12.0000000000000       2.917631453301539E+047
   12.0500000000000       2.751483625998545E+047
   12.1000000000000       2.588941377037203E+047
   12.1500000000000       2.431465787735839E+047
   12.2000000000000       2.278817351901937E+047
   12.2500000000000       2.142238458724292E+047
   12.3000000000000       2.017825336928488E+047
   12.3500000000000       1.910322321854145E+047
   12.4000000000000       1.805866357742683E+047
   12.4500000000000       1.708096090836134E+047
   12.5000000000000       1.615371739802703E+047
   12.5500000000000       1.525832368575526E+047
   12.6000000000000       1.437949784265368E+047
   12.6500000000000       1.348217101142126E+047
   12.7000000000000       1.269005585214324E+047
   12.7500000000000       1.196506967099805E+047
   12.8000000000000       1.126270738945155E+047
   12.8500000000000       1.056224394630032E+047
   12.9000000000000       9.891964285792891E+046
   12.9500000000000       9.277690066324843E+046
   13.0000000000000       8.722698223208929E+046
   13.0500000000000       8.178712923479309E+046
   13.1000000000000       7.749427897880994E+046
   13.1500000000000       7.331451603932979E+046
   13.2000000000000       6.933989618918828E+046
   13.2500000000000       6.548723167157366E+046
   13.3000000000000       6.170831567915362E+046
   13.3500000000000       5.795965215450145E+046
   13.4000000000000       5.400944823835911E+046
   13.4500000000000       5.092903241601516E+046
   13.5000000000000       4.791749752449516E+046
   13.5500000000000       4.462458915548538E+046
   13.6000000000000       4.179604159941749E+046
   13.6500000000000       3.866198085575782E+046
   13.7000000000000       3.619021025056567E+046
   13.7500000000000       3.419776552490060E+046
   13.8000000000000       3.186680765929863E+046
   13.8500000000000       3.016177334053387E+046
   13.9000000000000       2.853254514457473E+046
   13.9500000000000       2.695497564033713E+046
   14.0000000000000       2.538932939243684E+046
   14.0500000000000       2.353561630710912E+046
   14.1000000000000       2.203124315450061E+046
   14.1500000000000       2.078677764130448E+046
   14.2000000000000       1.925270625549874E+046
   14.2500000000000       1.809593444856763E+046
   14.3000000000000       1.681810686889344E+046
   14.3500000000000       1.537831753460958E+046
   14.4000000000000       1.445969270424229E+046
   14.4500000000000       1.360079030571798E+046
   14.5000000000000       1.289058325458257E+046
   14.5500000000000       1.220283320018186E+046
   14.6000000000000       1.155849023724827E+046
   14.6500000000000       1.092903729303069E+046
   14.7000000000000       1.030778039208256E+046
   14.7500000000000       9.690452789984269E+045
   14.8000000000000       9.067309407482021E+045
   14.8500000000000       8.570600374985778E+045
   14.9000000000000       8.041141188185622E+045
   14.9500000000000       7.320794574966021E+045
   15.0000000000000       6.861016178536966E+045
   15.0500000000000       6.408114115711769E+045
   15.1000000000000       6.003784076417403E+045
   15.1500000000000       5.632803723874941E+045
   15.2000000000000       5.325147567382845E+045
   15.2500000000000       4.970612595178518E+045
   15.3000000000000       4.714528112485527E+045
   15.3500000000000       4.329949025801188E+045
   15.4000000000000       4.085554941322236E+045
   15.4500000000000       3.840905806607834E+045
   15.5000000000000       3.560435059301680E+045
   15.5500000000000       3.257309732707549E+045
   15.6000000000000       3.073802146381363E+045
   15.6500000000000       2.890188007478866E+045
   15.7000000000000       2.666785721761326E+045
   15.7500000000000       2.430031943856343E+045
   15.8000000000000       2.237545074062608E+045
   15.8500000000000       2.043889720008242E+045
   15.9000000000000       1.877164378865728E+045
   15.9500000000000       1.528550654233413E+045
   16.0000000000000       1.453296521336727E+045
   16.0500000000000       1.378001343561181E+045
   16.1000000000000       1.302656939895908E+045
   16.1500000000000       1.227252764151288E+045
   16.2000000000000       1.098988214729387E+045
   16.2500000000000       1.040158752686524E+045
   16.3000000000000       9.819476021404738E+044
   16.3500000000000       9.236979487137501E+044
   16.4000000000000       8.654023502769152E+044
   16.4500000000000       8.070512788864635E+044
   16.5000000000000       7.491441126161063E+044
   16.5500000000000       7.030713531648433E+044
   16.6000000000000       6.592866279224174E+044
   16.6500000000000       6.268761713761423E+044
   16.7000000000000       5.968459063304070E+044
   16.7500000000000       5.667969980819023E+044
   16.8000000000000       5.367257371724667E+044
   16.8500000000000       5.066273448651985E+044
   16.9000000000000       4.764955514420575E+044
   16.9500000000000       2.786312423555919E+044
   17.0000000000000       2.627617109574772E+044
   17.0500000000000       2.468912917072343E+044
   17.1000000000000       2.310198065386892E+044
   17.1500000000000       2.151470232535531E+044
   17.2000000000000       1.992726329283924E+044
   17.2500000000000       1.107966042146852E+044
   17.3000000000000       1.017466543479222E+044
   17.3500000000000       6.019969352374162E+043
   17.4000000000000       5.775508953957642E+043
   17.4500000000000       5.531047822284696E+043
   17.5000000000000       5.286585915651538E+043
   17.5500000000000       5.042123187176923E+043
   17.6000000000000       4.797659583774170E+043
   17.6500000000000       4.553195044840874E+043
   17.7000000000000       4.308729500560361E+043
   17.7500000000000       4.064262869666565E+043
   17.8000000000000       3.819795056451330E+043
   17.8500000000000       3.575325946678280E+043
   17.9000000000000       3.330855401876614E+043
   17.9500000000000       3.086383251175941E+043
   18.0000000000000       2.841909279278148E+043
   18.0500000000000       2.607566219983760E+043
   18.1000000000000       5.357410816414369E+042
   18.1500000000000       5.130411358350475E+042
   18.2000000000000       4.903410611093651E+042
   18.2500000000000       4.676408504187638E+042
   18.3000000000000       4.449404958747891E+042
   18.3500000000000       4.222399885824571E+042
   18.4000000000000       3.995393184310371E+042
   18.4500000000000       3.768384738227619E+042
   18.5000000000000       3.541374413148512E+042
   18.5500000000000       3.314362051381024E+042
   18.6000000000000       3.087347465348883E+042
   18.6500000000000       2.860330428261878E+042
   18.7000000000000       2.633310660584084E+042
   18.7500000000000       1.169306023716569E+042
   18.8000000000000        1139868614.00000     
   18.8500000000000        1139868614.00000     
   18.9000000000000        1139868614.00000     
   18.9500000000000        1139868614.00000     
   19.0000000000000        1139868614.00000     
   19.0500000000000        1139868614.00000     
   19.1000000000000        1139868614.00000     
   19.1500000000000        1139868614.00000     
   19.2000000000000        1139868614.00000     
   19.2500000000000        1139868614.00000     
   19.3000000000000        1139868614.00000     
   19.3500000000000        1139868614.00000     
   19.4000000000000        1139868614.00000     
   19.4500000000000        1139868614.00000     
   19.5000000000000        1139868614.00000     
   19.5500000000000        1139868614.00000     
   19.6000000000000        1139868614.00000     
   19.6500000000000        1139868614.00000     
   19.7000000000000        1139868614.00000     
   19.7500000000000        1139868614.00000     
   19.8000000000000        1139868614.00000     
   19.8500000000000        1139868614.00000     
   19.9000000000000        1139868614.00000     
   19.9500000000000        1139868614.00000     
   20.0000000000000        1139868614.00000     
   20.0500000000000        1139868614.00000     
   20.1000000000000        1139868614.00000     
   20.1500000000000        1139868614.00000     
   20.2000000000000        1139868614.00000     
   20.2500000000000        1139868614.00000     
   20.3000000000000        1139868614.00000     
   20.3500000000000        1139868614.00000     
   20.4000000000000        1139868614.00000     
   20.4500000000000        1139868614.00000     
   20.5000000000000        1139868614.00000     
   20.5500000000000        1139868614.00000     
   20.6000000000000        1139868614.00000     
   20.6500000000000        1139868614.00000     
   20.7000000000000        1139868614.00000     
   20.7500000000000        1139868614.00000     
   20.8000000000000        1139868614.00000     
   20.8500000000000        1139868614.00000     
   20.9000000000000        1139868614.00000     
   20.9500000000000        1139868614.00000     
   21.0000000000000        1139868614.00000     
   21.0500000000000        1139868614.00000     
   21.1000000000000        1139868614.00000     
   21.1500000000000        1139868614.00000     
   21.2000000000000        1139868614.00000     
   21.2500000000000        1139868614.00000     
   21.3000000000000        1139868614.00000     
   21.3500000000000        1139868614.00000     
   21.4000000000000        1139868614.00000     
   21.4500000000000        1139868614.00000     
   21.5000000000000        1139868614.00000     
   21.5500000000000        1139868614.00000     
   21.6000000000000        1139868614.00000     
   21.6500000000000        1139868614.00000     
   21.7000000000000        1139868614.00000     
   21.7500000000000        1139868614.00000     
   21.8000000000000        1139868614.00000     
   21.8500000000000        1139868614.00000     
   21.9000000000000        1139868614.00000     
   21.9500000000000        1139868614.00000     
   22.0000000000000        1139868614.00000     
   22.0500000000000        1139868614.00000     
   22.1000000000000        1139868614.00000     
   22.1500000000000        1139868614.00000     
   22.2000000000000        1139868614.00000     
   22.2500000000000        1139868614.00000     
   22.3000000000000        1139868614.00000     
   22.3500000000000        1139868614.00000     
   22.4000000000000        1139868614.00000     
   22.4500000000000        1139868614.00000     
   22.5000000000000        1139868614.00000     
   22.5500000000000        1139868614.00000     
   22.6000000000000        1139868614.00000     
   22.6500000000000        1139868614.00000     
   22.7000000000000        1139868614.00000     
   22.7500000000000        1139868614.00000     
   22.8000000000000        1139868614.00000     
   22.8500000000000        1139868614.00000     
   22.9000000000000        1139868614.00000     
   22.9500000000000        1139868614.00000     
   23.0000000000000        1139868614.00000     
   23.0500000000000        1139868614.00000     
   23.1000000000000        1139868614.00000     
   23.1500000000000        1139868614.00000     
   23.2000000000000        1139868614.00000     
   23.2500000000000        1139868614.00000     
   23.3000000000000        1139868614.00000     
   23.3500000000000        1139868614.00000     
   23.4000000000000        1139868614.00000     
   23.4500000000000        1139868614.00000     
   23.5000000000000        1139868614.00000     
   23.5500000000000        1139868614.00000     
   23.6000000000000        1139868614.00000     
   23.6500000000000        1139868614.00000     
   23.7000000000000        1139868614.00000     
   23.7500000000000        1139868614.00000     
   23.8000000000000        1139868614.00000     
   23.8500000000000        1139868614.00000     
   23.9000000000000        1139868614.00000     
   23.9500000000000        1139868614.00000     
   24.0000000000000        1139868614.00000     
   24.0500000000000        1139868614.00000     
   24.1000000000000        1139868614.00000     
   24.1500000000000        1139868614.00000     
   24.2000000000000        1139868614.00000     
   24.2500000000000        1139868614.00000     
   24.3000000000000        1139868614.00000     
   24.3500000000000        1139868614.00000     
   24.4000000000000        1139868614.00000     
   24.4500000000000        1139868614.00000     
   24.5000000000000        1139868614.00000     
   24.5500000000000        1139868614.00000     
   24.6000000000000        1139868614.00000     
   24.6500000000000        1139868614.00000     
   24.7000000000000        1139868614.00000     
   24.7500000000000        1139868614.00000     
   24.8000000000000        1139868614.00000     
   24.8500000000000        1139868614.00000     
   24.9000000000000        1139868614.00000     
   24.9500000000000        1139868614.00000     
   25.0000000000000        1139868614.00000     
