  0.000000000000000E+000  0.000000000000000E+000
  5.000000000000000E-002  2.945932533826238E+047
  0.100000000000000       1.443634894044040E+048
  0.150000000000000       8.859432543198347E+048
  0.200000000000000       2.711921940979594E+049
  0.250000000000000       6.480555403788617E+049
  0.300000000000000       1.307882227727674E+050
  0.350000000000000       2.235935971437331E+050
  0.400000000000000       3.494342932971842E+050
  0.450000000000000       5.013225717809760E+050
  0.500000000000000       6.816300792398156E+050
  0.550000000000000       8.847227068896088E+050
  0.600000000000000       1.107894783802371E+051
  0.650000000000000       1.348188555278280E+051
  0.700000000000000       1.597267672948856E+051
  0.750000000000000       1.853106823098356E+051
  0.800000000000000       2.112076599878670E+051
  0.850000000000000       2.374727508915274E+051
  0.900000000000000       2.636378406331974E+051
  0.950000000000000       2.893673150074225E+051
   1.00000000000000       3.144226702444909E+051
   1.05000000000000       3.387327824519646E+051
   1.10000000000000       3.621369991434449E+051
   1.15000000000000       3.844475343169678E+051
   1.20000000000000       4.054611703790219E+051
   1.25000000000000       4.252454016864564E+051
   1.30000000000000       4.437844447962606E+051
   1.35000000000000       4.610287821422314E+051
   1.40000000000000       4.768482101060059E+051
   1.45000000000000       4.913487775891624E+051
   1.50000000000000       5.046089270240170E+051
   1.55000000000000       5.164850270264593E+051
   1.60000000000000       5.270212745905034E+051
   1.65000000000000       5.362570213989819E+051
   1.70000000000000       5.440758647526315E+051
   1.75000000000000       5.506583734921443E+051
   1.80000000000000       5.560571289794711E+051
   1.85000000000000       5.602584020595533E+051
   1.90000000000000       5.632984075416059E+051
   1.95000000000000       5.652738205180035E+051
   2.00000000000000       5.663009766923816E+051
   2.05000000000000       5.664276199171563E+051
   2.10000000000000       5.656889246430201E+051
   2.15000000000000       5.641641912983630E+051
   2.20000000000000       5.617862484387783E+051
   2.25000000000000       5.587653715452387E+051
   2.30000000000000       5.549998129387626E+051
   2.35000000000000       5.506091518155995E+051
   2.40000000000000       5.455799657715301E+051
   2.45000000000000       5.400528369549925E+051
   2.50000000000000       5.339663643276806E+051
   2.55000000000000       5.274782595783965E+051
   2.60000000000000       5.205527866108821E+051
   2.65000000000000       5.132855262029099E+051
   2.70000000000000       5.056708900094980E+051
   2.75000000000000       4.978145012644068E+051
   2.80000000000000       4.896579615025290E+051
   2.85000000000000       4.812428533096823E+051
   2.90000000000000       4.726131583454156E+051
   2.95000000000000       4.637962898283883E+051
   3.00000000000000       4.547939476036937E+051
   3.05000000000000       4.457939670683919E+051
   3.10000000000000       4.367010219667163E+051
   3.15000000000000       4.275345167976219E+051
   3.20000000000000       4.183736185884346E+051
   3.25000000000000       4.091305446780722E+051
   3.30000000000000       3.998550731098804E+051
   3.35000000000000       3.906105593524406E+051
   3.40000000000000       3.813389753351556E+051
   3.45000000000000       3.721688157767756E+051
   3.50000000000000       3.629828297956062E+051
   3.55000000000000       3.538698412478367E+051
   3.60000000000000       3.448098486730610E+051
   3.65000000000000       3.358799654040751E+051
   3.70000000000000       3.269414136940072E+051
   3.75000000000000       3.181828107396341E+051
   3.80000000000000       3.095319921827702E+051
   3.85000000000000       3.010146609004561E+051
   3.90000000000000       2.926122063793201E+051
   3.95000000000000       2.843551993003879E+051
   4.00000000000000       2.762477995025915E+051
   4.05000000000000       2.682955131618900E+051
   4.10000000000000       2.604299095364095E+051
   4.15000000000000       2.526873518529214E+051
   4.20000000000000       2.451236222834900E+051
   4.25000000000000       2.377704697137103E+051
   4.30000000000000       2.305130969046973E+051
   4.35000000000000       2.234815419569101E+051
   4.40000000000000       2.166743603999350E+051
   4.45000000000000       2.100211863241044E+051
   4.50000000000000       2.034663199438157E+051
   4.55000000000000       1.971121307823444E+051
   4.60000000000000       1.909058459845809E+051
   4.65000000000000       1.848168688467466E+051
   4.70000000000000       1.788737103867440E+051
   4.75000000000000       1.730073752626892E+051
   4.80000000000000       1.673522847912559E+051
   4.85000000000000       1.617282848772656E+051
   4.90000000000000       1.562231388885575E+051
   4.95000000000000       1.508966497964992E+051
   5.00000000000000       1.457659252819846E+051
   5.05000000000000       1.408010044877210E+051
   5.10000000000000       1.358915354597982E+051
   5.15000000000000       1.311719471726054E+051
   5.20000000000000       1.266051462867076E+051
   5.25000000000000       1.221833804674969E+051
   5.30000000000000       1.179567862475589E+051
   5.35000000000000       1.138968475109994E+051
   5.40000000000000       1.099505411803729E+051
   5.45000000000000       1.060987041490108E+051
   5.50000000000000       1.023094844119973E+051
   5.55000000000000       9.866750506681956E+050
   5.60000000000000       9.513266809922499E+050
   5.65000000000000       9.168598070310508E+050
   5.70000000000000       8.832025428690345E+050
   5.75000000000000       8.505704637810997E+050
   5.80000000000000       8.187696621766465E+050
   5.85000000000000       7.880852122576156E+050
   5.90000000000000       7.581695347528041E+050
   5.95000000000000       7.296116799061467E+050
   6.00000000000000       7.023873117707964E+050
   6.05000000000000       6.761631340930924E+050
   6.10000000000000       6.508117419639821E+050
   6.15000000000000       6.265219973003618E+050
   6.20000000000000       6.029625736650145E+050
   6.25000000000000       5.801064275335978E+050
   6.30000000000000       5.579644390219594E+050
   6.35000000000000       5.364090418010547E+050
   6.40000000000000       5.153482400655223E+050
   6.45000000000000       4.948525959688891E+050
   6.50000000000000       4.756170378802496E+050
   6.55000000000000       4.568559042929814E+050
   6.60000000000000       4.389063264105413E+050
   6.65000000000000       4.215611133263441E+050
   6.70000000000000       4.049453946803052E+050
   6.75000000000000       3.888789995346397E+050
   6.80000000000000       3.736181593033474E+050
   6.85000000000000       3.590783259551301E+050
   6.90000000000000       3.450129628305666E+050
   6.95000000000000       3.312891642705072E+050
   7.00000000000000       3.179649237598087E+050
   7.05000000000000       3.049124599833619E+050
   7.10000000000000       2.922368730380523E+050
   7.15000000000000       2.800288516604557E+050
   7.20000000000000       2.686318806737432E+050
   7.25000000000000       2.574597102341435E+050
   7.30000000000000       2.466673750039039E+050
   7.35000000000000       2.364782106415872E+050
   7.40000000000000       2.266317427187291E+050
   7.45000000000000       2.173861742485430E+050
   7.50000000000000       2.086198387300627E+050
   7.55000000000000       2.001593758702737E+050
   7.60000000000000       1.920009700660985E+050
   7.65000000000000       1.840608962543927E+050
   7.70000000000000       1.765210163598413E+050
   7.75000000000000       1.691619952397841E+050
   7.80000000000000       1.619849635721233E+050
   7.85000000000000       1.549243267060566E+050
   7.90000000000000       1.482994566309473E+050
   7.95000000000000       1.419179985751956E+050
   8.00000000000000       1.357048785234163E+050
   8.05000000000000       1.298021430944592E+050
   8.10000000000000       1.240842676145889E+050
   8.15000000000000       1.187522876673172E+050
   8.20000000000000       1.135863472734863E+050
   8.25000000000000       1.087350853678757E+050
   8.30000000000000       1.041504635668189E+050
   8.35000000000000       9.977512938441751E+049
   8.40000000000000       9.563517271104378E+049
   8.45000000000000       9.159865146500986E+049
   8.50000000000000       8.769981527140674E+049
   8.55000000000000       8.382254973988461E+049
   8.60000000000000       8.017593017475122E+049
   8.65000000000000       7.667004924419712E+049
   8.70000000000000       7.324476841906324E+049
   8.75000000000000       6.993944230186806E+049
   8.80000000000000       6.677078172865336E+049
   8.85000000000000       6.370245124796158E+049
   8.90000000000000       6.080692409270649E+049
   8.95000000000000       5.806381559926258E+049
   9.00000000000000       5.545075719625137E+049
   9.05000000000000       5.297602909360236E+049
   9.10000000000000       5.065120155817805E+049
   9.15000000000000       4.844334969631890E+049
   9.20000000000000       4.637089144297708E+049
   9.25000000000000       4.436558310628478E+049
   9.30000000000000       4.244173525079908E+049
   9.35000000000000       4.059128250377145E+049
   9.40000000000000       3.877322248844477E+049
   9.45000000000000       3.698290683952013E+049
   9.50000000000000       3.529492579060960E+049
   9.55000000000000       3.365650383088953E+049
   9.60000000000000       3.206269454831266E+049
   9.65000000000000       3.054892338994793E+049
   9.70000000000000       2.910780453277080E+049
   9.75000000000000       2.776764133177612E+049
   9.80000000000000       2.648550224594306E+049
   9.85000000000000       2.524420247407951E+049
   9.90000000000000       2.409341074911908E+049
   9.95000000000000       2.299862901657495E+049
   10.0000000000000       2.198625756027088E+049
   10.0500000000000       2.105070361294459E+049
   10.1000000000000       2.011692484396219E+049
   10.1500000000000       1.920568752181426E+049
   10.2000000000000       1.832187666064506E+049
   10.2500000000000       1.746915281942635E+049
   10.3000000000000       1.663772686701945E+049
   10.3500000000000       1.584989032159595E+049
   10.4000000000000       1.508903206100866E+049
   10.4500000000000       1.435690080449304E+049
   10.5000000000000       1.368114148051852E+049
   10.5500000000000       1.303075044965838E+049
   10.6000000000000       1.241563917258704E+049
   10.6500000000000       1.181264422168495E+049
   10.7000000000000       1.124891361578814E+049
   10.7500000000000       1.072930155101828E+049
   10.8000000000000       1.024031103070950E+049
   10.8500000000000       9.782233004101928E+048
   10.9000000000000       9.336201124994606E+048
   10.9500000000000       8.908421983315856E+048
   11.0000000000000       8.494286870307790E+048
   11.0500000000000       8.089910151081306E+048
   11.1000000000000       7.703516565826507E+048
   11.1500000000000       7.336304006265347E+048
   11.2000000000000       6.980579881609047E+048
   11.2500000000000       6.643454263106281E+048
   11.3000000000000       6.323135089574593E+048
   11.3500000000000       6.014523825671128E+048
   11.4000000000000       5.720856328279338E+048
   11.4500000000000       5.439322475361951E+048
   11.5000000000000       5.176240800972212E+048
   11.5500000000000       4.925319930587633E+048
   11.6000000000000       4.687130115347582E+048
   11.6500000000000       4.463023685926301E+048
   11.7000000000000       4.262080936523577E+048
   11.7500000000000       4.064334562359459E+048
   11.8000000000000       3.872410346163453E+048
   11.8500000000000       3.689927007335741E+048
   11.9000000000000       3.514490441399342E+048
   11.9500000000000       3.344483381226844E+048
   12.0000000000000       3.184666549537316E+048
   12.0500000000000       3.027170731803794E+048
   12.1000000000000       2.875960711571162E+048
   12.1500000000000       2.732777767573169E+048
   12.2000000000000       2.601079252375213E+048
   12.2500000000000       2.471432589438185E+048
   12.3000000000000       2.346570709122744E+048
   12.3500000000000       2.229478792357869E+048
   12.4000000000000       2.117066499203609E+048
   12.4500000000000       2.012111231951374E+048
   12.5000000000000       1.916721190295221E+048
   12.5500000000000       1.828633766144063E+048
   12.6000000000000       1.743417405231120E+048
   12.6500000000000       1.660895064537661E+048
   12.7000000000000       1.581481772082306E+048
   12.7500000000000       1.505631928831204E+048
   12.8000000000000       1.431493349463101E+048
   12.8500000000000       1.360305003188809E+048
   12.9000000000000       1.293991492509362E+048
   12.9500000000000       1.229272718341422E+048
   13.0000000000000       1.167641314780123E+048
   13.0500000000000       1.108479048042762E+048
   13.1000000000000       1.050710728080921E+048
   13.1500000000000       9.976404437491671E+047
   13.2000000000000       9.452187575925840E+047
   13.2500000000000       8.972832811500780E+047
   13.3000000000000       8.527148069838300E+047
   13.3500000000000       8.131678120294666E+047
   13.4000000000000       7.751656895799041E+047
   13.4500000000000       7.378351319917838E+047
   13.5000000000000       7.030226720363449E+047
   13.5500000000000       6.689357593918559E+047
   13.6000000000000       6.356122412145178E+047
   13.6500000000000       6.041147553429725E+047
   13.7000000000000       5.743551648497042E+047
   13.7500000000000       5.448035211690332E+047
   13.8000000000000       5.177669670523021E+047
   13.8500000000000       4.915995765442674E+047
   13.9000000000000       4.657476830506510E+047
   13.9500000000000       4.412426141335710E+047
   14.0000000000000       4.180193109557007E+047
   14.0500000000000       3.961352354331910E+047
   14.1000000000000       3.755996867951763E+047
   14.1500000000000       3.568127351561939E+047
   14.2000000000000       3.402442225081534E+047
   14.2500000000000       3.244504025833880E+047
   14.3000000000000       3.093153459461828E+047
   14.3500000000000       2.945273810929875E+047
   14.4000000000000       2.802509012759969E+047
   14.4500000000000       2.659030459169261E+047
   14.5000000000000       2.525480496958489E+047
   14.5500000000000       2.390971776589417E+047
   14.6000000000000       2.272960294607677E+047
   14.6500000000000       2.157453274764201E+047
   14.7000000000000       2.041859847956473E+047
   14.7500000000000       1.930811066199053E+047
   14.8000000000000       1.829638544817080E+047
   14.8500000000000       1.723570640455973E+047
   14.9000000000000       1.633136108691992E+047
   14.9500000000000       1.548678245273862E+047
   15.0000000000000       1.477423639078379E+047
   15.0500000000000       1.409750567220875E+047
   15.1000000000000       1.342224347043036E+047
   15.1500000000000       1.277653402327098E+047
   15.2000000000000       1.215831323872236E+047
   15.2500000000000       1.154554293088308E+047
   15.3000000000000       1.081946512095666E+047
   15.3500000000000       1.027066067835099E+047
   15.4000000000000       9.755575399687567E+046
   15.4500000000000       9.252623919348183E+046
   15.5000000000000       8.759001919796373E+046
   15.5500000000000       8.276330722979547E+046
   15.6000000000000       7.841136194395678E+046
   15.6500000000000       7.412586519039390E+046
   15.7000000000000       6.926623539991277E+046
   15.7500000000000       6.564782400399046E+046
   15.8000000000000       6.240574448573135E+046
   15.8500000000000       5.957076303144797E+046
   15.9000000000000       5.681973841172663E+046
   15.9500000000000       5.410268537395405E+046
   16.0000000000000       5.073318367095247E+046
   16.0500000000000       4.821715330452737E+046
   16.1000000000000       4.585018874723646E+046
   16.1500000000000       4.351936815854392E+046
   16.2000000000000       3.988805027264687E+046
   16.2500000000000       3.785060510936374E+046
   16.3000000000000       3.583545286729653E+046
   16.3500000000000       3.386467283077793E+046
   16.4000000000000       3.115552328622552E+046
   16.4500000000000       2.948893333007752E+046
   16.5000000000000       2.787947308148916E+046
   16.5500000000000       2.641213274388288E+046
   16.6000000000000       2.447980902683368E+046
   16.6500000000000       2.333925284827196E+046
   16.7000000000000       2.227273081949824E+046
   16.7500000000000       2.122359888324590E+046
   16.8000000000000       2.004600083417693E+046
   16.8500000000000       1.906665778589877E+046
   16.9000000000000       1.815143059042984E+046
   16.9500000000000       1.723905712202684E+046
   17.0000000000000       1.614910495284909E+046
   17.0500000000000       1.520123245186581E+046
   17.1000000000000       1.440969437378401E+046
   17.1500000000000       1.362538963212249E+046
   17.2000000000000       1.247949724940544E+046
   17.2500000000000       1.182076948920059E+046
   17.3000000000000       1.116660811326784E+046
   17.3500000000000       1.056735848892710E+046
   17.4000000000000       9.998609440422826E+045
   17.4500000000000       9.494851131787224E+045
   17.5000000000000       9.073352234027673E+045
   17.5500000000000       8.578189127595838E+045
   17.6000000000000       8.182632055454137E+045
   17.6500000000000       7.540090541183585E+045
   17.7000000000000       7.183963011480600E+045
   17.7500000000000       6.829003723944778E+045
   17.8000000000000       6.486100534585552E+045
   17.8500000000000       6.101219287898874E+045
   17.9000000000000       5.786337272328192E+045
   17.9500000000000       5.368756451205369E+045
   18.0000000000000       5.062398482433386E+045
   18.0500000000000       4.683131942669379E+045
   18.1000000000000       4.296059885545387E+045
   18.1500000000000       4.052473860653816E+045
   18.2000000000000       3.764869336115040E+045
   18.2500000000000       3.418056154864974E+045
   18.3000000000000       3.254728530192988E+045
   18.3500000000000       2.934895420812467E+045
   18.4000000000000       2.804303114604664E+045
   18.4500000000000       2.673677739566645E+045
   18.5000000000000       2.330375068588548E+045
   18.5500000000000       2.217189694107905E+045
   18.6000000000000       1.671492384869637E+045
   18.6500000000000       1.589892883805982E+045
   18.7000000000000       1.508283901476577E+045
   18.7500000000000       1.426663599094533E+045
   18.8000000000000       1.345029619735727E+045
   18.8500000000000       1.268641182683232E+045
   18.9000000000000       1.195039457903081E+045
   18.9500000000000       1.121365558933308E+045
   19.0000000000000       1.057242803940322E+045
   19.0500000000000       9.958928188986009E+044
   19.1000000000000       9.441799869728058E+044
   19.1500000000000       9.071517212578102E+044
   19.2000000000000       8.720368824533887E+044
   19.2500000000000       8.369200424562784E+044
   19.3000000000000       8.018009161128734E+044
   19.3500000000000       7.666791600873206E+044
   19.4000000000000       7.315543570929410E+044
   19.4500000000000       6.964259946691373E+044
   19.5000000000000       6.612934361536085E+044
   19.5500000000000       6.261558802620494E+044
   19.6000000000000       5.910123036556607E+044
   19.6500000000000       4.188240788528117E+044
   19.7000000000000       3.942396406512098E+044
   19.7500000000000       3.696534159689353E+044
   19.8000000000000       2.422915624218528E+044
   19.8500000000000       2.258558063962209E+044
   19.9000000000000       1.968162379792085E+044
   19.9500000000000       1.855888479607103E+044
   20.0000000000000       1.790149467913121E+044
   20.0500000000000       1.724410323966850E+044
   20.1000000000000       1.658671033520846E+044
   20.1500000000000       1.592931580008515E+044
   20.2000000000000       1.527191944042426E+044
   20.2500000000000       1.461452102775509E+044
   20.3000000000000       1.395712029078690E+044
   20.3500000000000       1.329971690471368E+044
   20.4000000000000       1.264231047711968E+044
   20.4500000000000       1.198490052916212E+044
   20.5000000000000       1.132748647006114E+044
   20.5500000000000       1.067006756194093E+044
   20.6000000000000       1.001264287047746E+044
   20.6500000000000       9.355211194149351E+043
   20.7000000000000       8.697770960426799E+043
   20.7500000000000       5.339248434720775E+043
   20.8000000000000       2.544668474447841E+043
   20.8500000000000       2.453943832566377E+043
   20.9000000000000       2.363218968563565E+043
   20.9500000000000       2.272493873585411E+043
   21.0000000000000       2.181768538046633E+043
   21.0500000000000       2.091042951536112E+043
   21.1000000000000       2.000317102704681E+043
   21.1500000000000       1.909590979131904E+043
   21.2000000000000       1.818864567166214E+043
   21.2500000000000       1.728137851731461E+043
   21.3000000000000       1.637410816089919E+043
   21.3500000000000       1.546683441549668E+043
   21.4000000000000       1.455955707098075E+043
   21.4500000000000       1.365227588936866E+043
   21.5000000000000       1.274499059882182E+043
   21.5500000000000       1.183770088577240E+043
   21.6000000000000       1.482102365030747E+042
   21.6500000000000       1.429893983288970E+042
   21.7000000000000       1.377685471450162E+042
   21.7500000000000       1.325476824319712E+042
   21.8000000000000       1.273268036269978E+042
   21.8500000000000       1.221059101183545E+042
   21.9000000000000       1.168850012385478E+042
   21.9500000000000       1.116640762562704E+042
   22.0000000000000       1.064431343666779E+042
   22.0500000000000       1.012221746795463E+042
   22.1000000000000       9.600119620472834E+041
   22.1500000000000       9.078019783406633E+041
   22.2000000000000       8.555917831856677E+041
   22.2500000000000       8.033813623922517E+041
   22.3000000000000       7.511706996905254E+041
   22.3500000000000       6.989597762273304E+041
   22.4000000000000       6.467485698831696E+041
   22.4500000000000        1044870612.66667     
   22.5000000000000        1044870612.66667     
   22.5500000000000        1044870612.66667     
   22.6000000000000        1044870612.66667     
   22.6500000000000        1044870612.66667     
   22.7000000000000        1044870612.66667     
   22.7500000000000        1044870612.66667     
   22.8000000000000        1044870612.66667     
   22.8500000000000        1044870612.66667     
   22.9000000000000        1044870612.66667     
   22.9500000000000        1044870612.66667     
   23.0000000000000        1044870612.66667     
   23.0500000000000        1044870612.66667     
   23.1000000000000        1044870612.66667     
   23.1500000000000        1044870612.66667     
   23.2000000000000        1044870612.66667     
   23.2500000000000        1044870612.66667     
   23.3000000000000        1044870612.66667     
   23.3500000000000        1044870612.66667     
   23.4000000000000        1044870612.66667     
   23.4500000000000        1044870612.66667     
   23.5000000000000        1044870612.66667     
   23.5500000000000        1044870612.66667     
   23.6000000000000        1044870612.66667     
   23.6500000000000        1044870612.66667     
   23.7000000000000        1044870612.66667     
   23.7500000000000        1044870612.66667     
   23.8000000000000        1044870612.66667     
   23.8500000000000        1044870612.66667     
   23.9000000000000        1044870612.66667     
   23.9500000000000        1044870612.66667     
   24.0000000000000        1044870612.66667     
   24.0500000000000        1044870612.66667     
   24.1000000000000        1044870612.66667     
   24.1500000000000        1044870612.66667     
   24.2000000000000        1044870612.66667     
   24.2500000000000        1044870612.66667     
   24.3000000000000        1044870612.66667     
   24.3500000000000        1044870612.66667     
   24.4000000000000        1044870612.66667     
   24.4500000000000        1044870612.66667     
   24.5000000000000        1044870612.66667     
   24.5500000000000        1044870612.66667     
   24.6000000000000        1044870612.66667     
   24.6500000000000        1044870612.66667     
   24.7000000000000        1044870612.66667     
   24.7500000000000        1044870612.66667     
   24.8000000000000        1044870612.66667     
   24.8500000000000        1044870612.66667     
   24.9000000000000        1044870612.66667     
   24.9500000000000        1044870612.66667     
   25.0000000000000        1044870612.66667     
