  0.000000000000000E+000  0.000000000000000E+000
  5.000000000000000E-002  1.278702433681749E+046
  0.100000000000000       4.084014618238783E+047
  0.150000000000000       2.346098190984121E+048
  0.200000000000000       9.575457090393369E+048
  0.250000000000000       2.569729773499615E+049
  0.300000000000000       5.546913433405185E+049
  0.350000000000000       9.941468146108444E+049
  0.400000000000000       1.578026826722069E+050
  0.450000000000000       2.305932424198789E+050
  0.500000000000000       3.148753675595405E+050
  0.550000000000000       4.053759697526075E+050
  0.600000000000000       5.008179495372524E+050
  0.650000000000000       5.990261754180361E+050
  0.700000000000000       6.970741618784233E+050
  0.750000000000000       7.935986450089453E+050
  0.800000000000000       8.878005287233121E+050
  0.850000000000000       9.785494173703869E+050
  0.900000000000000       1.064420397819338E+051
  0.950000000000000       1.144656810839448E+051
   1.00000000000000       1.218504174608305E+051
   1.05000000000000       1.286039661984958E+051
   1.10000000000000       1.346510236930637E+051
   1.15000000000000       1.399353246998824E+051
   1.20000000000000       1.445320907662120E+051
   1.25000000000000       1.483967968961853E+051
   1.30000000000000       1.515698872822765E+051
   1.35000000000000       1.540455504642278E+051
   1.40000000000000       1.558344920781417E+051
   1.45000000000000       1.570702272089623E+051
   1.50000000000000       1.577498370709204E+051
   1.55000000000000       1.579177045826722E+051
   1.60000000000000       1.575727165371005E+051
   1.65000000000000       1.567867406448249E+051
   1.70000000000000       1.555812405050677E+051
   1.75000000000000       1.540076075050842E+051
   1.80000000000000       1.521066910373929E+051
   1.85000000000000       1.498822864274192E+051
   1.90000000000000       1.473799110769048E+051
   1.95000000000000       1.446546057500981E+051
   2.00000000000000       1.417321889412643E+051
   2.05000000000000       1.386453826577568E+051
   2.10000000000000       1.354109166267264E+051
   2.15000000000000       1.320534119204761E+051
   2.20000000000000       1.285959790718636E+051
   2.25000000000000       1.250653246946093E+051
   2.30000000000000       1.214703752246706E+051
   2.35000000000000       1.178718486971431E+051
   2.40000000000000       1.142372835365358E+051
   2.45000000000000       1.105857083457467E+051
   2.50000000000000       1.069658832608506E+051
   2.55000000000000       1.033818962625003E+051
   2.60000000000000       9.980171101596918E+050
   2.65000000000000       9.624633484537829E+050
   2.70000000000000       9.270744035179824E+050
   2.75000000000000       8.926668302746735E+050
   2.80000000000000       8.585790216202181E+050
   2.85000000000000       8.248734089473071E+050
   2.90000000000000       7.926471514548294E+050
   2.95000000000000       7.609252077688897E+050
   3.00000000000000       7.303701708420009E+050
   3.05000000000000       7.005885612214238E+050
   3.10000000000000       6.718363706005844E+050
   3.15000000000000       6.437591781046847E+050
   3.20000000000000       6.162403434332145E+050
   3.25000000000000       5.894268518681079E+050
   3.30000000000000       5.639611211430996E+050
   3.35000000000000       5.390570606915477E+050
   3.40000000000000       5.149755404250558E+050
   3.45000000000000       4.916505678976657E+050
   3.50000000000000       4.694353785069799E+050
   3.55000000000000       4.476336608834118E+050
   3.60000000000000       4.265932427168597E+050
   3.65000000000000       4.061679964114293E+050
   3.70000000000000       3.868777754234514E+050
   3.75000000000000       3.684593864798639E+050
   3.80000000000000       3.508810725209695E+050
   3.85000000000000       3.341208778536246E+050
   3.90000000000000       3.180742241703610E+050
   3.95000000000000       3.028210375913355E+050
   4.00000000000000       2.878129789282242E+050
   4.05000000000000       2.731257447253702E+050
   4.10000000000000       2.595054233604598E+050
   4.15000000000000       2.463959784224988E+050
   4.20000000000000       2.337670804044862E+050
   4.25000000000000       2.218236460955072E+050
   4.30000000000000       2.104287846432549E+050
   4.35000000000000       1.996935716100210E+050
   4.40000000000000       1.894090575184822E+050
   4.45000000000000       1.795862902146166E+050
   4.50000000000000       1.700534130943398E+050
   4.55000000000000       1.609151747417329E+050
   4.60000000000000       1.523116795098609E+050
   4.65000000000000       1.442203729408863E+050
   4.70000000000000       1.364721865254730E+050
   4.75000000000000       1.290693914758545E+050
   4.80000000000000       1.221111629752349E+050
   4.85000000000000       1.155142606781511E+050
   4.90000000000000       1.093431188461368E+050
   4.95000000000000       1.034402590727166E+050
   5.00000000000000       9.770954068587880E+049
   5.05000000000000       9.219517282749160E+049
   5.10000000000000       8.707952416892439E+049
   5.15000000000000       8.216070912852564E+049
   5.20000000000000       7.745412793229417E+049
   5.25000000000000       7.300222696817074E+049
   5.30000000000000       6.880999805527974E+049
   5.35000000000000       6.491715927533440E+049
   5.40000000000000       6.128600288406596E+049
   5.45000000000000       5.789399469895722E+049
   5.50000000000000       5.463410564111356E+049
   5.55000000000000       5.148438441269714E+049
   5.60000000000000       4.852909905413193E+049
   5.65000000000000       4.570040481812910E+049
   5.70000000000000       4.301099920034220E+049
   5.75000000000000       4.042610998577655E+049
   5.80000000000000       3.799691444657944E+049
   5.85000000000000       3.570912754869544E+049
   5.90000000000000       3.358974225546783E+049
   5.95000000000000       3.162314850503912E+049
   6.00000000000000       2.975352587991459E+049
   6.05000000000000       2.799797499049484E+049
   6.10000000000000       2.639311719091707E+049
   6.15000000000000       2.484510851438848E+049
   6.20000000000000       2.336706949706589E+049
   6.25000000000000       2.192962428961723E+049
   6.30000000000000       2.058084297350100E+049
   6.35000000000000       1.930138206574130E+049
   6.40000000000000       1.811140111274382E+049
   6.45000000000000       1.698160838916223E+049
   6.50000000000000       1.592996298873490E+049
   6.55000000000000       1.494307139076096E+049
   6.60000000000000       1.403953548233293E+049
   6.65000000000000       1.319794229391201E+049
   6.70000000000000       1.241135936026517E+049
   6.75000000000000       1.165444789555217E+049
   6.80000000000000       1.093442353586832E+049
   6.85000000000000       1.024979286944103E+049
   6.90000000000000       9.603857934432002E+048
   6.95000000000000       8.993097199111795E+048
   7.00000000000000       8.417254144576934E+048
   7.05000000000000       7.875452153806602E+048
   7.10000000000000       7.376538014868245E+048
   7.15000000000000       6.905850805518029E+048
   7.20000000000000       6.470139933536600E+048
   7.25000000000000       6.065809082904238E+048
   7.30000000000000       5.692543645484782E+048
   7.35000000000000       5.343404098335800E+048
   7.40000000000000       5.008586726174670E+048
   7.45000000000000       4.691072224391850E+048
   7.50000000000000       4.385306860492448E+048
   7.55000000000000       4.097607376907676E+048
   7.60000000000000       3.830858608527939E+048
   7.65000000000000       3.580755431845414E+048
   7.70000000000000       3.347045350173445E+048
   7.75000000000000       3.125963515793877E+048
   7.80000000000000       2.921816309891888E+048
   7.85000000000000       2.734028583169867E+048
   7.90000000000000       2.566371776958801E+048
   7.95000000000000       2.404858923316985E+048
   8.00000000000000       2.250752663784742E+048
   8.05000000000000       2.102792583350719E+048
   8.10000000000000       1.965234404068114E+048
   8.15000000000000       1.837115955095689E+048
   8.20000000000000       1.715487102237740E+048
   8.25000000000000       1.600056067242396E+048
   8.30000000000000       1.493620130704390E+048
   8.35000000000000       1.392175080266109E+048
   8.40000000000000       1.298670664251148E+048
   8.45000000000000       1.211531791959132E+048
   8.50000000000000       1.135574467277765E+048
   8.55000000000000       1.062603439456363E+048
   8.60000000000000       9.941543516840515E+047
   8.65000000000000       9.300815589555409E+047
   8.70000000000000       8.690288162108640E+047
   8.75000000000000       8.109403385227884E+047
   8.80000000000000       7.562911258664756E+047
   8.85000000000000       7.047290940016434E+047
   8.90000000000000       6.565258265730294E+047
   8.95000000000000       6.099382480006838E+047
   9.00000000000000       5.677453302868680E+047
   9.05000000000000       5.291608878405157E+047
   9.10000000000000       4.955320170782798E+047
   9.15000000000000       4.645586314765171E+047
   9.20000000000000       4.344151951636475E+047
   9.25000000000000       4.059798811751863E+047
   9.30000000000000       3.792632014569980E+047
   9.35000000000000       3.533565280233958E+047
   9.40000000000000       3.289946176776261E+047
   9.45000000000000       3.062770359634764E+047
   9.50000000000000       2.840944532976794E+047
   9.55000000000000       2.638483308921912E+047
   9.60000000000000       2.453440621346653E+047
   9.65000000000000       2.286796624570030E+047
   9.70000000000000       2.143656909508474E+047
   9.75000000000000       2.007162729960949E+047
   9.80000000000000       1.878357359618727E+047
   9.85000000000000       1.754145161414366E+047
   9.90000000000000       1.634722551174072E+047
   9.95000000000000       1.521448949417913E+047
   10.0000000000000       1.413859482905476E+047
   10.0500000000000       1.314694852880256E+047
   10.1000000000000       1.219978956458708E+047
   10.1500000000000       1.132946995847870E+047
   10.2000000000000       1.051474801320979E+047
   10.2500000000000       9.791559922912324E+046
   10.3000000000000       9.177893559771011E+046
   10.3500000000000       8.589473049870018E+046
   10.4000000000000       8.006940154542020E+046
   10.4500000000000       7.470422957297561E+046
   10.5000000000000       6.956123911547224E+046
   10.5500000000000       6.474889723390149E+046
   10.6000000000000       6.007020944669542E+046
   10.6500000000000       5.587474892855207E+046
   10.7000000000000       5.181024035677014E+046
   10.7500000000000       4.771198221214609E+046
   10.8000000000000       4.428484379449990E+046
   10.8500000000000       4.122108195743517E+046
   10.9000000000000       3.856471437250524E+046
   10.9500000000000       3.608609627832561E+046
   11.0000000000000       3.368551960614862E+046
   11.0500000000000       3.120146747546784E+046
   11.1000000000000       2.880529893073345E+046
   11.1500000000000       2.671623465001949E+046
   11.2000000000000       2.483884182177748E+046
   11.2500000000000       2.308890828823833E+046
   11.3000000000000       2.116535576627027E+046
   11.3500000000000       1.966083855719648E+046
   11.4000000000000       1.822453553975966E+046
   11.4500000000000       1.662200266321873E+046
   11.5000000000000       1.555495190421998E+046
   11.5500000000000       1.455230117408449E+046
   11.6000000000000       1.360113891963949E+046
   11.6500000000000       1.230907261507323E+046
   11.7000000000000       1.147278218516376E+046
   11.7500000000000       1.066253261652489E+046
   11.8000000000000       9.757488039332873E+045
   11.8500000000000       9.062920025673689E+045
   11.9000000000000       8.373669112905153E+045
   11.9500000000000       7.783628139680630E+045
   12.0000000000000       7.208242452907983E+045
   12.0500000000000       6.674483525780825E+045
   12.1000000000000       6.194677039298688E+045
   12.1500000000000       5.802680679284666E+045
   12.2000000000000       5.431005825712610E+045
   12.2500000000000       4.986355532344909E+045
   12.3000000000000       4.650035555942134E+045
   12.3500000000000       4.318927844846411E+045
   12.4000000000000       4.024823180813554E+045
   12.4500000000000       3.696480188561917E+045
   12.5000000000000       3.415702298336020E+045
   12.5500000000000       3.109512736922538E+045
   12.6000000000000       2.875050881130104E+045
   12.6500000000000       2.641940474659743E+045
   12.7000000000000       2.414774480699697E+045
   12.7500000000000       2.264266593721366E+045
   12.8000000000000       2.117609121655877E+045
   12.8500000000000       1.955645116704788E+045
   12.9000000000000       1.791254102648756E+045
   12.9500000000000       1.620424731838953E+045
   13.0000000000000       1.508683939612298E+045
   13.0500000000000       1.374023788930779E+045
   13.1000000000000       1.218203620571541E+045
   13.1500000000000       1.130186450264974E+045
   13.2000000000000       1.019537256681639E+045
   13.2500000000000       9.216500348047421E+044
   13.3000000000000       8.385254312301647E+044
   13.3500000000000       7.360910776805227E+044
   13.4000000000000       6.886906268226208E+044
   13.4500000000000       5.670544360804798E+044
   13.5000000000000       5.281208382742052E+044
   13.5500000000000       4.914740013284991E+044
   13.6000000000000       4.565148159955260E+044
   13.6500000000000       4.215150004855655E+044
   13.7000000000000       3.890112539025099E+044
   13.7500000000000       3.606981482041403E+044
   13.8000000000000       3.323428704265570E+044
   13.8500000000000       3.087129837193977E+044
   13.9000000000000       2.904108536998541E+044
   13.9500000000000       2.737134245778450E+044
   14.0000000000000       2.570104022578432E+044
   14.0500000000000       2.403003798572514E+044
   14.1000000000000       2.235814238895650E+044
   14.1500000000000       1.600276276643869E+044
   14.2000000000000       1.484120456279537E+044
   14.2500000000000       1.367925341478349E+044
   14.3000000000000       8.027719561266621E+043
   14.3500000000000       7.349774699506203E+043
   14.4000000000000       6.671785008526007E+043
   14.4500000000000       2.055729983038013E+043
   14.5000000000000       1.915973617696415E+043
   14.5500000000000       1.821107540614991E+043
   14.6000000000000       1.726240900500898E+043
   14.6500000000000       1.631373661307525E+043
   14.7000000000000       1.536505781883493E+043
   14.7500000000000       1.441637214779037E+043
   14.8000000000000       1.346767904646641E+043
   14.8500000000000       1.251897786048609E+043
   14.9000000000000       1.157026780372694E+043
   14.9500000000000       1.062154791359805E+043
   15.0000000000000       9.672816983845927E+042
   15.0500000000000       7.084407335293717E+042
   15.1000000000000       2.273325084663625E+041
   15.1500000000000       2.156696353757065E+041
   15.2000000000000       2.040066624023789E+041
   15.2500000000000       1.923435835442324E+041
   15.3000000000000       1.806803920308772E+041
   15.3500000000000       1.690170801645667E+041
   15.4000000000000       1.573536391133960E+041
   15.4500000000000       1.456900586371954E+041
   15.5000000000000       1.340263267160494E+041
   15.5500000000000       1.223624290333417E+041
   15.6000000000000       1.106983482334291E+041
   15.6500000000000        1253557026.66667     
   15.7000000000000        1253557026.66667     
   15.7500000000000        1253557026.66667     
   15.8000000000000        1253557026.66667     
   15.8500000000000        1253557026.66667     
   15.9000000000000        1253557026.66667     
   15.9500000000000        1253557026.66667     
   16.0000000000000        1253557026.66667     
   16.0500000000000        1253557026.66667     
   16.1000000000000        1253557026.66667     
   16.1500000000000        1253557026.66667     
   16.2000000000000        1253557026.66667     
   16.2500000000000        1253557026.66667     
   16.3000000000000        1253557026.66667     
   16.3500000000000        1253557026.66667     
   16.4000000000000        1253557026.66667     
   16.4500000000000        1253557026.66667     
   16.5000000000000        1253557026.66667     
   16.5500000000000        1253557026.66667     
   16.6000000000000        1253557026.66667     
   16.6500000000000        1253557026.66667     
   16.7000000000000        1253557026.66667     
   16.7500000000000        1253557026.66667     
   16.8000000000000        1253557026.66667     
   16.8500000000000        1253557026.66667     
   16.9000000000000        1253557026.66667     
   16.9500000000000        1253557026.66667     
   17.0000000000000        1253557026.66667     
   17.0500000000000        1253557026.66667     
   17.1000000000000        1253557026.66667     
   17.1500000000000        1253557026.66667     
   17.2000000000000        1253557026.66667     
   17.2500000000000        1253557026.66667     
   17.3000000000000        1253557026.66667     
   17.3500000000000        1253557026.66667     
   17.4000000000000        1253557026.66667     
   17.4500000000000        1253557026.66667     
   17.5000000000000        1253557026.66667     
   17.5500000000000        1253557026.66667     
   17.6000000000000        1253557026.66667     
   17.6500000000000        1253557026.66667     
   17.7000000000000        1253557026.66667     
   17.7500000000000        1253557026.66667     
   17.8000000000000        1253557026.66667     
   17.8500000000000        1253557026.66667     
   17.9000000000000        1253557026.66667     
   17.9500000000000        1253557026.66667     
   18.0000000000000        1253557026.66667     
   18.0500000000000        1253557026.66667     
   18.1000000000000        1253557026.66667     
   18.1500000000000        1253557026.66667     
   18.2000000000000        1253557026.66667     
   18.2500000000000        1253557026.66667     
   18.3000000000000        1253557026.66667     
   18.3500000000000        1253557026.66667     
   18.4000000000000        1253557026.66667     
   18.4500000000000        1253557026.66667     
   18.5000000000000        1253557026.66667     
   18.5500000000000        1253557026.66667     
   18.6000000000000        1253557026.66667     
   18.6500000000000        1253557026.66667     
   18.7000000000000        1253557026.66667     
   18.7500000000000        1253557026.66667     
   18.8000000000000        1253557026.66667     
   18.8500000000000        1253557026.66667     
   18.9000000000000        1253557026.66667     
   18.9500000000000        1253557026.66667     
   19.0000000000000        1253557026.66667     
   19.0500000000000        1253557026.66667     
   19.1000000000000        1253557026.66667     
   19.1500000000000        1253557026.66667     
   19.2000000000000        1253557026.66667     
   19.2500000000000        1253557026.66667     
   19.3000000000000        1253557026.66667     
   19.3500000000000        1253557026.66667     
   19.4000000000000        1253557026.66667     
   19.4500000000000        1253557026.66667     
   19.5000000000000        1253557026.66667     
   19.5500000000000        1253557026.66667     
   19.6000000000000        1253557026.66667     
   19.6500000000000        1253557026.66667     
   19.7000000000000        1253557026.66667     
   19.7500000000000        1253557026.66667     
   19.8000000000000        1253557026.66667     
   19.8500000000000        1253557026.66667     
   19.9000000000000        1253557026.66667     
   19.9500000000000        1253557026.66667     
   20.0000000000000        1253557026.66667     
   20.0500000000000        1253557026.66667     
   20.1000000000000        1253557026.66667     
   20.1500000000000        1253557026.66667     
   20.2000000000000        1253557026.66667     
   20.2500000000000        1253557026.66667     
   20.3000000000000        1253557026.66667     
   20.3500000000000        1253557026.66667     
   20.4000000000000        1253557026.66667     
   20.4500000000000        1253557026.66667     
   20.5000000000000        1253557026.66667     
   20.5500000000000        1253557026.66667     
   20.6000000000000        1253557026.66667     
   20.6500000000000        1253557026.66667     
   20.7000000000000        1253557026.66667     
   20.7500000000000        1253557026.66667     
   20.8000000000000        1253557026.66667     
   20.8500000000000        1253557026.66667     
   20.9000000000000        1253557026.66667     
   20.9500000000000        1253557026.66667     
   21.0000000000000        1253557026.66667     
   21.0500000000000        1253557026.66667     
   21.1000000000000        1253557026.66667     
   21.1500000000000        1253557026.66667     
   21.2000000000000        1253557026.66667     
   21.2500000000000        1253557026.66667     
   21.3000000000000        1253557026.66667     
   21.3500000000000        1253557026.66667     
   21.4000000000000        1253557026.66667     
   21.4500000000000        1253557026.66667     
   21.5000000000000        1253557026.66667     
   21.5500000000000        1253557026.66667     
   21.6000000000000        1253557026.66667     
   21.6500000000000        1253557026.66667     
   21.7000000000000        1253557026.66667     
   21.7500000000000        1253557026.66667     
   21.8000000000000        1253557026.66667     
   21.8500000000000        1253557026.66667     
   21.9000000000000        1253557026.66667     
   21.9500000000000        1253557026.66667     
   22.0000000000000        1253557026.66667     
   22.0500000000000        1253557026.66667     
   22.1000000000000        1253557026.66667     
   22.1500000000000        1253557026.66667     
   22.2000000000000        1253557026.66667     
   22.2500000000000        1253557026.66667     
   22.3000000000000        1253557026.66667     
   22.3500000000000        1253557026.66667     
   22.4000000000000        1253557026.66667     
   22.4500000000000        1253557026.66667     
   22.5000000000000        1253557026.66667     
   22.5500000000000        1253557026.66667     
   22.6000000000000        1253557026.66667     
   22.6500000000000        1253557026.66667     
   22.7000000000000        1253557026.66667     
   22.7500000000000        1253557026.66667     
   22.8000000000000        1253557026.66667     
   22.8500000000000        1253557026.66667     
   22.9000000000000        1253557026.66667     
   22.9500000000000        1253557026.66667     
   23.0000000000000        1253557026.66667     
   23.0500000000000        1253557026.66667     
   23.1000000000000        1253557026.66667     
   23.1500000000000        1253557026.66667     
   23.2000000000000        1253557026.66667     
   23.2500000000000        1253557026.66667     
   23.3000000000000        1253557026.66667     
   23.3500000000000        1253557026.66667     
   23.4000000000000        1253557026.66667     
   23.4500000000000        1253557026.66667     
   23.5000000000000        1253557026.66667     
   23.5500000000000        1253557026.66667     
   23.6000000000000        1253557026.66667     
   23.6500000000000        1253557026.66667     
   23.7000000000000        1253557026.66667     
   23.7500000000000        1253557026.66667     
   23.8000000000000        1253557026.66667     
   23.8500000000000        1253557026.66667     
   23.9000000000000        1253557026.66667     
   23.9500000000000        1253557026.66667     
   24.0000000000000        1253557026.66667     
   24.0500000000000        1253557026.66667     
   24.1000000000000        1253557026.66667     
   24.1500000000000        1253557026.66667     
   24.2000000000000        1253557026.66667     
   24.2500000000000        1253557026.66667     
   24.3000000000000        1253557026.66667     
   24.3500000000000        1253557026.66667     
   24.4000000000000        1253557026.66667     
   24.4500000000000        1253557026.66667     
   24.5000000000000        1253557026.66667     
   24.5500000000000        1253557026.66667     
   24.6000000000000        1253557026.66667     
   24.6500000000000        1253557026.66667     
   24.7000000000000        1253557026.66667     
   24.7500000000000        1253557026.66667     
   24.8000000000000        1253557026.66667     
   24.8500000000000        1253557026.66667     
   24.9000000000000        1253557026.66667     
   24.9500000000000        1253557026.66667     
   25.0000000000000        1253557026.66667     
