  0.000000000000000E+000  0.000000000000000E+000
  5.000000000000000E-002  3.694038805152354E+049
  0.100000000000000       1.201123532299048E+050
  0.150000000000000       2.627926702585053E+050
  0.200000000000000       4.381495375652077E+050
  0.250000000000000       6.252520082867759E+050
  0.300000000000000       8.070754794413096E+050
  0.350000000000000       9.729963306327520E+050
  0.400000000000000       1.117865312712749E+051
  0.450000000000000       1.239857734184525E+051
  0.500000000000000       1.339043344700698E+051
  0.550000000000000       1.416456898795384E+051
  0.600000000000000       1.473702443972490E+051
  0.650000000000000       1.505841313276205E+051
  0.700000000000000       1.528396762047768E+051
  0.750000000000000       1.535979198638881E+051
  0.800000000000000       1.530426672135515E+051
  0.850000000000000       1.286561632395181E+051
  0.900000000000000       1.287501689664088E+051
  0.950000000000000       1.283728795874863E+051
   1.00000000000000       1.276033282768631E+051
   1.05000000000000       1.265291475621361E+051
   1.10000000000000       1.252128438261803E+051
   1.15000000000000       1.200393758068598E+051
   1.20000000000000       1.189628782560377E+051
   1.25000000000000       1.177788766549431E+051
   1.30000000000000       1.165290062988956E+051
   1.35000000000000       1.152284253993281E+051
   1.40000000000000       1.138978998011406E+051
   1.45000000000000       1.123672398456208E+051
   1.50000000000000       1.110354467623741E+051
   1.55000000000000       1.096970333517402E+051
   1.60000000000000       1.083483447646104E+051
   1.65000000000000       1.069770865092203E+051
   1.70000000000000       1.055819583919166E+051
   1.75000000000000       1.033071680689019E+051
   1.80000000000000       1.020031441106044E+051
   1.85000000000000       1.006553593410921E+051
   1.90000000000000       9.926036527636495E+050
   1.95000000000000       9.781892814328100E+050
   2.00000000000000       9.634145669479549E+050
   2.05000000000000       9.483234328165743E+050
   2.10000000000000       9.126092597124770E+050
   2.15000000000000       9.007905106930713E+050
   2.20000000000000       8.886457057617131E+050
   2.25000000000000       8.762669771605921E+050
   2.30000000000000       8.636511017122744E+050
   2.35000000000000       8.508490263022923E+050
   2.40000000000000       8.344981082093361E+050
   2.45000000000000       8.221094839646269E+050
   2.50000000000000       8.095786048802217E+050
   2.55000000000000       7.969294108376254E+050
   2.60000000000000       7.841867280839297E+050
   2.65000000000000       7.713972099238331E+050
   2.70000000000000       7.582514460010777E+050
   2.75000000000000       7.454954067396403E+050
   2.80000000000000       7.327162512577414E+050
   2.85000000000000       7.199943834487028E+050
   2.90000000000000       7.073146084752495E+050
   2.95000000000000       6.947169174475406E+050
   3.00000000000000       6.751897795567930E+050
   3.05000000000000       6.641147099049588E+050
   3.10000000000000       6.530479065194971E+050
   3.15000000000000       6.420115991243749E+050
   3.20000000000000       6.310160193966136E+050
   3.25000000000000       6.200681572221137E+050
   3.30000000000000       6.091899444504070E+050
   3.35000000000000       5.982392533613954E+050
   3.40000000000000       5.875389160073210E+050
   3.45000000000000       5.769290987027020E+050
   3.50000000000000       5.664119087003363E+050
   3.55000000000000       5.559982996751550E+050
   3.60000000000000       5.456984035604421E+050
   3.65000000000000       5.345385262792639E+050
   3.70000000000000       5.246741493559295E+050
   3.75000000000000       5.149176688740148E+050
   3.80000000000000       5.052679952522762E+050
   3.85000000000000       4.957356963422830E+050
   3.90000000000000       4.863182312616513E+050
   3.95000000000000       4.770250120462863E+050
   4.00000000000000       4.678616954066753E+050
   4.05000000000000       4.588273694265976E+050
   4.10000000000000       4.499250932323105E+050
   4.15000000000000       4.411598969060471E+050
   4.20000000000000       4.325294043321510E+050
   4.25000000000000       4.229523911823688E+050
   4.30000000000000       4.148163489241822E+050
   4.35000000000000       4.068003674289267E+050
   4.40000000000000       3.989012718942202E+050
   4.45000000000000       3.911197537639020E+050
   4.50000000000000       3.834609310178573E+050
   4.55000000000000       3.759221307056909E+050
   4.60000000000000       3.685065593370235E+050
   4.65000000000000       3.612129982267712E+050
   4.70000000000000       3.540442824330935E+050
   4.75000000000000       3.469958373444603E+050
   4.80000000000000       3.400693972865192E+050
   4.85000000000000       3.332697789479486E+050
   4.90000000000000       3.262986093957675E+050
   4.95000000000000       3.198005888684674E+050
   5.00000000000000       3.134109637532003E+050
   5.05000000000000       3.071359780399341E+050
   5.10000000000000       3.009688831779886E+050
   5.15000000000000       2.949167109679756E+050
   5.20000000000000       2.889620182282485E+050
   5.25000000000000       2.831323385830687E+050
   5.30000000000000       2.774102773490913E+050
   5.35000000000000       2.717953271316768E+050
   5.40000000000000       2.662861344906357E+050
   5.45000000000000       2.608823600792854E+050
   5.50000000000000       2.554918452922462E+050
   5.55000000000000       2.503141588427680E+050
   5.60000000000000       2.452299862895102E+050
   5.65000000000000       2.402472907180862E+050
   5.70000000000000       2.353642083604670E+050
   5.75000000000000       2.305731010242162E+050
   5.80000000000000       2.258760031028600E+050
   5.85000000000000       2.212698869879396E+050
   5.90000000000000       2.167685172196125E+050
   5.95000000000000       2.123484327144226E+050
   6.00000000000000       2.080166000549177E+050
   6.05000000000000       2.037724346228398E+050
   6.10000000000000       1.996146686408882E+050
   6.15000000000000       1.954411161873755E+050
   6.20000000000000       1.914726340631779E+050
   6.25000000000000       1.875836891079271E+050
   6.30000000000000       1.837750294371107E+050
   6.35000000000000       1.800390562257445E+050
   6.40000000000000       1.763805603393501E+050
   6.45000000000000       1.727952985059986E+050
   6.50000000000000       1.692859835814879E+050
   6.55000000000000       1.658468755553301E+050
   6.60000000000000       1.624760970464410E+050
   6.65000000000000       1.591771659860046E+050
   6.70000000000000       1.559466790870569E+050
   6.75000000000000       1.526499173318088E+050
   6.80000000000000       1.495782946621600E+050
   6.85000000000000       1.465674661511347E+050
   6.90000000000000       1.436172978719158E+050
   6.95000000000000       1.407220217149984E+050
   7.00000000000000       1.378883695534577E+050
   7.05000000000000       1.351089967391016E+050
   7.10000000000000       1.323891721936992E+050
   7.15000000000000       1.297202675957874E+050
   7.20000000000000       1.271064163907852E+050
   7.25000000000000       1.245456311477092E+050
   7.30000000000000       1.220351944966953E+050
   7.35000000000000       1.195765786739376E+050
   7.40000000000000       1.171434470954501E+050
   7.45000000000000       1.147882842018054E+050
   7.50000000000000       1.124806983151858E+050
   7.55000000000000       1.102182947389954E+050
   7.60000000000000       1.080034409677729E+050
   7.65000000000000       1.058332527919303E+050
   7.70000000000000       1.037070408706799E+050
   7.75000000000000       1.016219223848581E+050
   7.80000000000000       9.958473514073423E+049
   7.85000000000000       9.758505943076027E+049
   7.90000000000000       9.562391467439411E+049
   7.95000000000000       9.370395291187023E+049
   8.00000000000000       9.176634134052307E+049
   8.05000000000000       8.993789837006774E+049
   8.10000000000000       8.814289426231385E+049
   8.15000000000000       8.638652890650495E+049
   8.20000000000000       8.466424396919887E+049
   8.25000000000000       8.297512178485011E+049
   8.30000000000000       8.132017804156104E+049
   8.35000000000000       7.969710200176423E+049
   8.40000000000000       7.810789206557648E+049
   8.45000000000000       7.655095684949078E+049
   8.50000000000000       7.502484659061166E+049
   8.55000000000000       7.353054688676329E+049
   8.60000000000000       7.206389654157168E+049
   8.65000000000000       7.062651105781674E+049
   8.70000000000000       6.922231577524267E+049
   8.75000000000000       6.784510733784122E+049
   8.80000000000000       6.649566659005335E+049
   8.85000000000000       6.517392490363518E+049
   8.90000000000000       6.387779168112219E+049
   8.95000000000000       6.260733683252272E+049
   9.00000000000000       6.136503345269898E+049
   9.05000000000000       6.014701409459719E+049
   9.10000000000000       5.895583981679221E+049
   9.15000000000000       5.778950481626970E+049
   9.20000000000000       5.664576866659750E+049
   9.25000000000000       5.550219017488844E+049
   9.30000000000000       5.440992246768970E+049
   9.35000000000000       5.333972619298291E+049
   9.40000000000000       5.229210283774211E+049
   9.45000000000000       5.126654838060954E+049
   9.50000000000000       5.026203794212722E+049
   9.55000000000000       4.927920736960456E+049
   9.60000000000000       4.831537603549113E+049
   9.65000000000000       4.737203561362702E+049
   9.70000000000000       4.644817512886594E+049
   9.75000000000000       4.554300050779730E+049
   9.80000000000000       4.465396592480595E+049
   9.85000000000000       4.378674433041751E+049
   9.90000000000000       4.293492408340711E+049
   9.95000000000000       4.210334357480733E+049
   10.0000000000000       4.128969244827415E+049
   10.0500000000000       4.049389835095998E+049
   10.1000000000000       3.971311637680304E+049
   10.1500000000000       3.895016825578372E+049
   10.2000000000000       3.820344445402374E+049
   10.2500000000000       3.747127826851823E+049
   10.3000000000000       3.675682712021285E+049
   10.3500000000000       3.605685063843861E+049
   10.4000000000000       3.537254755298128E+049
   10.4500000000000       3.469995902169325E+049
   10.5000000000000       3.404477820570883E+049
   10.5500000000000       3.340539035029603E+049
   10.6000000000000       3.278015662883063E+049
   10.6500000000000       3.216475174197662E+049
   10.7000000000000       3.156512641432329E+049
   10.7500000000000       3.097855175576832E+049
   10.8000000000000       3.040355103126675E+049
   10.8500000000000       2.983772882861460E+049
   10.9000000000000       2.928963689678780E+049
   10.9500000000000       2.875391753631982E+049
   11.0000000000000       2.822528693725208E+049
   11.0500000000000       2.771291002925627E+049
   11.1000000000000       2.721196820636244E+049
   11.1500000000000       2.672236013787926E+049
   11.2000000000000       2.623828860353088E+049
   11.2500000000000       2.576932404224551E+049
   11.3000000000000       2.531154289488070E+049
   11.3500000000000       2.486552555142059E+049
   11.4000000000000       2.442915627296945E+049
   11.4500000000000       2.399653458492510E+049
   11.5000000000000       2.357910601158342E+049
   11.5500000000000       2.317169381658742E+049
   11.6000000000000       2.277337866068107E+049
   11.6500000000000       2.237773020859806E+049
   11.7000000000000       2.199784333069045E+049
   11.7500000000000       2.162569135464072E+049
   11.8000000000000       2.125503935924871E+049
   11.8500000000000       2.090010254569035E+049
   11.9000000000000       2.055302507277995E+049
   11.9500000000000       2.021330447298819E+049
   12.0000000000000       1.988221654947591E+049
   12.0500000000000       1.955947245052881E+049
   12.1000000000000       1.924478959962753E+049
   12.1500000000000       1.892833999344808E+049
   12.2000000000000       1.862710354695197E+049
   12.2500000000000       1.833283730919649E+049
   12.3000000000000       1.804509867149856E+049
   12.3500000000000       1.776471716949106E+049
   12.4000000000000       1.748079167894351E+049
   12.4500000000000       1.721396579779590E+049
   12.5000000000000       1.694304845145875E+049
   12.5500000000000       1.668922402729924E+049
   12.6000000000000       1.644216972418567E+049
   12.6500000000000       1.618812594555124E+049
   12.7000000000000       1.595218704039331E+049
   12.7500000000000       1.572216288272762E+049
   12.8000000000000       1.549757633465613E+049
   12.8500000000000       1.526482104896001E+049
   12.9000000000000       1.505146241411696E+049
   12.9500000000000       1.484327786925818E+049
   13.0000000000000       1.462466949002413E+049
   13.0500000000000       1.442747639986558E+049
   13.1000000000000       1.423534088150706E+049
   13.1500000000000       1.404783826194762E+049
   13.2000000000000       1.384756378014387E+049
   13.2500000000000       1.367068616744116E+049
   13.3000000000000       1.349857764356996E+049
   13.3500000000000       1.333067812852652E+049
   13.4000000000000       1.314660279048067E+049
   13.4500000000000       1.298780172483689E+049
   13.5000000000000       1.283280479596511E+049
   13.5500000000000       1.268247404803743E+049
   13.6000000000000       1.251433497610647E+049
   13.6500000000000       1.237416912730622E+049
   13.7000000000000       1.223801584160573E+049
   13.7500000000000       1.210600275251868E+049
   13.8000000000000       1.197817803887976E+049
   13.8500000000000       1.182732129634614E+049
   13.9000000000000       1.170727041148582E+049
   13.9500000000000       1.159071591079524E+049
   14.0000000000000       1.147793444419473E+049
   14.0500000000000       1.136957131358475E+049
   14.1000000000000       1.126454945862287E+049
   14.1500000000000       1.113323277938803E+049
   14.2000000000000       1.103611335213056E+049
   14.2500000000000       1.094261806091464E+049
   14.3000000000000       1.085245739116444E+049
   14.3500000000000       1.076545818751835E+049
   14.4000000000000       1.068137850613673E+049
   14.4500000000000       1.060113667102150E+049
   14.5000000000000       1.049057155173356E+049
   14.5500000000000       1.041755153765198E+049
   14.6000000000000       1.034752631123330E+049
   14.6500000000000       1.028029624357221E+049
   14.7000000000000       1.021646318138847E+049
   14.7500000000000       1.015578178678425E+049
   14.8000000000000       1.006067484255062E+049
   14.8500000000000       1.000688730951213E+049
   14.9000000000000       9.956008448344581E+048
   14.9500000000000       9.907486348642908E+048
   15.0000000000000       9.861812446060358E+048
   15.0500000000000       9.819411803897242E+048
   15.1000000000000       9.736169571798413E+048
   15.1500000000000       9.699612207056378E+048
   15.2000000000000       9.665746722814169E+048
   15.2500000000000       9.634623440979725E+048
   15.3000000000000       9.606056073565740E+048
   15.3500000000000       9.579601786935439E+048
   15.4000000000000       9.555592991097399E+048
   15.4500000000000       9.485921207310211E+048
   15.5000000000000       9.467185666126933E+048
   15.5500000000000       9.450765056531768E+048
   15.6000000000000       9.436462348635306E+048
   15.6500000000000       9.424697048625696E+048
   15.7000000000000       9.414973084009421E+048
   15.7500000000000       9.352757621583288E+048
   15.8000000000000       9.348535993375891E+048
   15.8500000000000       9.346236514237259E+048
   15.9000000000000       9.345713309402853E+048
   15.9500000000000       9.346919130763170E+048
   16.0000000000000       9.350003485747564E+048
   16.0500000000000       9.355117291828529E+048
   16.1000000000000       9.361841983767784E+048
   16.1500000000000       9.311507101913919E+048
   16.2000000000000       9.322814251776041E+048
   16.2500000000000       9.335901824698902E+048
   16.3000000000000       9.350253464258168E+048
   16.3500000000000       9.366577012391511E+048
   16.4000000000000       9.384115104191788E+048
   16.4500000000000       9.336199791769284E+048
   16.5000000000000       9.358111806422766E+048
   16.5500000000000       9.381458055904831E+048
   16.6000000000000       9.405785764090227E+048
   16.6500000000000       9.431397222305168E+048
   16.7000000000000       9.458040985174213E+048
   16.7500000000000       9.486109568207501E+048
   16.8000000000000       9.435625779896301E+048
   16.8500000000000       9.467919049319156E+048
   16.9000000000000       9.501074080147848E+048
   16.9500000000000       9.535410884528583E+048
   17.0000000000000       9.570786557922686E+048
   17.0500000000000       9.606662926307832E+048
   17.1000000000000       9.643499960227893E+048
   17.1500000000000       9.681213271749193E+048
   17.2000000000000       9.719389039525087E+048
   17.2500000000000       9.758708453686363E+048
   17.3000000000000       9.708285332706538E+048
   17.3500000000000       9.750835396061985E+048
   17.4000000000000       9.793850083691169E+048
   17.4500000000000       9.837479039806571E+048
   17.5000000000000       9.881870647181555E+048
   17.5500000000000       9.926685590428315E+048
   17.6000000000000       9.971888344147715E+048
   17.6500000000000       1.001723259968303E+049
   17.7000000000000       1.006319546021790E+049
   17.7500000000000       1.010907737944292E+049
   17.8000000000000       1.005501523490340E+049
   17.8500000000000       1.010391546367727E+049
   17.9000000000000       1.015291108422421E+049
   17.9500000000000       1.020198932022222E+049
   18.0000000000000       1.025091120165551E+049
   18.0500000000000       1.030015717084071E+049
   18.1000000000000       1.034984089962951E+049
   18.1500000000000       1.039912182094549E+049
   18.2000000000000       1.044872516327344E+049
   18.2500000000000       1.049793531221267E+049
   18.3000000000000       1.054697138270851E+049
   18.3500000000000       1.059584991541052E+049
   18.4000000000000       1.064435416995932E+049
   18.4500000000000       1.069283798840967E+049
   18.5000000000000       1.069440583255012E+049
   18.5500000000000       1.074316285599053E+049
   18.6000000000000       1.079172315339587E+049
   18.6500000000000       1.083964065412717E+049
   18.7000000000000       1.088718826802984E+049
   18.7500000000000       1.093470628616958E+049
   18.8000000000000       1.098144135377089E+049
   18.8500000000000       1.102750980259217E+049
   18.9000000000000       1.107314054247915E+049
   18.9500000000000       1.111784856523200E+049
   19.0000000000000       1.116211331368028E+049
   19.0500000000000       1.120545531343216E+049
   19.1000000000000       1.124819726266913E+049
   19.1500000000000       1.129009809152265E+049
   19.2000000000000       1.133136347294920E+049
   19.2500000000000       1.132123314723772E+049
   19.3000000000000       1.136176777934718E+049
   19.3500000000000       1.140137878515188E+049
   19.4000000000000       1.143981815366862E+049
   19.4500000000000       1.147716140128886E+049
   19.5000000000000       1.151362739146079E+049
   19.5500000000000       1.153009615452706E+049
   19.6000000000000       1.156462299556571E+049
   19.6500000000000       1.159795272875824E+049
   19.7000000000000       1.163014060088956E+049
   19.7500000000000       1.166120098833754E+049
   19.8000000000000       1.169065863534681E+049
   19.8500000000000       1.171918555667665E+049
   19.9000000000000       1.174574475200000E+049
   19.9500000000000       1.177119805600000E+049
   20.0000000000000       1.179526323200000E+049
   20.0500000000000       1.181789784800000E+049
   20.1000000000000       1.183914244000000E+049
   20.1500000000000       1.185850008000000E+049
   20.2000000000000       1.187668494400000E+049
   20.2500000000000       1.189297287200000E+049
   20.3000000000000       1.190759694400000E+049
   20.3500000000000       1.192058165600000E+049
   20.4000000000000       1.193167638400000E+049
   20.4500000000000       1.194137668800000E+049
   20.5000000000000       1.194919705600000E+049
   20.5500000000000       1.195486726400000E+049
   20.6000000000000       1.195909531200000E+049
   20.6500000000000       1.196117317600000E+049
   20.7000000000000       1.196159633600000E+049
   20.7500000000000       1.195965684800000E+049
   20.8000000000000       1.195629386400000E+049
   20.8500000000000       1.195054578880000E+049
   20.9000000000000       1.194318739520000E+049
   20.9500000000000       1.193345419360000E+049
   21.0000000000000       1.192207435200000E+049
   21.0500000000000       1.190832684480000E+049
   21.1000000000000       1.189243870560000E+049
   21.1500000000000       1.187463063680000E+049
   21.2000000000000       1.185471603040000E+049
   21.2500000000000       1.183266748640000E+049
   21.3000000000000       1.180870631040000E+049
   21.3500000000000       1.178258278080000E+049
   21.4000000000000       1.175405951680000E+049
   21.4500000000000       1.172367214640000E+049
   21.5000000000000       1.169112530800000E+049
   21.5500000000000       1.165618111600000E+049
   21.6000000000000       1.161957497920000E+049
   21.6500000000000       1.158064401680000E+049
   21.7000000000000       1.153955945040000E+049
   21.7500000000000       1.149631741840000E+049
   21.8000000000000       1.145139551840000E+049
   21.8500000000000       1.140409524560000E+049
   21.9000000000000       1.135488709520000E+049
   21.9500000000000       1.130375896720000E+049
   22.0000000000000       1.125049101760000E+049
   22.0500000000000       1.119531581120000E+049
   22.1000000000000       1.113822340800000E+049
   22.1500000000000       1.107947751280000E+049
   22.2000000000000       1.101857182320000E+049
   22.2500000000000       1.095599636240000E+049
   22.3000000000000       1.089178455680000E+049
   22.3500000000000       1.082565836960000E+049
   22.4000000000000       1.075786681600000E+049
   22.4500000000000       1.068841029920000E+049
   22.5000000000000       1.061753640560000E+049
   22.5500000000000       1.054499354400000E+049
   22.6000000000000       1.047103046160000E+049
   22.6500000000000       1.039562866080000E+049
   22.7000000000000       1.031902670400000E+049
   22.7500000000000       1.024075743600000E+049
   22.8000000000000       1.016131468720000E+049
   22.8500000000000       1.008068140240000E+049
   22.9000000000000       9.998859716800002E+048
   22.9500000000000       9.916079543200001E+048
   23.0000000000000       9.832340301600000E+048
   23.0500000000000       9.747405616000001E+048
   23.1000000000000       9.661534737600000E+048
   23.1500000000000       9.574950728800000E+048
   23.2000000000000       9.487414947199999E+048
   23.2500000000000       9.399166090400001E+048
   23.3000000000000       9.310453867200002E+048
   23.3500000000000       9.221028192000003E+048
   23.4000000000000       9.130889534400000E+048
   23.4500000000000       9.040513334399999E+048
   23.5000000000000       8.949413972000001E+048
   23.5500000000000       8.858078362400000E+048
   23.6000000000000       8.766263090400000E+048
   23.6500000000000       8.674220842399999E+048
   23.7000000000000       8.582208350400000E+048
   23.7500000000000       8.489722679199999E+048
   23.8000000000000       8.397244400800000E+048
   23.8500000000000       8.304766025600001E+048
   23.9000000000000       8.212528316000000E+048
   23.9500000000000       8.119810652000001E+048
   24.0000000000000       8.027358508799999E+048
   24.0500000000000       7.935154688000001E+048
   24.1000000000000       7.842959057600001E+048
   24.1500000000000       7.751251216800001E+048
   24.2000000000000       7.659546196800001E+048
   24.2500000000000       7.568323852799998E+048
   24.3000000000000       7.477107309600000E+048
   24.3500000000000       7.386610464800000E+048
   24.4000000000000       7.296353991200000E+048
   24.4500000000000       7.206579571200001E+048
   24.5000000000000       7.117052274400000E+048
   24.5500000000000       7.028255416000000E+048
   24.6000000000000       6.939953885600000E+048
   24.6500000000000       6.852139144000000E+048
   24.7000000000000       6.765046994399999E+048
   24.7500000000000       6.678195253600000E+048
   24.8000000000000       6.592304361600000E+048
   24.8500000000000       6.506894653600001E+048
   24.9000000000000       6.422204634400000E+048
   24.9500000000000       6.338000995199999E+048
