  0.000000000000000E+000  0.000000000000000E+000
  5.000000000000000E-002  1.245881318258143E+044
  0.100000000000000       7.924897407842156E+045
  0.150000000000000       2.969317986390614E+046
  0.200000000000000       3.973112371809943E+046
  0.250000000000000       3.549132621634416E+046
  0.300000000000000       2.662337985689141E+046
  0.350000000000000       2.030981409931678E+046
  0.400000000000000       1.674286623898514E+046
  0.450000000000000       1.350371220081351E+046
  0.500000000000000       1.059939265462928E+046
  0.550000000000000       8.155181310489514E+045
  0.600000000000000       6.171004375340991E+045
  0.650000000000000       4.608073917355413E+045
  0.700000000000000       3.401074277672469E+045
  0.750000000000000       2.480176409823842E+045
  0.800000000000000       1.780531583452404E+045
  0.850000000000000       1.246380804944028E+045
  0.900000000000000       8.784327383809957E+044
  0.950000000000000       5.613628232117006E+044
   1.00000000000000       3.603489080412500E+044
   1.05000000000000       2.086778295070984E+044
   1.10000000000000       1.123951951655057E+044
   1.15000000000000       4.600093824152225E+043
   1.20000000000000       2.191598717312307E+043
   1.25000000000000       1.617928624420734E+041
   1.30000000000000       1.331634784000000E+036
   1.35000000000000       7.603529120000000E+035
   1.40000000000000       4.242591680000000E+035
   1.45000000000000       2.331763200000000E+035
   1.50000000000000       1.250082816000000E+035
   1.55000000000000       6.503491359999999E+034
   1.60000000000000       3.321196480000000E+034
   1.65000000000000       1.710010832000000E+034
   1.70000000000000       8.779251520000002E+033
   1.75000000000000       4.414319200000000E+033
   1.80000000000000       2.116183680000000E+033
   1.85000000000000       9.580073280000001E+032
   1.90000000000000       3.831667200000000E+032
   1.95000000000000       1.432207040000000E+032
   2.00000000000000       1.249267360000000E+031
   2.05000000000000       9.832984000000000E+029
   2.10000000000000       2.878818062832000E+023
   2.15000000000000       1.010633600000102E+019
   2.20000000000000       6.371228800001016E+018
   2.25000000000000       4.682752000001016E+018
   2.30000000000000       4.360086400001015E+018
   2.35000000000000       4.294521600001015E+018
   2.40000000000000       4.229392000001015E+018
   2.45000000000000       4.165372800001015E+018
   2.50000000000000       4.102508800001015E+018
   2.55000000000000       4.039937600001015E+018
   2.60000000000000       3.978716800001015E+018
   2.65000000000000       3.918651200001015E+018
   2.70000000000000       3.858878400001015E+018
   2.75000000000000       3.800358400001015E+018
   2.80000000000000       3.743091200001015E+018
   2.85000000000000       3.686019200001015E+018
   2.90000000000000       3.630200000001015E+018
   2.95000000000000       3.575153600001015E+018
   3.00000000000000       3.520782400001015E+018
   3.05000000000000       3.467184000001015E+018
   3.10000000000000       3.414644800001015E+018
   3.15000000000000       3.362326400001015E+018
   3.20000000000000       3.311092800001015E+018
   3.25000000000000       3.259956800001015E+018
   3.30000000000000       3.208369600001015E+018
   3.35000000000000       3.157123200001015E+018
   3.40000000000000       3.104654400001015E+018
   3.45000000000000       3.052122880001015E+018
   3.50000000000000       2.993677920001015E+018
   3.55000000000000       2.934264000001015E+018
   3.60000000000000       2.873568640001015E+018
   3.65000000000000       2.801180320001015E+018
   3.70000000000000       2.715827520001015E+018
   3.75000000000000       2.622300000001014E+018
   3.80000000000000       2.506817280001014E+018
   3.85000000000000       2.370704320001014E+018
   3.90000000000000       2.198005120001014E+018
   3.95000000000000       2.023323200001014E+018
   4.00000000000000       1.766379040001015E+018
   4.05000000000000       1.505339360001015E+018
   4.10000000000000       1.353580960001015E+018
   4.15000000000000       1.294294560001014E+018
   4.20000000000000       1.256510880001014E+018
   4.25000000000000       1.233419200001014E+018
   4.30000000000000       1.210975520001014E+018
   4.35000000000000       1.192207040001014E+018
   4.40000000000000       1.179408800001014E+018
   4.45000000000000       1.172010560001014E+018
   4.50000000000000       1.165834240001014E+018
   4.55000000000000       1.159104640001014E+018
   4.60000000000000       1.149840800001014E+018
   4.65000000000000       1.140785600001014E+018
   4.70000000000000       1.134417120001014E+018
   4.75000000000000       1.130136640001014E+018
   4.80000000000000       1.125037280001014E+018
   4.85000000000000       1.119739360001014E+018
   4.90000000000000       1.115036960001014E+018
   4.95000000000000       1.111324640001014E+018
   5.00000000000000       1.105964000001014E+018
   5.05000000000000       1.098520640001014E+018
   5.10000000000000       1.091294080001014E+018
   5.15000000000000       1.086095680001014E+018
   5.20000000000000       1.082942560001014E+018
   5.25000000000000       1.080658720001014E+018
   5.30000000000000       1.079371040001014E+018
   5.35000000000000       1.078083360001014E+018
   5.40000000000000       1.076872960001014E+018
   5.45000000000000       1.075813440001014E+018
   5.50000000000000       1.074753920001014E+018
   5.55000000000000       1.073747680001014E+018
   5.60000000000000       1.072853280001014E+018
   5.65000000000000       1.071992640001014E+018
   5.70000000000000       1.071165760001014E+018
   5.75000000000000       1.070397440001014E+018
   5.80000000000000       1.069686880001014E+018
   5.85000000000000       1.068986080001014E+018
   5.90000000000000       1.068328800001014E+018
   5.95000000000000       1.067691040001014E+018
   6.00000000000000       1.067067520001014E+018
   6.05000000000000       1.066501760001014E+018
   6.10000000000000       1.065902240001014E+018
   6.15000000000000       1.065254720001014E+018
   6.20000000000000       1.064515680001014E+018
   6.25000000000000       1.063790880001014E+018
   6.30000000000000       1.061414560001014E+018
   6.35000000000000       1.056791200001014E+018
   6.40000000000000       1.049446080001014E+018
   6.45000000000000       1.042373920001014E+018
   6.50000000000000       1.037340960001014E+018
   6.55000000000000       1.035278720001014E+018
   6.60000000000000       1.034473440001014E+018
   6.65000000000000       1.033599840001014E+018
   6.70000000000000       1.032677440001014E+018
   6.75000000000000       1.031692000001014E+018
   6.80000000000000       1.030570720001014E+018
   6.85000000000000       1.029294880001014E+018
   6.90000000000000       1.027864480001014E+018
   6.95000000000000       1.026274240001014E+018
   7.00000000000000       1.024500160001014E+018
   7.05000000000000       1.022403520001014E+018
   7.10000000000000       1.019907040001014E+018
   7.15000000000000       1.016712960001014E+018
   7.20000000000000       1.013215040001014E+018
   7.25000000000000       1.009600000001014E+018
   7.30000000000000       1.005747840001014E+018
   7.35000000000000       1.001207040001014E+018
   7.40000000000000       9.950086400010143E+017
   7.45000000000000       9.878433600010143E+017
   7.50000000000000       9.795582400010143E+017
   7.55000000000000       9.704502400010143E+017
   7.60000000000000       9.607923200010143E+017
   7.65000000000000       9.504990400010143E+017
   7.70000000000000       9.395171200010143E+017
   7.75000000000000       9.281870400010143E+017
   7.80000000000000       9.162688000010143E+017
   7.85000000000000       9.038779200010143E+017
   7.90000000000000       8.912446400010143E+017
   7.95000000000000       8.781904000010143E+017
   8.00000000000000       8.648075200010143E+017
   8.05000000000000       8.512062400010143E+017
   8.10000000000000       8.372889600010143E+017
   8.15000000000000       8.231488000010143E+017
   8.20000000000000       8.088862400010143E+017
   8.25000000000000       7.942251200010143E+017
   8.30000000000000       7.794806400010143E+017
   8.35000000000000       7.645942400010143E+017
   8.40000000000000       7.494195200010143E+017
   8.45000000000000       7.339979200010143E+017
   8.50000000000000       7.185544000010143E+017
   8.55000000000000       7.028172800010143E+017
   8.60000000000000       6.869604800010144E+017
   8.65000000000000       6.709497600010144E+017
   8.70000000000000       6.546257600010144E+017
   8.75000000000000       6.379539200010144E+017
   8.80000000000000       6.213609600010144E+017
   8.85000000000000       6.044208000010144E+017
   8.90000000000000       5.873510400010144E+017
   8.95000000000000       5.696742400010144E+017
   9.00000000000000       5.520622400010144E+017
   9.05000000000000       5.342699200010144E+017
   9.10000000000000       5.163825600010144E+017
   9.15000000000000       4.980481600010144E+017
   9.20000000000000       4.795476800010144E+017
   9.25000000000000       4.600934400010144E+017
   9.30000000000000       4.411492800010143E+017
   9.35000000000000       4.219808000010143E+017
   9.40000000000000       4.028220800010143E+017
   9.45000000000000       3.830393600010143E+017
   9.50000000000000       3.607100800010144E+017
   9.55000000000000       3.410473600010144E+017
   9.60000000000000       3.207560000010144E+017
   9.65000000000000       3.003451200010144E+017
   9.70000000000000       2.799243200010144E+017
   9.75000000000000       2.592856000010144E+017
   9.80000000000000       2.386828800010144E+017
   9.85000000000000       2.181035200010144E+017
   9.90000000000000       1.932411200010144E+017
   9.95000000000000       1.742080000010144E+017
   10.0000000000000       1.552414400010144E+017
   10.0500000000000       1.378486400010144E+017
   10.1000000000000       1.209714560010144E+017
   10.1500000000000       1.042724800010144E+017
   10.2000000000000       8.993801600101435E+016
   10.2500000000000       7.660251200101435E+016
   10.3000000000000       5.889051200101435E+016
   10.3500000000000       4.930728000101435E+016
   10.4000000000000       4.110270400101435E+016
   10.4500000000000       3.293766400101435E+016
   10.5000000000000       2.679827200101435E+016
   10.5500000000000       2.199118400101435E+016
   10.6000000000000       1.721680000101435E+016
   10.6500000000000       1.218914400101435E+016
   10.7000000000000       9.891425601014352E+015
   10.7500000000000       7.609374401014352E+015
   10.8000000000000       5.381226401014352E+015
   10.8500000000000       4.333884801014352E+015
   10.9000000000000       3.290237601014352E+015
   10.9500000000000       2.468987203938992E+015
   11.0000000000000       1.979328003938992E+015
   11.0500000000000       1.489473603938992E+015
   11.1000000000000       1.117812803938992E+015
   11.1500000000000        884578083938992.     
   11.2000000000000        661942723938992.     
   11.2500000000000        491025603938992.     
   11.3000000000000        392186083938992.     
   11.3500000000000        292575523938992.     
   11.4000000000000        216320643938992.     
   11.4500000000000        171502723938992.     
   11.5000000000000        127768163938992.     
   11.5500000000000        94719827938992.0     
   11.6000000000000        74355587938992.0     
   11.6500000000000        55428019938992.0     
   11.7000000000000        41307251938992.0     
   11.7500000000000        32173843938992.0     
   11.8000000000000        24069139938992.0     
   11.8500000000000        9976675938992.00     
   11.9000000000000        7770623138992.00     
   11.9500000000000        6206485538992.00     
   12.0000000000000        4638248738992.00     
   12.0500000000000        684736258992.000     
   12.1000000000000        684736258992.000     
   12.1500000000000        684736258992.000     
   12.2000000000000        684736258992.000     
   12.2500000000000        684736258992.000     
   12.3000000000000        684736258992.000     
   12.3500000000000        684736258992.000     
   12.4000000000000        684736258992.000     
   12.4500000000000        684736258992.000     
   12.5000000000000        684736258992.000     
   12.5500000000000        684736258992.000     
   12.6000000000000        684736258992.000     
   12.6500000000000        684736258992.000     
   12.7000000000000        684736258992.000     
   12.7500000000000        684736258992.000     
   12.8000000000000        684736258992.000     
   12.8500000000000        684736258992.000     
   12.9000000000000        684736258992.000     
   12.9500000000000        684736258992.000     
   13.0000000000000        684736258992.000     
   13.0500000000000        684736258992.000     
   13.1000000000000        684736258992.000     
   13.1500000000000        684736258992.000     
   13.2000000000000        684736258992.000     
   13.2500000000000        684736258992.000     
   13.3000000000000        684736258992.000     
   13.3500000000000        684736258992.000     
   13.4000000000000        684736258992.000     
   13.4500000000000        684736258992.000     
   13.5000000000000        684736258992.000     
   13.5500000000000        684736258992.000     
   13.6000000000000        684736258992.000     
   13.6500000000000        684736258992.000     
   13.7000000000000        684736258992.000     
   13.7500000000000        684736258992.000     
   13.8000000000000        684736258992.000     
   13.8500000000000        684736258992.000     
   13.9000000000000        684736258992.000     
   13.9500000000000        684736258992.000     
   14.0000000000000        684736258992.000     
   14.0500000000000        684736258992.000     
   14.1000000000000        684736258992.000     
   14.1500000000000        684736258992.000     
   14.2000000000000        684736258992.000     
   14.2500000000000        684736258992.000     
   14.3000000000000        684736258992.000     
   14.3500000000000        684736258992.000     
   14.4000000000000        684736258992.000     
   14.4500000000000        684736258992.000     
   14.5000000000000        684736258992.000     
   14.5500000000000        684736258992.000     
   14.6000000000000        684736258992.000     
   14.6500000000000        684736258992.000     
   14.7000000000000        684736258992.000     
   14.7500000000000        684736258992.000     
   14.8000000000000        684736258992.000     
   14.8500000000000        684736258992.000     
   14.9000000000000        684736258992.000     
   14.9500000000000        684736258992.000     
   15.0000000000000        684736258992.000     
   15.0500000000000        684736258992.000     
   15.1000000000000        684736258992.000     
   15.1500000000000        684736258992.000     
   15.2000000000000        684736258992.000     
   15.2500000000000        684736258992.000     
   15.3000000000000        684736258992.000     
   15.3500000000000        684736258992.000     
   15.4000000000000        684736258992.000     
   15.4500000000000        684736258992.000     
   15.5000000000000        684736258992.000     
   15.5500000000000        684736258992.000     
   15.6000000000000        684736258992.000     
   15.6500000000000        684736258992.000     
   15.7000000000000        684736258992.000     
   15.7500000000000        684736258992.000     
   15.8000000000000        684736258992.000     
   15.8500000000000        684736258992.000     
   15.9000000000000        684736258992.000     
   15.9500000000000        684736258992.000     
   16.0000000000000        684736258992.000     
   16.0500000000000        684736258992.000     
   16.1000000000000        684736258992.000     
   16.1500000000000        684736258992.000     
   16.2000000000000        684736258992.000     
   16.2500000000000        684736258992.000     
   16.3000000000000        684736258992.000     
   16.3500000000000        684736258992.000     
   16.4000000000000        684736258992.000     
   16.4500000000000        684736258992.000     
   16.5000000000000        684736258992.000     
   16.5500000000000        684736258992.000     
   16.6000000000000        684736258992.000     
   16.6500000000000        684736258992.000     
   16.7000000000000        684736258992.000     
   16.7500000000000        684736258992.000     
   16.8000000000000        684736258992.000     
   16.8500000000000        684736258992.000     
   16.9000000000000        684736258992.000     
   16.9500000000000        684736258992.000     
   17.0000000000000        684736258992.000     
   17.0500000000000        684736258992.000     
   17.1000000000000        684736258992.000     
   17.1500000000000        684736258992.000     
   17.2000000000000        684736258992.000     
   17.2500000000000        684736258992.000     
   17.3000000000000        684736258992.000     
   17.3500000000000        684736258992.000     
   17.4000000000000        684736258992.000     
   17.4500000000000        684736258992.000     
   17.5000000000000        684736258992.000     
   17.5500000000000        684736258992.000     
   17.6000000000000        684736258992.000     
   17.6500000000000        684736258992.000     
   17.7000000000000        684736258992.000     
   17.7500000000000        684736258992.000     
   17.8000000000000        684736258992.000     
   17.8500000000000        684736258992.000     
   17.9000000000000        684736258992.000     
   17.9500000000000        684736258992.000     
   18.0000000000000        684736258992.000     
   18.0500000000000        684736258992.000     
   18.1000000000000        684736258992.000     
   18.1500000000000        684736258992.000     
   18.2000000000000        684736258992.000     
   18.2500000000000        684736258992.000     
   18.3000000000000        684736258992.000     
   18.3500000000000        684736258992.000     
   18.4000000000000        684736258992.000     
   18.4500000000000        684736258992.000     
   18.5000000000000        684736258992.000     
   18.5500000000000        684736258992.000     
   18.6000000000000        684736258992.000     
   18.6500000000000        684736258992.000     
   18.7000000000000        684736258992.000     
   18.7500000000000        684736258992.000     
   18.8000000000000        684736258992.000     
   18.8500000000000        684736258992.000     
   18.9000000000000        684736258992.000     
   18.9500000000000        684736258992.000     
   19.0000000000000        684736258992.000     
   19.0500000000000        684736258992.000     
   19.1000000000000        684736258992.000     
   19.1500000000000        684736258992.000     
   19.2000000000000        684736258992.000     
   19.2500000000000        684736258992.000     
   19.3000000000000        684736258992.000     
   19.3500000000000        684736258992.000     
   19.4000000000000        684736258992.000     
   19.4500000000000        684736258992.000     
   19.5000000000000        684736258992.000     
   19.5500000000000        684736258992.000     
   19.6000000000000        684736258992.000     
   19.6500000000000        684736258992.000     
   19.7000000000000        684736258992.000     
   19.7500000000000        684736258992.000     
   19.8000000000000        684736258992.000     
   19.8500000000000        684736258992.000     
   19.9000000000000        684736258992.000     
   19.9500000000000        684736258992.000     
   20.0000000000000        684736258992.000     
   20.0500000000000        684736258992.000     
   20.1000000000000        684736258992.000     
   20.1500000000000        684736258992.000     
   20.2000000000000        684736258992.000     
   20.2500000000000        684736258992.000     
   20.3000000000000        684736258992.000     
   20.3500000000000        684736258992.000     
   20.4000000000000        684736258992.000     
   20.4500000000000        684736258992.000     
   20.5000000000000        684736258992.000     
   20.5500000000000        684736258992.000     
   20.6000000000000        684736258992.000     
   20.6500000000000        684736258992.000     
   20.7000000000000        684736258992.000     
   20.7500000000000        684736258992.000     
   20.8000000000000        684736258992.000     
   20.8500000000000        684736258992.000     
   20.9000000000000        684736258992.000     
   20.9500000000000        684736258992.000     
   21.0000000000000        684736258992.000     
   21.0500000000000        684736258992.000     
   21.1000000000000        684736258992.000     
   21.1500000000000        684736258992.000     
   21.2000000000000        684736258992.000     
   21.2500000000000        684736258992.000     
   21.3000000000000        684736258992.000     
   21.3500000000000        684736258992.000     
   21.4000000000000        684736258992.000     
   21.4500000000000        684736258992.000     
   21.5000000000000        684736258992.000     
   21.5500000000000        684736258992.000     
   21.6000000000000        684736258992.000     
   21.6500000000000        684736258992.000     
   21.7000000000000        684736258992.000     
   21.7500000000000        684736258992.000     
   21.8000000000000        684736258992.000     
   21.8500000000000        684736258992.000     
   21.9000000000000        684736258992.000     
   21.9500000000000        684736258992.000     
   22.0000000000000        684736258992.000     
   22.0500000000000        684736258992.000     
   22.1000000000000        684736258992.000     
   22.1500000000000        684736258992.000     
   22.2000000000000        684736258992.000     
   22.2500000000000        684736258992.000     
   22.3000000000000        684736258992.000     
   22.3500000000000        684736258992.000     
   22.4000000000000        684736258992.000     
   22.4500000000000        684736258992.000     
   22.5000000000000        684736258992.000     
   22.5500000000000        684736258992.000     
   22.6000000000000        684736258992.000     
   22.6500000000000        684736258992.000     
   22.7000000000000        684736258992.000     
   22.7500000000000        684736258992.000     
   22.8000000000000        684736258992.000     
   22.8500000000000        684736258992.000     
   22.9000000000000        684736258992.000     
   22.9500000000000        684736258992.000     
   23.0000000000000        684736258992.000     
   23.0500000000000        684736258992.000     
   23.1000000000000        684736258992.000     
   23.1500000000000        684736258992.000     
   23.2000000000000        684736258992.000     
   23.2500000000000        684736258992.000     
   23.3000000000000        684736258992.000     
   23.3500000000000        684736258992.000     
   23.4000000000000        684736258992.000     
   23.4500000000000        684736258992.000     
   23.5000000000000        684736258992.000     
   23.5500000000000        684736258992.000     
   23.6000000000000        684736258992.000     
   23.6500000000000        684736258992.000     
   23.7000000000000        684736258992.000     
   23.7500000000000        684736258992.000     
   23.8000000000000        684736258992.000     
   23.8500000000000        684736258992.000     
   23.9000000000000        684736258992.000     
   23.9500000000000        684736258992.000     
   24.0000000000000        684736258992.000     
   24.0500000000000        684736258992.000     
   24.1000000000000        684736258992.000     
   24.1500000000000        684736258992.000     
   24.2000000000000        684736258992.000     
   24.2500000000000        684736258992.000     
   24.3000000000000        684736258992.000     
   24.3500000000000        684736258992.000     
   24.4000000000000        684736258992.000     
   24.4500000000000        684736258992.000     
   24.5000000000000        684736258992.000     
   24.5500000000000        684736258992.000     
   24.6000000000000        684736258992.000     
   24.6500000000000        684736258992.000     
   24.7000000000000        684736258992.000     
   24.7500000000000        684736258992.000     
   24.8000000000000        684736258992.000     
   24.8500000000000        684736258992.000     
   24.9000000000000        684736258992.000     
   24.9500000000000        684736258992.000     
