  0.000000000000000E+000  0.000000000000000E+000
  5.000000000000000E-002  3.063296780721520E+048
  0.100000000000000       1.204928705871735E+049
  0.150000000000000       2.937364473861868E+049
  0.200000000000000       5.661341723367359E+049
  0.250000000000000       1.011335037409366E+050
  0.300000000000000       1.621746506057582E+050
  0.350000000000000       2.438921692525985E+050
  0.400000000000000       3.434011675768273E+050
  0.450000000000000       4.628691393591157E+050
  0.500000000000000       5.960322632347015E+050
  0.550000000000000       7.420501640171912E+050
  0.600000000000000       8.943056445964471E+050
  0.650000000000000       1.053141500911593E+051
  0.700000000000000       1.216201645077142E+051
  0.750000000000000       1.382230818643449E+051
  0.800000000000000       1.546781477003823E+051
  0.850000000000000       1.707449426531013E+051
  0.900000000000000       1.863118979696052E+051
  0.950000000000000       2.012246352308037E+051
   1.00000000000000       2.153625260014988E+051
   1.05000000000000       2.287530636922590E+051
   1.10000000000000       2.413423255698442E+051
   1.15000000000000       2.530466679133741E+051
   1.20000000000000       2.638867763606861E+051
   1.25000000000000       2.737330865498532E+051
   1.30000000000000       2.825963540838109E+051
   1.35000000000000       2.905492783963166E+051
   1.40000000000000       2.974157759660671E+051
   1.45000000000000       3.033710683423543E+051
   1.50000000000000       3.082987042346923E+051
   1.55000000000000       3.123317548543836E+051
   1.60000000000000       3.156037707228062E+051
   1.65000000000000       3.179748128842708E+051
   1.70000000000000       3.194827257617845E+051
   1.75000000000000       3.203530058125164E+051
   1.80000000000000       3.203909684529213E+051
   1.85000000000000       3.198782400519819E+051
   1.90000000000000       3.186267328310404E+051
   1.95000000000000       3.168871505396329E+051
   2.00000000000000       3.144893242652557E+051
   2.05000000000000       3.116238684873568E+051
   2.10000000000000       3.082675696640528E+051
   2.15000000000000       3.045161217982819E+051
   2.20000000000000       3.003332915879352E+051
   2.25000000000000       2.958694367102375E+051
   2.30000000000000       2.910852403682933E+051
   2.35000000000000       2.860251387128371E+051
   2.40000000000000       2.806384382382439E+051
   2.45000000000000       2.750321775997306E+051
   2.50000000000000       2.691590380769567E+051
   2.55000000000000       2.632308470908409E+051
   2.60000000000000       2.571386871923902E+051
   2.65000000000000       2.509872449612129E+051
   2.70000000000000       2.447439690415345E+051
   2.75000000000000       2.384556880486364E+051
   2.80000000000000       2.320050543070339E+051
   2.85000000000000       2.255768521964834E+051
   2.90000000000000       2.190706193351665E+051
   2.95000000000000       2.126226092373327E+051
   3.00000000000000       2.062542086238927E+051
   3.05000000000000       1.998746431280810E+051
   3.10000000000000       1.935152010234348E+051
   3.15000000000000       1.872515372208691E+051
   3.20000000000000       1.810628170131928E+051
   3.25000000000000       1.750191220554386E+051
   3.30000000000000       1.691103241028100E+051
   3.35000000000000       1.632971362781872E+051
   3.40000000000000       1.575237950298179E+051
   3.45000000000000       1.518189893736037E+051
   3.50000000000000       1.463256039449571E+051
   3.55000000000000       1.409831540687286E+051
   3.60000000000000       1.358032547664748E+051
   3.65000000000000       1.307290210714336E+051
   3.70000000000000       1.258159356139382E+051
   3.75000000000000       1.210602007656242E+051
   3.80000000000000       1.164066380336232E+051
   3.85000000000000       1.118246116243103E+051
   3.90000000000000       1.074117896785234E+051
   3.95000000000000       1.032007620104724E+051
   4.00000000000000       9.910110436150156E+050
   4.05000000000000       9.507513460240568E+050
   4.10000000000000       9.120871674420799E+050
   4.15000000000000       8.743006144544164E+050
   4.20000000000000       8.380712805624475E+050
   4.25000000000000       8.037402723096445E+050
   4.30000000000000       7.701832948458150E+050
   4.35000000000000       7.372873047849328E+050
   4.40000000000000       7.052074446136713E+050
   4.45000000000000       6.738173367002390E+050
   4.50000000000000       6.444484955047977E+050
   4.55000000000000       6.170466039008427E+050
   4.60000000000000       5.904824672016137E+050
   4.65000000000000       5.649493016739772E+050
   4.70000000000000       5.406558056592624E+050
   4.75000000000000       5.171744262109315E+050
   4.80000000000000       4.948675417975893E+050
   4.85000000000000       4.732464156060620E+050
   4.90000000000000       4.513369893422155E+050
   4.95000000000000       4.307461165249919E+050
   5.00000000000000       4.107694516503870E+050
   5.05000000000000       3.915651453327442E+050
   5.10000000000000       3.726179861716005E+050
   5.15000000000000       3.549085520365067E+050
   5.20000000000000       3.385205695457048E+050
   5.25000000000000       3.234535541018750E+050
   5.30000000000000       3.092731061276780E+050
   5.35000000000000       2.955220973688703E+050
   5.40000000000000       2.822476020824095E+050
   5.45000000000000       2.694695736282584E+050
   5.50000000000000       2.570341354667066E+050
   5.55000000000000       2.447558414952685E+050
   5.60000000000000       2.331824586490900E+050
   5.65000000000000       2.217655797492780E+050
   5.70000000000000       2.104257379362197E+050
   5.75000000000000       1.991860108602603E+050
   5.80000000000000       1.893664357972801E+050
   5.85000000000000       1.805600960031680E+050
   5.90000000000000       1.720893732429692E+050
   5.95000000000000       1.642065062921956E+050
   6.00000000000000       1.566089173828677E+050
   6.05000000000000       1.492525033433642E+050
   6.10000000000000       1.421608079658726E+050
   6.15000000000000       1.353185056563209E+050
   6.20000000000000       1.287211289423952E+050
   6.25000000000000       1.222376370626710E+050
   6.30000000000000       1.158671960678276E+050
   6.35000000000000       1.095984190241680E+050
   6.40000000000000       1.037143694852315E+050
   6.45000000000000       9.854093104192410E+049
   6.50000000000000       9.373169408052916E+049
   6.55000000000000       8.922847686389676E+049
   6.60000000000000       8.499714808337355E+049
   6.65000000000000       8.092915506197732E+049
   6.70000000000000       7.706385103144281E+049
   6.75000000000000       7.325385830886106E+049
   6.80000000000000       6.953677451961253E+049
   6.85000000000000       6.598637450108705E+049
   6.90000000000000       6.248443670713444E+049
   6.95000000000000       5.910237344731251E+049
   7.00000000000000       5.588822905414115E+049
   7.05000000000000       5.287652798927259E+049
   7.10000000000000       5.015217147079320E+049
   7.15000000000000       4.768015530101060E+049
   7.20000000000000       4.529988303227784E+049
   7.25000000000000       4.315773600672948E+049
   7.30000000000000       4.107537501095218E+049
   7.35000000000000       3.903762992017074E+049
   7.40000000000000       3.703267927672065E+049
   7.45000000000000       3.512363021835016E+049
   7.50000000000000       3.322456348293568E+049
   7.55000000000000       3.143336318237729E+049
   7.60000000000000       2.966209573365727E+049
   7.65000000000000       2.796612624076781E+049
   7.70000000000000       2.647113495093414E+049
   7.75000000000000       2.512156274142164E+049
   7.80000000000000       2.388156553922095E+049
   7.85000000000000       2.270950626120618E+049
   7.90000000000000       2.163939764498086E+049
   7.95000000000000       2.058010563276738E+049
   8.00000000000000       1.953827313168422E+049
   8.05000000000000       1.852157289999674E+049
   8.10000000000000       1.754536086129801E+049
   8.15000000000000       1.659772669127022E+049
   8.20000000000000       1.566942415426630E+049
   8.25000000000000       1.475735163488096E+049
   8.30000000000000       1.387631583707601E+049
   8.35000000000000       1.315996887532677E+049
   8.40000000000000       1.251849508736188E+049
   8.45000000000000       1.192231699111163E+049
   8.50000000000000       1.134766325392010E+049
   8.55000000000000       1.081201566327991E+049
   8.60000000000000       1.027857139300851E+049
   8.65000000000000       9.764533289376063E+048
   8.70000000000000       9.269525981438449E+048
   8.75000000000000       8.786052144437072E+048
   8.80000000000000       8.311707020711646E+048
   8.85000000000000       7.837080642223223E+048
   8.90000000000000       7.394960668921632E+048
   8.95000000000000       6.976875684221142E+048
   9.00000000000000       6.607201931609158E+048
   9.05000000000000       6.299946538561593E+048
   9.10000000000000       6.009635705602836E+048
   9.15000000000000       5.726380903049343E+048
   9.20000000000000       5.463289717935723E+048
   9.25000000000000       5.203503137310074E+048
   9.30000000000000       4.960548856386848E+048
   9.35000000000000       4.718424897113460E+048
   9.40000000000000       4.476752251048672E+048
   9.45000000000000       4.245848430359581E+048
   9.50000000000000       4.019872990082075E+048
   9.55000000000000       3.798634017993765E+048
   9.60000000000000       3.598206038544164E+048
   9.65000000000000       3.412022292720663E+048
   9.70000000000000       3.250482868198944E+048
   9.75000000000000       3.106762860569491E+048
   9.80000000000000       2.966995964062475E+048
   9.85000000000000       2.839811145668270E+048
   9.90000000000000       2.715872166731814E+048
   9.95000000000000       2.595069428728979E+048
   10.0000000000000       2.475912256019991E+048
   10.0500000000000       2.357225996603359E+048
   10.1000000000000       2.243114682283441E+048
   10.1500000000000       2.130177363706288E+048
   10.2000000000000       2.017664495052830E+048
   10.2500000000000       1.920315284051089E+048
   10.3000000000000       1.827169230757764E+048
   10.3500000000000       1.740180335911610E+048
   10.4000000000000       1.661797212471609E+048
   10.4500000000000       1.592253926466402E+048
   10.5000000000000       1.528764000186421E+048
   10.5500000000000       1.465821751573334E+048
   10.6000000000000       1.404055239098990E+048
   10.6500000000000       1.343379157493336E+048
   10.7000000000000       1.283052792194986E+048
   10.7500000000000       1.223577163338388E+048
   10.8000000000000       1.165463951022398E+048
   10.8500000000000       1.108483977724904E+048
   10.9000000000000       1.057263758321307E+048
   10.9500000000000       1.009048102617818E+048
   11.0000000000000       9.634069169548490E+047
   11.0500000000000       9.195308496836070E+047
   11.1000000000000       8.808104570072821E+047
   11.1500000000000       8.471385923216368E+047
   11.2000000000000       8.134763736722455E+047
   11.2500000000000       7.806127657343976E+047
   11.3000000000000       7.483542326944297E+047
   11.3500000000000       7.162584270035945E+047
   11.4000000000000       6.842243194897289E+047
   11.4500000000000       6.536761818838679E+047
   11.5000000000000       6.231577829203255E+047
   11.5500000000000       5.955027308771498E+047
   11.6000000000000       5.697762408270843E+047
   11.6500000000000       5.451554406816841E+047
   11.7000000000000       5.211158040258835E+047
   11.7500000000000       4.984449315243376E+047
   11.8000000000000       4.789055037196206E+047
   11.8500000000000       4.604783683933890E+047
   11.9000000000000       4.423048044295700E+047
   11.9500000000000       4.245698671081843E+047
   12.0000000000000       4.069529752948567E+047
   12.0500000000000       3.896544784291127E+047
   12.1000000000000       3.728082382178081E+047
   12.1500000000000       3.568628249603300E+047
   12.2000000000000       3.409296239820393E+047
   12.2500000000000       3.265342037071237E+047
   12.3000000000000       3.129725868252875E+047
   12.3500000000000       2.997115601367453E+047
   12.4000000000000       2.866935030683242E+047
   12.4500000000000       2.749831197564283E+047
   12.5000000000000       2.642753145077137E+047
   12.5500000000000       2.539755383865089E+047
   12.6000000000000       2.439598275106936E+047
   12.6500000000000       2.339742396806228E+047
   12.7000000000000       2.231446333502550E+047
   12.7500000000000       2.138269835613760E+047
   12.8000000000000       2.051462624794579E+047
   12.8500000000000       1.966725045759087E+047
   12.9000000000000       1.885888164452699E+047
   12.9500000000000       1.808683312977477E+047
   13.0000000000000       1.731951364317702E+047
   13.0500000000000       1.659063481580986E+047
   13.1000000000000       1.589842960306378E+047
   13.1500000000000       1.525125667051471E+047
   13.2000000000000       1.465509075231936E+047
   13.2500000000000       1.401398234746967E+047
   13.3000000000000       1.345412962475678E+047
   13.3500000000000       1.291070741841415E+047
   13.4000000000000       1.234514101116494E+047
   13.4500000000000       1.185081979918211E+047
   13.5000000000000       1.136805566927860E+047
   13.5500000000000       1.090781939456841E+047
   13.6000000000000       1.045927206943877E+047
   13.6500000000000       1.003055954987910E+047
   13.7000000000000       9.606722257232689E+046
   13.7500000000000       9.210485668926585E+046
   13.8000000000000       8.827128341537379E+046
   13.8500000000000       8.464407550198788E+046
   13.9000000000000       8.132541465976106E+046
   13.9500000000000       7.800316178398952E+046
   14.0000000000000       7.485245238950309E+046
   14.0500000000000       7.054401838471837E+046
   14.1000000000000       6.765367565692317E+046
   14.1500000000000       6.467149904588450E+046
   14.2000000000000       6.198812248297292E+046
   14.2500000000000       5.938650191414421E+046
   14.3000000000000       5.683226217802876E+046
   14.3500000000000       5.448748259168444E+046
   14.4000000000000       5.221646624214113E+046
   14.4500000000000       5.003732003682226E+046
   14.5000000000000       4.794906854508180E+046
   14.5500000000000       4.597308347147476E+046
   14.6000000000000       4.413946261091151E+046
   14.6500000000000       4.235849087645971E+046
   14.7000000000000       4.062773524222001E+046
   14.7500000000000       3.894934390472668E+046
   14.8000000000000       3.670967101083631E+046
   14.8500000000000       3.519734078824742E+046
   14.9000000000000       3.373048478290451E+046
   14.9500000000000       3.230907440897443E+046
   15.0000000000000       3.094852702643061E+046
   15.0500000000000       2.951670019540901E+046
   15.1000000000000       2.825130530618305E+046
   15.1500000000000       2.702760747351154E+046
   15.2000000000000       2.574354031443779E+046
   15.2500000000000       2.465661052543864E+046
   15.3000000000000       2.362266555657623E+046
   15.3500000000000       2.262325374598994E+046
   15.4000000000000       2.165716906763978E+046
   15.4500000000000       2.071242438875575E+046
   15.5000000000000       1.981569637200140E+046
   15.5500000000000       1.894964630094836E+046
   15.6000000000000       1.811306483647063E+046
   15.6500000000000       1.729186764734954E+046
   15.7000000000000       1.652104622779338E+046
   15.7500000000000       1.577683633315458E+046
   15.8000000000000       1.505851218140240E+046
   15.8500000000000       1.436765778527472E+046
   15.9000000000000       1.369682510665893E+046
   15.9500000000000       1.307920443252125E+046
   16.0000000000000       1.248914039906952E+046
   16.0500000000000       1.192138348589642E+046
   16.1000000000000       1.130861188617322E+046
   16.1500000000000       1.078863824669213E+046
   16.2000000000000       1.028857775549331E+046
   16.2500000000000       9.807948888691444E+045
   16.3000000000000       9.345549626110204E+045
   16.3500000000000       8.833708541382195E+045
   16.4000000000000       8.413115566690691E+045
   16.4500000000000       8.009081350045534E+045
   16.5000000000000       7.621517322311583E+045
   16.5500000000000       7.169284627334961E+045
   16.6000000000000       6.823138140451025E+045
   16.6500000000000       6.488885529589570E+045
   16.7000000000000       6.175746624167436E+045
   16.7500000000000       5.876287678438581E+045
   16.8000000000000       5.589548687865614E+045
   16.8500000000000       5.315529647005769E+045
   16.9000000000000       5.053510549265430E+045
   16.9500000000000       4.803011386556787E+045
   17.0000000000000       4.563552148823668E+045
   17.0500000000000       4.334652823370371E+045
   17.1000000000000       4.116073393889888E+045
   17.1500000000000       3.907333839020035E+045
   17.2000000000000       3.708172021137277E+045
   17.2500000000000       3.517607284751133E+045
   17.3000000000000       3.304826805225294E+045
   17.3500000000000       3.135595872383252E+045
   17.4000000000000       2.974879945186807E+045
   17.4500000000000       2.821844010953792E+045
   17.5000000000000       2.676008068867318E+045
   17.5500000000000       2.537132117940424E+045
   17.6000000000000       2.405096156966055E+045
   17.6500000000000       2.279396184447738E+045
   17.7000000000000       2.159768198501637E+045
   17.7500000000000       2.046044196714942E+045
   17.8000000000000       1.937864175935855E+045
   17.8500000000000       1.835036131952738E+045
   17.9000000000000       1.737235256772931E+045
   17.9500000000000       1.639496873913407E+045
   18.0000000000000       1.551998911816477E+045
   18.0500000000000       1.468940949389842E+045
   18.1000000000000       1.390082986608507E+045
   18.1500000000000       1.315257023443420E+045
   18.2000000000000       1.244247059860458E+045
   18.2500000000000       1.176909095819050E+045
   18.3000000000000       1.113027131270310E+045
   18.3500000000000       1.052481166154411E+045
   18.4000000000000       9.950552003968370E+044
   18.4500000000000       9.406532339028649E+044
   18.5000000000000       8.890832665492030E+044
   18.5500000000000       8.388730410719724E+044
   18.6000000000000       7.926720000000000E+044
   18.6500000000000       7.489920000000001E+044
   18.7000000000000       7.076160000000000E+044
   18.7500000000000       6.684240000000003E+044
   18.8000000000000       6.313680000000000E+044
   18.8500000000000       5.962800000000001E+044
   18.9000000000000       5.630880000000000E+044
   18.9500000000000       5.316960000000000E+044
   19.0000000000000       5.019840000000000E+044
   19.0500000000000       4.739040000000001E+044
   19.1000000000000       4.473360000000000E+044
   19.1500000000000       4.222080000000000E+044
   19.2000000000000       3.984720000000001E+044
   19.2500000000000       3.760320000000000E+044
   19.3000000000000       3.548400000000000E+044
   19.3500000000000       3.348000000000000E+044
   19.4000000000000       3.158640000000000E+044
   19.4500000000000       2.979840000000000E+044
   19.5000000000000       2.810640000000000E+044
   19.5500000000000       2.651040000000000E+044
   19.6000000000000       2.500560000000000E+044
   19.6500000000000       2.358120000000000E+044
   19.7000000000000       2.223744000000000E+044
   19.7500000000000       2.096856000000000E+044
   19.8000000000000       1.977096000000000E+044
   19.8500000000000       1.864032000000000E+044
   19.9000000000000       1.757304000000000E+044
   19.9500000000000       1.656624000000000E+044
   20.0000000000000       1.561560000000000E+044
   20.0500000000000       1.471896000000000E+044
   20.1000000000000       1.387296000000000E+044
   20.1500000000000       1.307472000000000E+044
   20.2000000000000       1.232184000000000E+044
   20.2500000000000       1.161144000000000E+044
   20.3000000000000       1.094136000000000E+044
   20.3500000000000       1.030944000000000E+044
   20.4000000000000       9.713520000000001E+043
   20.4500000000000       9.151440000000000E+043
   20.5000000000000       8.621760000000001E+043
   20.5500000000000       8.122079999999999E+043
   20.6000000000000       7.650960000000000E+043
   20.6500000000000       7.206719999999999E+043
   20.7000000000000       6.788160000000000E+043
   20.7500000000000       6.393360000000000E+043
   20.8000000000000       6.021600000000000E+043
   20.8500000000000       5.670720000000000E+043
   20.9000000000000       5.340480000000000E+043
   20.9500000000000       5.028960000000001E+043
   21.0000000000000       4.735440000000000E+043
   21.0500000000000       4.458960000000000E+043
   21.1000000000000       4.198320000000000E+043
   21.1500000000000       3.952800000000000E+043
   21.2000000000000       3.721440000000000E+043
   21.2500000000000       3.503520000000000E+043
   21.3000000000000       3.298080000000000E+043
   21.3500000000000       3.104640000000000E+043
   21.4000000000000       2.922480000000000E+043
   21.4500000000000       2.750880000000000E+043
   21.5000000000000       2.589120000000000E+043
   21.5500000000000       2.436960000000000E+043
   21.6000000000000       2.293488000000000E+043
   21.6500000000000       2.158464000000000E+043
   21.7000000000000       2.031288000000000E+043
   21.7500000000000       1.911528000000000E+043
   21.8000000000000       1.798776000000000E+043
   21.8500000000000       1.692600000000000E+043
   21.9000000000000       1.592640000000000E+043
   21.9500000000000       1.498512000000000E+043
   22.0000000000000       1.409904000000000E+043
   22.0500000000000       1.326456000000000E+043
   22.1000000000000       1.247928000000000E+043
   22.1500000000000       1.174032000000000E+043
   22.2000000000000       1.104432000000000E+043
   22.2500000000000       1.038936000000000E+043
   22.3000000000000       9.772560000000000E+042
   22.3500000000000       9.192480000000000E+042
   22.4000000000000       8.646480000000001E+042
   22.4500000000000       8.132640000000000E+042
   22.5000000000000       7.648800000000001E+042
   22.5500000000000       7.193760000000000E+042
   22.6000000000000       6.765360000000000E+042
   22.6500000000000       6.362399999999999E+042
   22.7000000000000       5.983200000000001E+042
   22.7500000000000       5.626320000000001E+042
   22.8000000000000       5.290800000000000E+042
   22.8500000000000       4.974960000000000E+042
   22.9000000000000       4.677840000000000E+042
   22.9500000000000       4.398240000000000E+042
   23.0000000000000       4.135200000000000E+042
   23.0500000000000       3.888000000000000E+042
   23.1000000000000       3.655200000000000E+042
   23.1500000000000       3.436320000000000E+042
   23.2000000000000       3.230640000000000E+042
   23.2500000000000       3.036960000000000E+042
   23.3000000000000       2.854800000000000E+042
   23.3500000000000       2.683440000000000E+042
   23.4000000000000       2.522400000000000E+042
   23.4500000000000       2.370984000000000E+042
   23.5000000000000       2.228520000000000E+042
   23.5500000000000       2.094576000000000E+042
   23.6000000000000       1.968624000000000E+042
   23.6500000000000       1.850184000000000E+042
   23.7000000000000       1.738824000000000E+042
   23.7500000000000       1.634112000000000E+042
   23.8000000000000       1.535664000000000E+042
   23.8500000000000       1.443096000000000E+042
   23.9000000000000       1.356072000000000E+042
   23.9500000000000       1.274256000000000E+042
   24.0000000000000       1.197360000000000E+042
   24.0500000000000       1.125048000000000E+042
   24.1000000000000       1.057104000000000E+042
   24.1500000000000       9.932160000000000E+041
   24.2000000000000       9.331680000000001E+041
   24.2500000000000       8.767200000000000E+041
   24.3000000000000       8.236559999999999E+041
   24.3500000000000       7.737840000000000E+041
   24.4000000000000       7.269360000000000E+041
   24.4500000000000       6.828960000000000E+041
   24.5000000000000       6.414960000000000E+041
   24.5500000000000       6.025920000000000E+041
   24.6000000000000       5.660400000000000E+041
   24.6500000000000       5.316960000000000E+041
   24.7000000000000       4.994160000000001E+041
   24.7500000000000       4.690800000000000E+041
   24.8000000000000       4.405680000000000E+041
   24.8500000000000       4.137840000000001E+041
   24.9000000000000       3.886320000000000E+041
   24.9500000000000       3.649920000000000E+041
   25.0000000000000       3.427680000000000E+041
