  0.000000000000000E+000  0.000000000000000E+000
  5.000000000000000E-002  3.869978063965585E+048
  0.100000000000000       1.475042362608944E+049
  0.150000000000000       3.625776047901257E+049
  0.200000000000000       6.945852838192613E+049
  0.250000000000000       1.233558073752685E+050
  0.300000000000000       1.956701797406455E+050
  0.350000000000000       2.932249475274559E+050
  0.400000000000000       4.118603282517886E+050
  0.450000000000000       5.515722366382219E+050
  0.500000000000000       7.102376398292286E+050
  0.550000000000000       8.836678183682248E+050
  0.600000000000000       1.068994837286159E+051
  0.650000000000000       1.260184974926395E+051
  0.700000000000000       1.458290581539986E+051
  0.750000000000000       1.660357825088174E+051
  0.800000000000000       1.865036902343065E+051
  0.850000000000000       2.067914544004012E+051
  0.900000000000000       2.266021830267655E+051
  0.950000000000000       2.457738902116521E+051
   1.00000000000000       2.641679662834846E+051
   1.05000000000000       2.816762181021507E+051
   1.10000000000000       2.982714792912485E+051
   1.15000000000000       3.139328239387485E+051
   1.20000000000000       3.286094442751546E+051
   1.25000000000000       3.422794346143021E+051
   1.30000000000000       3.548754092981319E+051
   1.35000000000000       3.663711152447570E+051
   1.40000000000000       3.767010795644146E+051
   1.45000000000000       3.860333647491540E+051
   1.50000000000000       3.940298215485050E+051
   1.55000000000000       4.010191121326762E+051
   1.60000000000000       4.069358318892086E+051
   1.65000000000000       4.118913036850360E+051
   1.70000000000000       4.157193363732247E+051
   1.75000000000000       4.186159521749200E+051
   1.80000000000000       4.206390034019855E+051
   1.85000000000000       4.217568700133438E+051
   1.90000000000000       4.221797869558387E+051
   1.95000000000000       4.216538603824533E+051
   2.00000000000000       4.205440571444781E+051
   2.05000000000000       4.185814113891083E+051
   2.10000000000000       4.161239454337784E+051
   2.15000000000000       4.129188812049180E+051
   2.20000000000000       4.093140177625286E+051
   2.25000000000000       4.050955890802499E+051
   2.30000000000000       4.005107020091105E+051
   2.35000000000000       3.953604883013258E+051
   2.40000000000000       3.897825559954502E+051
   2.45000000000000       3.838853285669551E+051
   2.50000000000000       3.776921756611998E+051
   2.55000000000000       3.712026250017498E+051
   2.60000000000000       3.643652887593325E+051
   2.65000000000000       3.573300417458287E+051
   2.70000000000000       3.500612542168895E+051
   2.75000000000000       3.427353398086779E+051
   2.80000000000000       3.352087140914241E+051
   2.85000000000000       3.275649312890285E+051
   2.90000000000000       3.198073602016810E+051
   2.95000000000000       3.120194212808274E+051
   3.00000000000000       3.041313144869568E+051
   3.05000000000000       2.962443928866417E+051
   3.10000000000000       2.883889871726544E+051
   3.15000000000000       2.805071075811362E+051
   3.20000000000000       2.726496128656845E+051
   3.25000000000000       2.647812993609283E+051
   3.30000000000000       2.569259415450219E+051
   3.35000000000000       2.491341290145042E+051
   3.40000000000000       2.415140627911045E+051
   3.45000000000000       2.340418711459423E+051
   3.50000000000000       2.267219294342154E+051
   3.55000000000000       2.195273820685827E+051
   3.60000000000000       2.124200865569535E+051
   3.65000000000000       2.053852131029638E+051
   3.70000000000000       1.984533454177828E+051
   3.75000000000000       1.916688963891460E+051
   3.80000000000000       1.851499510229800E+051
   3.85000000000000       1.787888447397528E+051
   3.90000000000000       1.725865802491327E+051
   3.95000000000000       1.665124701236387E+051
   4.00000000000000       1.606166199010587E+051
   4.05000000000000       1.549352980967191E+051
   4.10000000000000       1.493798204410723E+051
   4.15000000000000       1.439124713618764E+051
   4.20000000000000       1.386083335246414E+051
   4.25000000000000       1.335073186585266E+051
   4.30000000000000       1.285690153081198E+051
   4.35000000000000       1.237364898605911E+051
   4.40000000000000       1.190038694273844E+051
   4.45000000000000       1.144695189883042E+051
   4.50000000000000       1.100328587321355E+051
   4.55000000000000       1.057769975520744E+051
   4.60000000000000       1.017277363796413E+051
   4.65000000000000       9.777093136035135E+050
   4.70000000000000       9.388457412506485E+050
   4.75000000000000       9.008794123096302E+050
   4.80000000000000       8.633903696431352E+050
   4.85000000000000       8.278880353451038E+050
   4.90000000000000       7.939968293155447E+050
   4.95000000000000       7.629450457283607E+050
   5.00000000000000       7.325125468750081E+050
   5.05000000000000       7.035114172054604E+050
   5.10000000000000       6.752219566485583E+050
   5.15000000000000       6.482002629445266E+050
   5.20000000000000       6.220747015842410E+050
   5.25000000000000       5.967693240100998E+050
   5.30000000000000       5.719670995613677E+050
   5.35000000000000       5.475145853802476E+050
   5.40000000000000       5.238795534279970E+050
   5.45000000000000       5.010603687925281E+050
   5.50000000000000       4.785664717343903E+050
   5.55000000000000       4.572847655187869E+050
   5.60000000000000       4.378419253608291E+050
   5.65000000000000       4.193342784446415E+050
   5.70000000000000       4.021507360802153E+050
   5.75000000000000       3.854815760137497E+050
   5.80000000000000       3.694937172415618E+050
   5.85000000000000       3.538096690088920E+050
   5.90000000000000       3.388395436113864E+050
   5.95000000000000       3.242358917059141E+050
   6.00000000000000       3.097850403687164E+050
   6.05000000000000       2.961340776475772E+050
   6.10000000000000       2.826518240694389E+050
   6.15000000000000       2.692579364725194E+050
   6.20000000000000       2.560023334222864E+050
   6.25000000000000       2.438881810434407E+050
   6.30000000000000       2.333782515688753E+050
   6.35000000000000       2.234182272899021E+050
   6.40000000000000       2.137642526948444E+050
   6.45000000000000       2.046609358469410E+050
   6.50000000000000       1.957172286922028E+050
   6.55000000000000       1.871583751825767E+050
   6.60000000000000       1.788175385732517E+050
   6.65000000000000       1.708119565068289E+050
   6.70000000000000       1.630569059656900E+050
   6.75000000000000       1.554348990255930E+050
   6.80000000000000       1.479204622657759E+050
   6.85000000000000       1.405558919239293E+050
   6.90000000000000       1.333786736340078E+050
   6.95000000000000       1.272877367880015E+050
   7.00000000000000       1.215786584632531E+050
   7.05000000000000       1.162214884153040E+050
   7.10000000000000       1.111540085856514E+050
   7.15000000000000       1.061718781547547E+050
   7.20000000000000       1.014015830801802E+050
   7.25000000000000       9.690092680615041E+049
   7.30000000000000       9.243638220585833E+049
   7.35000000000000       8.810514365609093E+049
   7.40000000000000       8.392382514375053E+049
   7.45000000000000       7.984569927973600E+049
   7.50000000000000       7.583055723406716E+049
   7.55000000000000       7.204229652064437E+049
   7.60000000000000       6.840149289166924E+049
   7.65000000000000       6.523213134903450E+049
   7.70000000000000       6.224957784815205E+049
   7.75000000000000       5.948412758785991E+049
   7.80000000000000       5.679294892846505E+049
   7.85000000000000       5.429047705468627E+049
   7.90000000000000       5.183503563043814E+049
   7.95000000000000       4.945652154793396E+049
   8.00000000000000       4.711384649677678E+049
   8.05000000000000       4.487868746241700E+049
   8.10000000000000       4.266967490251104E+049
   8.15000000000000       4.053306635714977E+049
   8.20000000000000       3.846886979511923E+049
   8.25000000000000       3.646682688426803E+049
   8.30000000000000       3.464443219803850E+049
   8.35000000000000       3.306697919815237E+049
   8.40000000000000       3.155665379108738E+049
   8.45000000000000       3.016032245581377E+049
   8.50000000000000       2.885098509367692E+049
   8.55000000000000       2.757901234944731E+049
   8.60000000000000       2.633692035675896E+049
   8.65000000000000       2.511160862586287E+049
   8.70000000000000       2.392553713514002E+049
   8.75000000000000       2.274872764177388E+049
   8.80000000000000       2.164532200400024E+049
   8.85000000000000       2.054161002584181E+049
   8.90000000000000       1.946978438465695E+049
   8.95000000000000       1.840952810430374E+049
   9.00000000000000       1.752759320294902E+049
   9.05000000000000       1.676491583458312E+049
   9.10000000000000       1.602303396170012E+049
   9.15000000000000       1.535355845722499E+049
   9.20000000000000       1.470366604585269E+049
   9.25000000000000       1.405963018118540E+049
   9.30000000000000       1.342835981671713E+049
   9.35000000000000       1.280770465016181E+049
   9.40000000000000       1.221862994874760E+049
   9.45000000000000       1.163794177427547E+049
   9.50000000000000       1.106796628774991E+049
   9.55000000000000       1.050667230114398E+049
   9.60000000000000       9.954256893504919E+048
   9.65000000000000       9.442942203604551E+048
   9.70000000000000       8.992548452933107E+048
   9.75000000000000       8.606825992421752E+048
   9.80000000000000       8.248893962084432E+048
   9.85000000000000       7.913802257425521E+048
   9.90000000000000       7.587483137978416E+048
   9.95000000000000       7.260877726412959E+048
   10.0000000000000       6.944224372429842E+048
   10.0500000000000       6.640976095541599E+048
   10.1000000000000       6.345609947928990E+048
   10.1500000000000       6.050911540960541E+048
   10.2000000000000       5.758635340330446E+048
   10.2500000000000       5.482473972142680E+048
   10.3000000000000       5.208503613162604E+048
   10.3500000000000       4.949517143952941E+048
   10.4000000000000       4.721459887380531E+048
   10.4500000000000       4.512802123663491E+048
   10.5000000000000       4.327000580900257E+048
   10.5500000000000       4.157332015142936E+048
   10.6000000000000       3.990304566419190E+048
   10.6500000000000       3.826227351561615E+048
   10.7000000000000       3.670224225841827E+048
   10.7500000000000       3.514774748629837E+048
   10.8000000000000       3.363297587305466E+048
   10.8500000000000       3.214915901507701E+048
   10.9000000000000       3.068661938723271E+048
   10.9500000000000       2.925599795531363E+048
   11.0000000000000       2.784879467815916E+048
   11.0500000000000       2.652893325728792E+048
   11.1000000000000       2.537335320630002E+048
   11.1500000000000       2.426620231562302E+048
   11.2000000000000       2.320583503146313E+048
   11.2500000000000       2.231307370691837E+048
   11.3000000000000       2.146458573786760E+048
   11.3500000000000       2.062918501002265E+048
   11.4000000000000       1.981815028914235E+048
   11.4500000000000       1.901888914635349E+048
   11.5000000000000       1.822956542923365E+048
   11.5500000000000       1.746841769545721E+048
   11.6000000000000       1.670887832573909E+048
   11.6500000000000       1.595226311258052E+048
   11.7000000000000       1.522483251533824E+048
   11.7500000000000       1.455462300006665E+048
   11.8000000000000       1.393270972422865E+048
   11.8500000000000       1.334954394622539E+048
   11.9000000000000       1.277662147321631E+048
   11.9500000000000       1.226258533809899E+048
   12.0000000000000       1.181059666402589E+048
   12.0500000000000       1.137078853792163E+048
   12.1000000000000       1.093927292371331E+048
   12.1500000000000       1.051574487934041E+048
   12.2000000000000       1.009821617911651E+048
   12.2500000000000       9.693394582500609E+047
   12.3000000000000       9.290683828897870E+047
   12.3500000000000       8.891762046676560E+047
   12.4000000000000       8.510492894910814E+047
   12.4500000000000       8.143807668217354E+047
   12.5000000000000       7.815142301330859E+047
   12.5500000000000       7.498620436179346E+047
   12.6000000000000       7.191272888018683E+047
   12.6500000000000       6.903427390897030E+047
   12.7000000000000       6.636791179978895E+047
   12.7500000000000       6.395173292510898E+047
   12.8000000000000       6.160333040104220E+047
   12.8500000000000       5.930927655008441E+047
   12.9000000000000       5.703640227592216E+047
   12.9500000000000       5.481755192258516E+047
   13.0000000000000       5.264094890236161E+047
   13.0500000000000       5.050793385909020E+047
   13.1000000000000       4.844894790127725E+047
   13.1500000000000       4.653156587564959E+047
   13.2000000000000       4.462635551384331E+047
   13.2500000000000       4.286492922662315E+047
   13.3000000000000       4.117239525976502E+047
   13.3500000000000       3.958463210429411E+047
   13.4000000000000       3.803299385413800E+047
   13.4500000000000       3.658563671500904E+047
   13.5000000000000       3.526647271074965E+047
   13.5500000000000       3.398020699214800E+047
   13.6000000000000       3.271141014712971E+047
   13.6500000000000       3.144777961560456E+047
   13.7000000000000       3.024753356029327E+047
   13.7500000000000       2.890872826386590E+047
   13.8000000000000       2.779701053742947E+047
   13.8500000000000       2.674529409534005E+047
   13.9000000000000       2.573915752738230E+047
   13.9500000000000       2.475320276409744E+047
   14.0000000000000       2.378360577919193E+047
   14.0500000000000       2.285713092487164E+047
   14.1000000000000       2.198311672777928E+047
   14.1500000000000       2.112714059635856E+047
   14.2000000000000       2.033529874936899E+047
   14.2500000000000       1.959950824928091E+047
   14.3000000000000       1.877971377312658E+047
   14.3500000000000       1.808063228786659E+047
   14.4000000000000       1.739626268404980E+047
   14.4500000000000       1.669275489509658E+047
   14.5000000000000       1.605914958394777E+047
   14.5500000000000       1.545263879241508E+047
   14.6000000000000       1.486446148205446E+047
   14.6500000000000       1.429917088982586E+047
   14.7000000000000       1.374736238934676E+047
   14.7500000000000       1.322229546664119E+047
   14.8000000000000       1.271883984626406E+047
   14.8500000000000       1.222564346390347E+047
   14.9000000000000       1.174676030352685E+047
   14.9500000000000       1.129420057327316E+047
   15.0000000000000       1.087575176906904E+047
   15.0500000000000       1.046613680416159E+047
   15.1000000000000       1.005380132483202E+047
   15.1500000000000       9.504839026283844E+046
   15.2000000000000       9.137560271032580E+046
   15.2500000000000       8.762427231996962E+046
   15.3000000000000       8.422399955729100E+046
   15.3500000000000       8.089395171618761E+046
   15.4000000000000       7.762454197463443E+046
   15.4500000000000       7.453948482210729E+046
   15.5000000000000       7.164287669593658E+046
   15.5500000000000       6.883934508943644E+046
   15.6000000000000       6.610966368702420E+046
   15.6500000000000       6.345627051313885E+046
   15.7000000000000       6.101529100198275E+046
   15.7500000000000       5.868194837827983E+046
   15.8000000000000       5.642385348009994E+046
   15.8500000000000       5.423540932505651E+046
   15.9000000000000       5.144097503555611E+046
   15.9500000000000       4.942882635938536E+046
   16.0000000000000       4.747412611169019E+046
   16.0500000000000       4.559724633844725E+046
   16.1000000000000       4.365183233472891E+046
   16.1500000000000       4.189108250876687E+046
   16.2000000000000       4.018298014992741E+046
   16.2500000000000       3.854616774299697E+046
   16.3000000000000       3.695957539386973E+046
   16.3500000000000       3.527538507275242E+046
   16.4000000000000       3.381520899792124E+046
   16.4500000000000       3.244478918159711E+046
   16.5000000000000       3.111961841435444E+046
   16.5500000000000       2.985501367337535E+046
   16.6000000000000       2.863357172054451E+046
   16.6500000000000       2.745048539166156E+046
   16.7000000000000       2.630814551028230E+046
   16.7500000000000       2.518727007538719E+046
   16.8000000000000       2.412741516760756E+046
   16.8500000000000       2.310351581936728E+046
   16.9000000000000       2.211316311354150E+046
   16.9500000000000       2.113992372872563E+046
   17.0000000000000       2.022648489563044E+046
   17.0500000000000       1.934372550589942E+046
   17.1000000000000       1.849321073893747E+046
   17.1500000000000       1.766166020130121E+046
   17.2000000000000       1.689770696269771E+046
   17.2500000000000       1.610401931470643E+046
   17.3000000000000       1.540484069090274E+046
   17.3500000000000       1.473157352271993E+046
   17.4000000000000       1.408325607790373E+046
   17.4500000000000       1.345892610747529E+046
   17.5000000000000       1.277906312810359E+046
   17.5500000000000       1.220732510053997E+046
   17.6000000000000       1.165718111871721E+046
   17.6500000000000       1.112814983807301E+046
   17.7000000000000       1.053618575576229E+046
   17.7500000000000       1.005364409349592E+046
   17.8000000000000       9.590061663178440E+045
   17.8500000000000       9.145714268197232E+045
   17.9000000000000       8.628153745303889E+045
   17.9500000000000       8.225514239769111E+045
   18.0000000000000       7.847995185638290E+045
   18.0500000000000       7.486316098733775E+045
   18.1000000000000       7.139516976026811E+045
   18.1500000000000       6.807357813970328E+045
   18.2000000000000       6.489118608372889E+045
   18.2500000000000       6.184559354232710E+045
   18.3000000000000       5.892720045515867E+045
   18.3500000000000       5.613360674855299E+045
   18.4000000000000       5.346241233134882E+045
   18.4500000000000       5.090401708903383E+045
   18.5000000000000       4.845602087529992E+045
   18.5500000000000       4.611602349956500E+045
   18.6000000000000       4.387139059153012E+045
   18.6500000000000       4.135327608634403E+045
   18.7000000000000       3.934919824950029E+045
   18.7500000000000       3.744357853288523E+045
   18.8000000000000       3.562195876808622E+045
   18.8500000000000       3.388433895102486E+045
   18.9000000000000       3.222831907693694E+045
   18.9500000000000       3.064669914020300E+045
   19.0000000000000       2.913707913412341E+045
   19.0500000000000       2.769705905061486E+045
   19.1000000000000       2.632423887979398E+045
   19.1500000000000       2.501621860939409E+045
   19.2000000000000       2.376987822393110E+045
   19.2500000000000       2.258137770347885E+045
   19.3000000000000       2.144607102243727E+045
   19.3500000000000       2.030913869822562E+045
   19.4000000000000       1.928782145555964E+045
   19.4500000000000       1.831669203109983E+045
   19.5000000000000       1.739212260386751E+045
   19.5500000000000       1.651243317371525E+045
   19.6000000000000       1.567498374047861E+045
   19.6500000000000       1.487881430397298E+045
   19.7000000000000       1.412080486398953E+045
   19.7500000000000       1.340023542029004E+045
   19.8000000000000       1.271494597260008E+045
   19.8500000000000       1.206325652059999E+045
   19.9000000000000       1.144372706391255E+045
   19.9500000000000       1.085467760208572E+045
   20.0000000000000       1.029490813456801E+045
   20.0500000000000       9.748264340304530E+044
   20.1000000000000       9.244219048692457E+044
   20.1500000000000       8.765373756958592E+044
   20.2000000000000       8.310768465097563E+044
   20.2500000000000       7.878963173103506E+044
   20.3000000000000       7.468997880970001E+044
   20.3500000000000       7.079672588689980E+044
   20.4000000000000       6.710267296255637E+044
   20.4500000000000       6.359582003658290E+044
   20.5000000000000       6.026656710888243E+044
   20.5500000000000       5.710771417934585E+044
   20.6000000000000       5.410966124784951E+044
   20.6500000000000       5.126760831425215E+044
   20.7000000000000       4.856955537839083E+044
   20.7500000000000       4.601070244007558E+044
   20.8000000000000       4.357920000000000E+044
   20.8500000000000       4.127760000000000E+044
   20.9000000000000       3.909360000000000E+044
   20.9500000000000       3.702480000000000E+044
   21.0000000000000       3.506400000000000E+044
   21.0500000000000       3.320400000000000E+044
   21.1000000000000       3.144000000000000E+044
   21.1500000000000       2.976960000000000E+044
   21.2000000000000       2.818560000000000E+044
   21.2500000000000       2.668320000000000E+044
   21.3000000000000       2.526000000000000E+044
   21.3500000000000       2.391288000000000E+044
   21.4000000000000       2.263536000000000E+044
   21.4500000000000       2.142528000000000E+044
   21.5000000000000       2.027856000000000E+044
   21.5500000000000       1.919280000000000E+044
   21.6000000000000       1.816392000000000E+044
   21.6500000000000       1.718928000000000E+044
   21.7000000000000       1.626648000000000E+044
   21.7500000000000       1.539216000000000E+044
   21.8000000000000       1.456440000000000E+044
   21.8500000000000       1.378032000000000E+044
   21.9000000000000       1.303800000000000E+044
   21.9500000000000       1.233504000000000E+044
   22.0000000000000       1.166952000000000E+044
   22.0500000000000       1.103952000000000E+044
   22.1000000000000       1.044312000000000E+044
   22.1500000000000       9.878639999999999E+043
   22.2000000000000       9.343920000000001E+043
   22.2500000000000       8.838000000000000E+043
   22.3000000000000       8.359200000000000E+043
   22.3500000000000       7.906080000000000E+043
   22.4000000000000       7.476960000000000E+043
   22.4500000000000       7.071120000000000E+043
   22.5000000000000       6.686880000000000E+043
   22.5500000000000       6.323280000000000E+043
   22.6000000000000       5.979360000000000E+043
   22.6500000000000       5.653920000000000E+043
   22.7000000000000       5.345760000000001E+043
   22.7500000000000       5.054400000000000E+043
   22.8000000000000       4.778880000000000E+043
   22.8500000000000       4.518000000000000E+043
   22.9000000000000       4.271280000000000E+043
   22.9500000000000       4.038000000000000E+043
   23.0000000000000       3.817200000000000E+043
   23.0500000000000       3.608400000000000E+043
   23.1000000000000       3.410880000000000E+043
   23.1500000000000       3.223920000000000E+043
   23.2000000000000       3.047280000000000E+043
   23.2500000000000       2.880240000000000E+043
   23.3000000000000       2.722080000000000E+043
   23.3500000000000       2.572800000000000E+043
   23.4000000000000       2.431440000000000E+043
   23.4500000000000       2.297784000000000E+043
   23.5000000000000       2.171448000000000E+043
   23.5500000000000       2.051976000000000E+043
   23.6000000000000       1.939032000000000E+043
   23.6500000000000       1.832208000000000E+043
   23.7000000000000       1.731240000000000E+043
   23.7500000000000       1.635792000000000E+043
   23.8000000000000       1.545552000000000E+043
   23.8500000000000       1.460256000000000E+043
   23.9000000000000       1.379592000000000E+043
   23.9500000000000       1.303392000000000E+043
   24.0000000000000       1.231344000000000E+043
   24.0500000000000       1.163232000000000E+043
   24.1000000000000       1.098864000000000E+043
   24.1500000000000       1.038024000000000E+043
   24.2000000000000       9.805439999999999E+042
   24.2500000000000       9.261840000000001E+042
   24.3000000000000       8.748480000000001E+042
   24.3500000000000       8.262960000000000E+042
   24.4000000000000       7.804560000000000E+042
   24.4500000000000       7.371119999999999E+042
   24.5000000000000       6.961680000000000E+042
   24.5500000000000       6.574800000000000E+042
   24.6000000000000       6.209040000000001E+042
   24.6500000000000       5.863680000000000E+042
   24.7000000000000       5.537280000000000E+042
   24.7500000000000       5.229120000000000E+042
   24.8000000000000       4.938000000000000E+042
   24.8500000000000       4.662720000000001E+042
   24.9000000000000       4.402800000000001E+042
   24.9500000000000       4.157040000000000E+042
   25.0000000000000       3.924960000000000E+042
