  0.000000000000000E+000  0.000000000000000E+000
  5.000000000000000E-002  1.130703633514121E+043
  0.100000000000000       1.027837051493369E+045
  0.150000000000000       2.065638065526146E+046
  0.200000000000000       1.444218244981960E+047
  0.250000000000000       3.829072758341373E+047
  0.300000000000000       8.247598913172900E+047
  0.350000000000000       1.524136275082802E+048
  0.400000000000000       2.381677940720853E+048
  0.450000000000000       3.324376204279297E+048
  0.500000000000000       4.290219594097660E+048
  0.550000000000000       5.226195009953502E+048
  0.600000000000000       6.082323389988938E+048
  0.650000000000000       6.820120894216059E+048
  0.700000000000000       7.418837087908487E+048
  0.750000000000000       7.899157671304478E+048
  0.800000000000000       8.255143276256947E+048
  0.850000000000000       8.503113864719761E+048
  0.900000000000000       8.663316565266609E+048
  0.950000000000000       8.749718649615021E+048
   1.00000000000000       8.784894067139084E+048
   1.05000000000000       8.778820174111362E+048
   1.10000000000000       8.719595450357659E+048
   1.15000000000000       8.616333027752489E+048
   1.20000000000000       8.475181671810595E+048
   1.25000000000000       8.298414890239222E+048
   1.30000000000000       8.094871927534246E+048
   1.35000000000000       7.858209479149422E+048
   1.40000000000000       7.601627880455480E+048
   1.45000000000000       7.314614751629454E+048
   1.50000000000000       7.001421544832133E+048
   1.55000000000000       6.674077028235237E+048
   1.60000000000000       6.327356884846981E+048
   1.65000000000000       5.968139682101503E+048
   1.70000000000000       5.608239851643293E+048
   1.75000000000000       5.245638235919622E+048
   1.80000000000000       4.887325244434244E+048
   1.85000000000000       4.536978294223449E+048
   1.90000000000000       4.191413569069090E+048
   1.95000000000000       3.852435252182956E+048
   2.00000000000000       3.525852272676620E+048
   2.05000000000000       3.216825458097750E+048
   2.10000000000000       2.921923806174924E+048
   2.15000000000000       2.645279602982030E+048
   2.20000000000000       2.388064787881897E+048
   2.25000000000000       2.150383394899045E+048
   2.30000000000000       1.929312669835655E+048
   2.35000000000000       1.725887129343001E+048
   2.40000000000000       1.537161529142981E+048
   2.45000000000000       1.369924683576016E+048
   2.50000000000000       1.217464317129559E+048
   2.55000000000000       1.082136299725731E+048
   2.60000000000000       9.573188832990115E+047
   2.65000000000000       8.441110185400056E+047
   2.70000000000000       7.452116369020793E+047
   2.75000000000000       6.541723921706108E+047
   2.80000000000000       5.770723962170940E+047
   2.85000000000000       5.066347031081994E+047
   2.90000000000000       4.434868294977380E+047
   2.95000000000000       3.881918629746816E+047
   3.00000000000000       3.373662806612304E+047
   3.05000000000000       2.960598673642484E+047
   3.10000000000000       2.581129053357888E+047
   3.15000000000000       2.252274212158453E+047
   3.20000000000000       1.954702382122573E+047
   3.25000000000000       1.695148209288244E+047
   3.30000000000000       1.475361300738301E+047
   3.35000000000000       1.278883311149744E+047
   3.40000000000000       1.112507190881103E+047
   3.45000000000000       9.631125866417324E+046
   3.50000000000000       8.317694357140369E+046
   3.55000000000000       7.188586981137258E+046
   3.60000000000000       6.198590551303966E+046
   3.65000000000000       5.370280236176896E+046
   3.70000000000000       4.656372993727981E+046
   3.75000000000000       3.996784091993623E+046
   3.80000000000000       3.446584445302682E+046
   3.85000000000000       2.958028367779479E+046
   3.90000000000000       2.547469603141551E+046
   3.95000000000000       2.212047817631419E+046
   4.00000000000000       1.889702015721717E+046
   4.05000000000000       1.632503572925229E+046
   4.10000000000000       1.394347377042780E+046
   4.15000000000000       1.191870634755662E+046
   4.20000000000000       1.035524390925432E+046
   4.25000000000000       8.851131022077035E+045
   4.30000000000000       7.619351592021262E+045
   4.35000000000000       6.489634663973726E+045
   4.40000000000000       5.542489638117916E+045
   4.45000000000000       4.790304138277842E+045
   4.50000000000000       4.096117559903774E+045
   4.55000000000000       3.510698499943730E+045
   4.60000000000000       3.003263913235204E+045
   4.65000000000000       2.559741655869899E+045
   4.70000000000000       2.193757697811495E+045
   4.75000000000000       1.876910953648237E+045
   4.80000000000000       1.597642375947547E+045
   4.85000000000000       1.376374604528885E+045
   4.90000000000000       1.168993703025990E+045
   4.95000000000000       9.980579672858345E+044
   5.00000000000000       8.491035373589554E+044
   5.05000000000000       7.222317145884393E+044
   5.10000000000000       6.242126030262277E+044
   5.15000000000000       5.308010567720946E+044
   5.20000000000000       4.500115187407228E+044
   5.25000000000000       3.820695632889900E+044
   5.30000000000000       3.257270129681262E+044
   5.35000000000000       2.777031076206977E+044
   5.40000000000000       2.374595278999960E+044
   5.45000000000000       2.003771996757834E+044
   5.50000000000000       1.702505827062783E+044
   5.55000000000000       1.410401746743261E+044
   5.60000000000000       1.207233359397243E+044
   5.65000000000000       1.037412378141683E+044
   5.70000000000000       8.701098436083800E+043
   5.75000000000000       7.444727772808145E+043
   5.80000000000000       5.916450667568219E+043
   5.85000000000000       5.026187580648942E+043
   5.90000000000000       4.324045810432711E+043
   5.95000000000000       3.651569216633962E+043
   6.00000000000000       3.119200820359277E+043
   6.05000000000000       2.327775975372758E+043
   6.10000000000000       1.967304024351354E+043
   6.15000000000000       1.689035760975668E+043
   6.20000000000000       1.444011986648915E+043
   6.25000000000000       9.234981956867736E+042
   6.30000000000000       7.920080039353645E+042
   6.35000000000000       6.686392058320764E+042
   6.40000000000000       3.707078238694772E+042
   6.45000000000000       3.198304565819684E+042
   6.50000000000000       2.732594977419335E+042
   6.55000000000000       1.286504535722537E+042
   6.60000000000000       1.071676947666394E+042
   6.65000000000000       2.995094826501335E+040
   6.70000000000000       2.469692883299080E+040
   6.75000000000000       2.844773747200000E+038
   6.80000000000000       2.439223494400000E+038
   6.85000000000000       2.091089369600000E+038
   6.90000000000000       1.792315078400000E+038
   6.95000000000000       1.535956576000000E+038
   7.00000000000000       1.316031763200000E+038
   7.05000000000000       1.127430304000000E+038
   7.10000000000000       9.656731391999999E+037
   7.15000000000000       8.269726079999999E+037
   7.20000000000000       7.080821439999999E+037
   7.25000000000000       6.061760320000000E+037
   7.30000000000000       5.188794687999999E+037
   7.35000000000000       4.440581376000000E+037
   7.40000000000000       3.799685120000000E+037
   7.45000000000000       3.250774911999999E+037
   7.50000000000000       2.780894547200000E+037
   7.55000000000000       2.378470617600000E+037
   7.60000000000000       2.033973849600000E+037
   7.65000000000000       1.739137523200000E+037
   7.70000000000000       1.486807168000000E+037
   7.75000000000000       1.270910502400000E+037
   7.80000000000000       1.086186886400000E+037
   7.85000000000000       9.281873216000000E+036
   7.90000000000000       7.930640256000000E+036
   7.95000000000000       6.775403712000000E+036
   8.00000000000000       5.787305216000000E+036
   8.05000000000000       4.942897344000000E+036
   8.10000000000000       4.221137536000000E+036
   8.15000000000000       3.604289920000000E+036
   8.20000000000000       3.077023488000000E+036
   8.25000000000000       2.626622521600000E+036
   8.30000000000000       2.241904403200000E+036
   8.35000000000000       1.913279737600000E+036
   8.40000000000000       1.632602048000000E+036
   8.45000000000000       1.392957350400000E+036
   8.50000000000000       1.188333484800000E+036
   8.55000000000000       1.013650176000000E+036
   8.60000000000000       8.645486080000001E+035
   8.65000000000000       7.372711808000000E+035
   8.70000000000000       6.286915712000000E+035
   8.75000000000000       5.360141248000000E+035
   8.80000000000000       4.569542208000000E+035
   8.85000000000000       3.895278464000000E+035
   8.90000000000000       3.319914752000000E+035
   8.95000000000000       2.829292435200000E+035
   9.00000000000000       2.410936281600000E+035
   9.05000000000000       2.054204768000000E+035
   9.10000000000000       1.750079654400000E+035
   9.15000000000000       1.490805254400000E+035
   9.20000000000000       1.269828313600000E+035
   9.25000000000000       1.081497401600000E+035
   9.30000000000000       9.210027903999999E+034
   9.35000000000000       7.842562111999999E+034
   9.40000000000000       6.677405503999999E+034
   9.45000000000000       5.684497279999999E+034
   9.50000000000000       4.839187584000000E+034
   9.55000000000000       4.118930816000000E+034
   9.60000000000000       3.505690495999999E+034
   9.65000000000000       2.983323974400000E+034
   9.70000000000000       2.538634559999999E+034
   9.75000000000000       2.159988723200000E+034
   9.80000000000000       1.837676825600000E+034
   9.85000000000000       1.563311904000000E+034
   9.90000000000000       1.329799609600000E+034
   9.95000000000000       1.131067660800000E+034
   10.0000000000000       9.619456000000000E+033
   10.0500000000000       8.180144895999999E+033
   10.1000000000000       6.955768511999999E+033
   10.1500000000000       5.914161792000000E+033
   10.2000000000000       5.028270016000000E+033
   10.2500000000000       4.274645760000000E+033
   10.3000000000000       3.633448896000000E+033
   10.3500000000000       3.088446592000000E+033
   10.4000000000000       2.624788812800000E+033
   10.4500000000000       2.230631603200000E+033
   10.5000000000000       1.895483744000000E+033
   10.5500000000000       1.610597542400000E+033
   10.6000000000000       1.368397676800000E+033
   10.6500000000000       1.162541318400000E+033
   10.7000000000000       9.875574016000001E+032
   10.7500000000000       8.388766847999999E+032
   10.8000000000000       7.125010815999999E+032
   10.8500000000000       6.051239039999999E+032
   10.9000000000000       5.138893759999999E+032
   10.9500000000000       4.363926336000000E+032
   11.0000000000000       3.705594816000000E+032
   11.0500000000000       3.146163328000000E+032
   11.1000000000000       2.671022323200000E+032
   11.1500000000000       2.267516204800000E+032
   11.2000000000000       1.924823084800000E+032
   11.2500000000000       1.633804480000000E+032
   11.3000000000000       1.386674643200000E+032
   11.3500000000000       1.176880320000000E+032
   11.4000000000000       9.987400191999999E+031
   11.4500000000000       8.475041344000000E+031
   11.5000000000000       7.191144576000000E+031
   11.5500000000000       6.101440576000001E+031
   11.6000000000000       5.176469760000000E+031
   11.6500000000000       4.391582272000000E+031
   11.7000000000000       3.725434944000000E+031
   11.7500000000000       3.159991296000000E+031
   11.8000000000000       2.680220928000000E+031
   11.8500000000000       2.273197696000000E+031
   11.9000000000000       1.927859225600000E+031
   11.9500000000000       1.634856608000000E+031
   12.0000000000000       1.386313913600000E+031
   12.0500000000000       1.175497523200000E+031
   12.1000000000000       9.966658239999999E+030
   12.1500000000000       8.450090879999999E+030
   12.2000000000000       7.163789247999999E+030
   12.2500000000000       6.072882816000000E+030
   12.3000000000000       5.147611392000000E+030
   12.3500000000000       4.363325120000000E+030
   12.4000000000000       3.698079615999999E+030
   12.4500000000000       3.134439616000000E+030
   12.5000000000000       2.656232409600000E+030
   12.5500000000000       2.250982764800000E+030
   12.6000000000000       1.907417881600000E+030
   12.6500000000000       1.616218912000000E+030
   12.7000000000000       1.369389683200000E+030
   12.7500000000000       1.160196576000000E+030
   12.8000000000000       9.829280384000000E+029
   12.8500000000000       8.326841600000000E+029
   12.9000000000000       7.053766719999999E+029
   12.9500000000000       5.974884608000000E+029
   13.0000000000000       5.060735679999999E+029
   13.0500000000000       4.286369472000000E+029
   13.1000000000000       3.630142208000000E+029
   13.1500000000000       3.074318016000000E+029
   13.2000000000000       2.603445644800000E+029
   13.2500000000000       2.204568889600000E+029
   13.3000000000000       1.866715558400000E+029
   13.3500000000000       1.580566803200000E+029
   13.4000000000000       1.338216633600000E+029
   13.4500000000000       1.132961491200000E+029
   13.5000000000000       9.591499456000000E+028
   13.5500000000000       8.119722687999999E+028
   13.6000000000000       6.873401920000000E+028
   13.6500000000000       5.817967232000000E+028
   13.7000000000000       4.924560255999999E+028
   13.7500000000000       4.167929919999999E+028
   13.8000000000000       3.527634880000000E+028
   13.8500000000000       2.985338048000000E+028
   13.9000000000000       2.526399814400000E+028
   13.9500000000000       2.137894035200000E+028
   14.0000000000000       1.809058944000000E+028
   14.0500000000000       1.530725996800000E+028
   14.1000000000000       1.295169568000000E+028
   14.1500000000000       1.095806342400000E+028
   14.2000000000000       9.270750720000000E+027
   14.2500000000000       7.843163328000000E+027
   14.3000000000000       6.635019776000000E+027
   14.3500000000000       5.612651968000000E+027
   14.4000000000000       4.747802751999999E+027
   14.4500000000000       4.015822272000000E+027
   14.5000000000000       3.396569792000000E+027
   14.5500000000000       2.872850534400000E+027
   14.6000000000000       2.429694220800000E+027
   14.6500000000000       2.054805984000000E+027
   14.7000000000000       1.737694604800000E+027
   14.7500000000000       1.469462086400000E+027
   14.8000000000000       1.242593228800000E+027
   14.8500000000000       1.050715142400000E+027
   14.9000000000000       8.884168832000000E+026
   14.9500000000000       7.511592703999999E+026
   15.0000000000000       6.350945216000000E+026
   15.0500000000000       5.369159488000000E+026
   15.1000000000000       4.539180800000000E+026
   15.1500000000000       3.837261120000000E+026
   15.2000000000000       3.243860928000000E+026
   15.2500000000000       2.742025932800000E+026
   15.3000000000000       2.317747801600000E+026
   15.3500000000000       1.959062336000000E+026
   15.4000000000000       1.655808985600000E+026
   15.4500000000000       1.399480544000000E+026
   15.5000000000000       1.182772236800000E+026
   15.5500000000000       9.995817216000000E+025
   15.6000000000000       8.447084799999999E+025
   15.6500000000000       7.138237567999999E+025
   15.7000000000000       6.032000128000000E+025
   15.7500000000000       5.097109248000000E+025
   15.8000000000000       4.306810816000000E+025
   15.8500000000000       3.639160448000000E+025
   15.9000000000000       3.074618624000000E+025
   15.9500000000000       2.597673971200000E+025
   16.0000000000000       2.194648825600000E+025
   16.0500000000000       1.854059961600000E+025
   16.1000000000000       1.566287923200000E+025
   16.1500000000000       1.323156172800000E+025
   16.2000000000000       1.117690604800000E+025
   16.2500000000000       9.441195456000000E+024
   16.3000000000000       7.974829632000000E+024
   16.3500000000000       6.735723456000001E+024
   16.4000000000000       5.689307008000000E+024
   16.4500000000000       4.805218880000001E+024
   16.5000000000000       4.058208000000001E+024
   16.5500000000000       3.427231808000001E+024
   16.6000000000000       2.894374067200001E+024
   16.6500000000000       2.444243648000001E+024
   16.7000000000000       2.064034649600001E+024
   16.7500000000000       1.742925184000001E+024
   16.8000000000000       1.471746707200001E+024
   16.8500000000000       1.242713472000001E+024
   16.9000000000000       1.049272224000001E+024
   16.9500000000000       8.859218368000010E+023
   17.0000000000000       7.479728256000010E+023
   17.0500000000000       6.314872256000011E+023
   17.1000000000000       5.331282880000011E+023
   17.1500000000000       4.501003584000011E+023
   17.2000000000000       3.799685120000011E+023
   17.2500000000000       3.207487360000011E+023
   17.3000000000000       2.707606316800012E+023
   17.3500000000000       2.285552684800012E+023
   17.4000000000000       1.929211961600011E+023
   17.4500000000000       1.628393536000011E+023
   17.5000000000000       1.374439897600011E+023
   17.5500000000000       1.160046272000012E+023
   17.6000000000000       9.790802560000116E+022
   17.6500000000000       8.263112704000116E+022
   17.7000000000000       6.973804992000116E+022
   17.7500000000000       5.885303424000113E+022
   17.8000000000000       4.966645376000116E+022
   17.8500000000000       4.191076736000116E+022
   17.9000000000000       3.536653120000117E+022
   17.9500000000000       2.984436224000115E+022
   18.0000000000000       2.518313459200115E+022
   18.0500000000000       2.124907769600116E+022
   18.1000000000000       1.792916294400115E+022
   18.1500000000000       1.512749638400115E+022
   18.2000000000000       1.276351507200115E+022
   18.2500000000000       1.076837977600115E+022
   18.3000000000000       9.084974976001153E+021
   18.3500000000000       7.664602176001152E+021
   18.4000000000000       6.466078080001153E+021
   18.4500000000000       5.454832768001156E+021
   18.5000000000000       4.601707264001156E+021
   18.5500000000000       3.881751104001156E+021
   18.6000000000000       3.274522944001156E+021
   18.6500000000000       2.762046425601154E+021
   18.7000000000000       2.329772121601154E+021
   18.7500000000000       1.965134617601154E+021
   18.8000000000000       1.657492390401154E+021
   18.8500000000000       1.398007564801154E+021
   18.9000000000000       1.179074758401155E+021
   18.9500000000000       9.944413248011544E+020
   19.0000000000000       8.386963200011544E+020
   19.0500000000000       7.073005632011545E+020
   19.1000000000000       5.964964544011546E+020
   19.1500000000000       5.030374272011544E+020
   19.2000000000000       4.242180096011544E+020
   19.2500000000000       3.577235200011544E+020
   19.3000000000000       3.016601280011547E+020
   19.3500000000000       2.543594592011546E+020
   19.4000000000000       2.144777958411546E+020
   19.4500000000000       1.808487788811546E+020
   19.5000000000000       1.524864140811546E+020
   19.5500000000000       1.285700416011546E+020
   19.6000000000000       1.084022508811546E+020
   19.6500000000000       9.139385024115461E+019
   19.7000000000000       7.705484864115461E+019
   19.7500000000000       6.496439488115461E+019
   19.8000000000000       5.476777152115461E+019
   19.8500000000000       4.617038272115461E+019
   19.9000000000000       3.892272384115461E+019
   19.9500000000000       3.281136320115461E+019
   20.0000000000000       2.766044512115461E+019
   20.0500000000000       2.331696012915461E+019
   20.1000000000000       1.965495347315461E+019
   20.1500000000000       1.656770931315461E+019
   20.2000000000000       1.396504524915461E+019
   20.2500000000000       1.177120806515461E+019
   20.3000000000000       9.921567041154611E+018
   20.3500000000000       8.362313345154612E+018
   20.4000000000000       7.048355777154612E+018
   20.4500000000000       5.940314689154612E+018
   20.5000000000000       5.006626241154612E+018
   20.5500000000000       4.219333889154612E+018
   20.6000000000000       3.556192641154612E+018
   20.6500000000000       2.996881396354613E+018
   20.7000000000000       2.525558113154613E+018
   20.7500000000000       2.128334701954613E+018
   20.8000000000000       1.793547572354613E+018
   20.8500000000000       1.511396903554613E+018
   20.9000000000000       1.273615975554613E+018
   20.9500000000000       1.073200621954613E+018
   21.0000000000000       9.043190475546131E+017
   21.0500000000000       7.619811595546131E+017
   21.1000000000000       6.420686283546130E+017
   21.1500000000000       5.409741579546131E+017
   21.2000000000000       4.558119115546131E+017
   21.2500000000000       3.840567819546131E+017
   21.3000000000000       3.235744523546131E+017
   21.3500000000000       2.726153841946131E+017
   21.4000000000000       2.296795435546131E+017
   21.4500000000000       1.935013707546131E+017
   21.5000000000000       1.630197195546131E+017
   21.5500000000000       1.373357720346131E+017
   21.6000000000000       1.156980081946131E+017
   21.6500000000000       9.746613299461307E+016
   21.7000000000000       8.210807027461306E+016
   21.7500000000000       6.916689587461306E+016
   21.8000000000000       5.826384371461306E+016
   21.8500000000000       4.908026931461306E+016
   21.9000000000000       4.134261939461307E+016
   21.9500000000000       3.482243187461307E+016
   22.0000000000000       2.933212736261306E+016
   22.0500000000000       2.470637145861306E+016
   22.1000000000000       2.080989056261306E+016
   22.1500000000000       1.752755181061306E+016
   22.2000000000000       1.476255942661306E+016
   22.2500000000000       1.243374925061306E+016
   22.3000000000000       1.047198144261306E+016
   22.3500000000000       8.819539266613059E+015
   22.4000000000000       7.428024834613059E+015
   22.4500000000000       6.255653634613059E+015
   22.5000000000000       5.268156354613060E+015
   22.5500000000000       4.436674626613060E+015
   22.6000000000000       3.736257986613060E+015
   22.6500000000000       3.146465090613060E+015
   22.7000000000000       2.649650249013060E+015
   22.7500000000000       2.231264034613060E+015
   22.8000000000000       1.878921397813060E+015
   22.8500000000000       1.582161180213060E+015
   22.9000000000000       1.332265749813060E+015
   22.9500000000000       1.121840149813060E+015
   23.0000000000000        944601673013060.     
   23.0500000000000        795379861813060.     
   23.1000000000000        669695657013060.     
   23.1500000000000        563881641013060.     
   23.2000000000000        474781429813060.     
   23.2500000000000        399749673013060.     
   23.3000000000000        336561871413060.     
   23.3500000000000        283360267573060.     
   23.4000000000000        238566669493060.     
   23.4500000000000        200849383733060.     
   23.5000000000000        169093154613060.     
   23.5500000000000        142357079093060.     
   23.6000000000000        119844545973060.     
   23.6500000000000        100891211573060.     
   23.7000000000000        84934938933060.0     
   23.7500000000000        71500767413060.0     
   23.8000000000000        60191894453060.0     
   23.8500000000000        50668633013060.0     
   23.9000000000000        42651417653060.0     
   23.9500000000000        35902768053060.0     
   24.0000000000000        30224282933060.0     
   24.0500000000000        25440407221060.0     
   24.1000000000000        21414364277060.0     
   24.1500000000000        18025309685060.0     
   24.2000000000000        15172239157060.0     
   24.2500000000000        12770681845060.0     
   24.3000000000000        10749093045060.0     
   24.3500000000000        9047351157060.00     
   24.4000000000000        7614954037060.00     
   24.4500000000000        6409515957060.00     
   24.5000000000000        5394663349060.00     
   24.5500000000000        4540335413060.00     
   24.6000000000000        3821581685060.00     
   24.6500000000000        3216457781060.00     
   24.7000000000000        2707047464260.00     
   24.7500000000000        2278380456260.00     
   24.8000000000000        1917590734660.00     
   24.8500000000000        1613946593860.00     
   24.9000000000000        1358399733060.00     
   24.9500000000000        1143314709060.00     
   25.0000000000000        962318632260.000     
