  0.000000000000000E+000  0.000000000000000E+000
  5.000000000000000E-002  8.796529964000285E+043
  0.100000000000000       7.520400237992739E+045
  0.150000000000000       1.000488127154661E+047
  0.200000000000000       5.282122426845618E+047
  0.250000000000000       1.433908363031664E+048
  0.300000000000000       3.010706226877156E+048
  0.350000000000000       5.427877972533665E+048
  0.400000000000000       8.362205104823424E+048
  0.450000000000000       1.144200208916708E+049
  0.500000000000000       1.458689950803733E+049
  0.550000000000000       1.777493987511553E+049
  0.600000000000000       2.095135030874235E+049
  0.650000000000000       2.412188383511067E+049
  0.700000000000000       2.723772935050301E+049
  0.750000000000000       3.012095094517391E+049
  0.800000000000000       3.273942966086082E+049
  0.850000000000000       3.508801500771841E+049
  0.900000000000000       3.718332784260111E+049
  0.950000000000000       3.900512585302283E+049
   1.00000000000000       4.054441011365368E+049
   1.05000000000000       4.180605888594649E+049
   1.10000000000000       4.278989188801628E+049
   1.15000000000000       4.347985725771221E+049
   1.20000000000000       4.388811917166616E+049
   1.25000000000000       4.403032146236157E+049
   1.30000000000000       4.391022638638328E+049
   1.35000000000000       4.353439988277932E+049
   1.40000000000000       4.292080620249330E+049
   1.45000000000000       4.209110412229971E+049
   1.50000000000000       4.105836575619404E+049
   1.55000000000000       3.984576657118928E+049
   1.60000000000000       3.847296363764465E+049
   1.65000000000000       3.697523671082765E+049
   1.70000000000000       3.537122604879414E+049
   1.75000000000000       3.368568547634581E+049
   1.80000000000000       3.195291536568034E+049
   1.85000000000000       3.018482566221427E+049
   1.90000000000000       2.838851593349913E+049
   1.95000000000000       2.661257760721974E+049
   2.00000000000000       2.487259757069277E+049
   2.05000000000000       2.317395938953221E+049
   2.10000000000000       2.154683909068808E+049
   2.15000000000000       1.994920346933584E+049
   2.20000000000000       1.843296415977476E+049
   2.25000000000000       1.696557156547431E+049
   2.30000000000000       1.558275942581587E+049
   2.35000000000000       1.427725618005356E+049
   2.40000000000000       1.303053098075246E+049
   2.45000000000000       1.188044592431516E+049
   2.50000000000000       1.079464722893345E+049
   2.55000000000000       9.802839369275632E+048
   2.60000000000000       8.920908322814313E+048
   2.65000000000000       8.070470404939916E+048
   2.70000000000000       7.291921178755497E+048
   2.75000000000000       6.571230819432360E+048
   2.80000000000000       5.897763127016000E+048
   2.85000000000000       5.308389064619238E+048
   2.90000000000000       4.787227667066293E+048
   2.95000000000000       4.285735956865736E+048
   3.00000000000000       3.854678972284172E+048
   3.05000000000000       3.435466398635590E+048
   3.10000000000000       3.064253712490704E+048
   3.15000000000000       2.737584134139719E+048
   3.20000000000000       2.442125351428675E+048
   3.25000000000000       2.178509761039659E+048
   3.30000000000000       1.946577615967423E+048
   3.35000000000000       1.729126400051873E+048
   3.40000000000000       1.530009436656014E+048
   3.45000000000000       1.357905044833294E+048
   3.50000000000000       1.206326359600957E+048
   3.55000000000000       1.066828528372216E+048
   3.60000000000000       9.518742632160181E+047
   3.65000000000000       8.429642656627901E+047
   3.70000000000000       7.416060444546924E+047
   3.75000000000000       6.561051151285241E+047
   3.80000000000000       5.793370407233355E+047
   3.85000000000000       5.098542756145592E+047
   3.90000000000000       4.540444344210906E+047
   3.95000000000000       4.008969333334107E+047
   4.00000000000000       3.513299680513973E+047
   4.05000000000000       3.105412041459557E+047
   4.10000000000000       2.727604249657150E+047
   4.15000000000000       2.387824520108171E+047
   4.20000000000000       2.120556081381478E+047
   4.25000000000000       1.866855314486335E+047
   4.30000000000000       1.636304658061967E+047
   4.35000000000000       1.444164150372214E+047
   4.40000000000000       1.261054045494395E+047
   4.45000000000000       1.100813490640501E+047
   4.50000000000000       9.735306158421313E+046
   4.55000000000000       8.570985835202949E+046
   4.60000000000000       7.514706474273341E+046
   4.65000000000000       6.612982157948722E+046
   4.70000000000000       5.738496872228729E+046
   4.75000000000000       5.007349393201885E+046
   4.80000000000000       4.404261664973591E+046
   4.85000000000000       3.892430604384183E+046
   4.90000000000000       3.408152090169867E+046
   4.95000000000000       2.986718764664100E+046
   5.00000000000000       2.582413819996957E+046
   5.05000000000000       2.254241697597406E+046
   5.10000000000000       1.979039037030688E+046
   5.15000000000000       1.747554279531634E+046
   5.20000000000000       1.527040706134023E+046
   5.25000000000000       1.332786552687945E+046
   5.30000000000000       1.152620753790265E+046
   5.35000000000000       1.005433391557725E+046
   5.40000000000000       8.819816480956180E+045
   5.45000000000000       7.754927095745625E+045
   5.50000000000000       6.765742076163479E+045
   5.55000000000000       5.887189925589693E+045
   5.60000000000000       5.091586821090062E+045
   5.65000000000000       4.447066871197878E+045
   5.70000000000000       3.893283870092251E+045
   5.75000000000000       3.411096262218732E+045
   5.80000000000000       2.970235582637998E+045
   5.85000000000000       2.533693048689811E+045
   5.90000000000000       2.198268553208777E+045
   5.95000000000000       1.916109669923707E+045
   6.00000000000000       1.686184195923737E+045
   6.05000000000000       1.471739070793102E+045
   6.10000000000000       1.277201647046527E+045
   6.15000000000000       1.080587518847903E+045
   6.20000000000000       9.385173644236538E+044
   6.25000000000000       8.182571179799844E+044
   6.30000000000000       7.217425025604203E+044
   6.35000000000000       6.281755187147799E+044
   6.40000000000000       5.340549259844174E+044
   6.45000000000000       4.567661814168681E+044
   6.50000000000000       3.971555526581293E+044
   6.55000000000000       3.095895144837088E+044
   6.60000000000000       2.717316499546321E+044
   6.65000000000000       2.357051868054739E+044
   6.70000000000000       2.041663378019202E+044
   6.75000000000000       1.762305096787096E+044
   6.80000000000000       1.155664698053607E+044
   6.85000000000000       1.007533099684409E+044
   6.90000000000000       8.774072601574849E+043
   6.95000000000000       7.633885548789839E+043
   7.00000000000000       6.622512223686589E+043
   7.05000000000000       3.881187704351672E+043
   7.10000000000000       3.436833729096908E+043
   7.15000000000000       3.010495784208360E+043
   7.20000000000000       1.550618075581604E+043
   7.25000000000000       1.340897555452927E+043
   7.30000000000000       5.748824707379416E+042
   7.35000000000000       1.496369295474768E+041
   7.40000000000000       1.269534847357401E+041
   7.45000000000000       7.924327488000000E+038
   7.50000000000000       6.928112576000001E+038
   7.55000000000000       6.056349375999999E+038
   7.60000000000000       5.293706880000000E+038
   7.65000000000000       4.626357120000000E+038
   7.70000000000000       4.042576384000000E+038
   7.75000000000000       3.532144000000000E+038
   7.80000000000000       3.085440512000000E+038
   7.85000000000000       2.695131084800000E+038
   7.90000000000000       2.353820761600000E+038
   7.95000000000000       2.055467321600000E+038
   8.00000000000000       1.794689881600000E+038
   8.05000000000000       1.566798956800000E+038
   8.10000000000000       1.367706278400000E+038
   8.15000000000000       1.193744428800000E+038
   8.20000000000000       1.041787084800000E+038
   8.25000000000000       9.090686527999999E+037
   8.30000000000000       7.931542080000000E+037
   8.35000000000000       6.919394943999999E+037
   8.40000000000000       6.035908032000000E+037
   8.45000000000000       5.264547904000000E+037
   8.50000000000000       4.591185984000000E+037
   8.55000000000000       4.003497344000000E+037
   8.60000000000000       3.490660096000000E+037
   8.65000000000000       3.043355392000000E+037
   8.70000000000000       2.652925721600000E+037
   8.75000000000000       2.312366918400000E+037
   8.80000000000000       2.015306092800000E+037
   8.85000000000000       1.756242118400000E+037
   8.90000000000000       1.530335206400000E+037
   8.95000000000000       1.333346784000000E+037
   9.00000000000000       1.161579372800000E+037
   9.05000000000000       1.011846528000000E+037
   9.10000000000000       8.813525952000000E+036
   9.15000000000000       7.676025280000000E+036
   9.20000000000000       6.684620096000000E+036
   9.25000000000000       5.820672704000000E+036
   9.30000000000000       5.067950272000000E+036
   9.35000000000000       4.412324224000000E+036
   9.40000000000000       3.840868416000000E+036
   9.45000000000000       3.343362176000000E+036
   9.50000000000000       2.909915500800000E+036
   9.55000000000000       2.532472096000000E+036
   9.60000000000000       2.203787308800000E+036
   9.65000000000000       1.917608492800000E+036
   9.70000000000000       1.668434521600000E+036
   9.75000000000000       1.451515788800000E+036
   9.80000000000000       1.262703904000000E+036
   9.85000000000000       1.098361510400000E+036
   9.90000000000000       9.553021632000000E+035
   9.95000000000000       8.308504511999999E+035
   10.0000000000000       7.225113279999999E+035
   10.0500000000000       6.282707200000000E+035
   10.1000000000000       5.462949184000000E+035
   10.1500000000000       4.749606399999999E+035
   10.2000000000000       4.129151488000000E+035
   10.2500000000000       3.589259520000000E+035
   10.3000000000000       3.120010432000000E+035
   10.3500000000000       2.711694585600000E+035
   10.4000000000000       2.356736659200000E+035
   10.4500000000000       2.048072364800000E+035
   10.5000000000000       1.779689542400000E+035
   10.5500000000000       1.546387673600000E+035
   10.6000000000000       1.343567456000000E+035
   10.6500000000000       1.167260864000000E+035
   10.7000000000000       1.014010905600000E+035
   10.7500000000000       8.808415615999999E+034
   10.8000000000000       7.650774207999999E+034
   10.8500000000000       6.645240447999999E+034
   10.9000000000000       5.771072384000001E+034
   10.9500000000000       5.011736576000000E+034
   11.0000000000000       4.351902016000000E+034
   11.0500000000000       3.778943168000000E+034
   11.1000000000000       3.281136320000000E+034
   11.1500000000000       2.848561408000000E+034
   11.2000000000000       2.472921651200000E+034
   11.2500000000000       2.146701849600000E+034
   11.3000000000000       1.863408870400000E+034
   11.3500000000000       1.617391283200000E+034
   11.4000000000000       1.403749177600000E+034
   11.4500000000000       1.218274041600000E+034
   11.5000000000000       1.057238336000000E+034
   11.5500000000000       9.174255551999999E+033
   11.6000000000000       7.960400448000000E+033
   11.6500000000000       6.907070016000000E+033
   11.7000000000000       5.992620480000000E+033
   11.7500000000000       5.199015360000001E+033
   11.8000000000000       4.510021824000000E+033
   11.8500000000000       3.912413119999999E+033
   11.9000000000000       3.393563712000000E+033
   11.9500000000000       2.943403232000000E+033
   12.0000000000000       2.552853318400000E+033
   12.0500000000000       2.213977920000000E+033
   12.1000000000000       1.919983296000000E+033
   12.1500000000000       1.664947468800000E+033
   12.2000000000000       1.443730041600000E+033
   12.2500000000000       1.251821894400000E+033
   12.3000000000000       1.085345184000000E+033
   12.3500000000000       9.409932223999999E+032
   12.4000000000000       8.157599295999999E+032
   12.4500000000000       7.071803200000000E+032
   12.5000000000000       6.130298943999999E+032
   12.5500000000000       5.313847616000000E+032
   12.6000000000000       4.605615167999999E+032
   12.6500000000000       3.991773632000000E+032
   12.7000000000000       3.459697471999999E+032
   12.7500000000000       2.998204070400000E+032
   12.8000000000000       2.598215065600000E+032
   12.8500000000000       2.251463737600000E+032
   12.9000000000000       1.950915859200000E+032
   12.9500000000000       1.690408966400000E+032
   13.0000000000000       1.464592236800000E+032
   13.0500000000000       1.268896428800000E+032
   13.1000000000000       1.099293395200000E+032
   13.1500000000000       9.523261440000000E+031
   13.2000000000000       8.249585344000000E+031
   13.2500000000000       7.146053375999999E+031
   13.3000000000000       6.189819328000000E+031
   13.3500000000000       5.361343680000000E+031
   13.4000000000000       4.643491776000000E+031
   13.4500000000000       4.021533824000000E+031
   13.5000000000000       3.482844288000000E+031
   13.5500000000000       3.016000064000000E+031
   13.6000000000000       2.611712364800000E+031
   13.6500000000000       2.261534105600000E+031
   13.7000000000000       1.958220633600000E+031
   13.7500000000000       1.695519302400000E+031
   13.8000000000000       1.467989107200000E+031
   13.8500000000000       1.270940563200000E+031
   13.9000000000000       1.100285401600000E+031
   13.9500000000000       9.525365695999999E+030
   14.0000000000000       8.245677440000000E+030
   14.0500000000000       7.137636351999999E+030
   14.1000000000000       6.178396223999999E+030
   14.1500000000000       5.347816320000000E+030
   14.2000000000000       4.628761984000000E+030
   14.2500000000000       4.006202815999999E+030
   14.3000000000000       3.467212672000000E+030
   14.3500000000000       3.000518752000000E+030
   14.4000000000000       2.596621843200000E+030
   14.4500000000000       2.247014739200000E+030
   14.5000000000000       1.944392665600000E+030
   14.5500000000000       1.682472915200000E+030
   14.6000000000000       1.455784422400000E+030
   14.6500000000000       1.259577580800000E+030
   14.7000000000000       1.089794182400000E+030
   14.7500000000000       9.428569920000000E+029
   14.8000000000000       8.156998080000001E+029
   14.8500000000000       7.056772800000000E+029
   14.9000000000000       6.104446656000000E+029
   14.9500000000000       5.280780735999999E+029
   15.0000000000000       4.567738560000000E+029
   15.0500000000000       3.951191552000000E+029
   15.1000000000000       3.417612352000000E+029
   15.1500000000000       2.955878464000000E+029
   15.2000000000000       2.556520736000000E+029
   15.2500000000000       2.211031961600000E+029
   15.3000000000000       1.912167488000000E+029
   15.3500000000000       1.653674668800000E+029
   15.4000000000000       1.430052377600000E+029
   15.4500000000000       1.236641190400000E+029
   15.5000000000000       1.069322777600000E+029
   15.5500000000000       9.246401472000000E+028
   15.6000000000000       7.994970368000000E+028
   15.6500000000000       6.912781568000000E+028
   15.7000000000000       5.976988864000000E+028
   15.7500000000000       5.167451520000000E+028
   15.8000000000000       4.467636095999999E+028
   15.8500000000000       3.862211584000000E+028
   15.9000000000000       3.338853056000000E+028
   15.9500000000000       2.886407955200000E+028
   16.0000000000000       2.495136582400000E+028
   16.0500000000000       2.156832339200000E+028
   16.1000000000000       1.864370816000000E+028
   16.1500000000000       1.611499366400000E+028
   16.2000000000000       1.392867168000000E+028
   16.2500000000000       1.203874918400000E+028
   16.3000000000000       1.040494470400000E+028
   16.3500000000000       8.992688320000000E+027
   16.4000000000000       7.771618623999999E+027
   16.4500000000000       6.716484544000000E+027
   16.5000000000000       5.804139264000000E+027
   16.5500000000000       5.015945088000000E+027
   16.6000000000000       4.334466752000000E+027
   16.6500000000000       3.745275072000000E+027
   16.7000000000000       3.236345728000000E+027
   16.7500000000000       2.796375859200000E+027
   16.8000000000000       2.416196921600000E+027
   16.8500000000000       2.087632377600000E+027
   16.9000000000000       1.803678060800000E+027
   16.9500000000000       1.558321811200000E+027
   17.0000000000000       1.346302988800000E+027
   17.0500000000000       1.163112473600000E+027
   17.1000000000000       1.004812300800000E+027
   17.1500000000000       8.680356607999999E+026
   17.2000000000000       7.498365952000000E+026
   17.2500000000000       6.477501183999999E+026
   17.3000000000000       5.595216704000000E+026
   17.3500000000000       4.833175424000000E+026
   17.4000000000000       4.174543296000000E+026
   17.4500000000000       3.605792960000000E+026
   17.5000000000000       3.114298880000000E+026
   17.5500000000000       2.689870444800000E+026
   17.6000000000000       2.323158745600000E+026
   17.6500000000000       2.006408096000000E+026
   17.7000000000000       1.732794694400000E+026
   17.7500000000000       1.496456684800000E+026
   17.8000000000000       1.292313792000000E+026
   17.8500000000000       1.116007200000000E+026
   17.9000000000000       9.637191872000000E+025
   17.9500000000000       8.322031872000000E+025
   18.0000000000000       7.186034240000000E+025
   18.0500000000000       6.204849728000000E+025
   18.1000000000000       5.357736384000000E+025
   18.1500000000000       4.626056512000000E+025
   18.2000000000000       3.994178495999999E+025
   18.2500000000000       3.448574976000000E+025
   18.3000000000000       2.977522240000000E+025
   18.3500000000000       2.570679372800000E+025
   18.4000000000000       2.219358803200000E+025
   18.4500000000000       1.916015270400000E+025
   18.5000000000000       1.654095520000000E+025
   18.5500000000000       1.427948121600000E+025
   18.6000000000000       1.232703225600000E+025
   18.6500000000000       1.064122259200000E+025
   18.7000000000000       9.185678656000001E+024
   18.7500000000000       7.929137216000000E+024
   18.8000000000000       6.844242944000001E+024
   18.8500000000000       5.907849024000001E+024
   18.9000000000000       5.099213504000000E+024
   18.9500000000000       4.401201728000000E+024
   19.0000000000000       3.798783296000000E+024
   19.0500000000000       3.278731456000001E+024
   19.1000000000000       2.829803468800001E+024
   19.1500000000000       2.442259635200001E+024
   19.2000000000000       2.107773113600001E+024
   19.2500000000000       1.819039129600001E+024
   19.3000000000000       1.569835097600001E+024
   19.3500000000000       1.354750073600001E+024
   19.4000000000000       1.169094572800001E+024
   19.4500000000000       1.008870508800001E+024
   19.5000000000000       8.705908288000012E+023
   19.5500000000000       7.512193920000010E+023
   19.6000000000000       6.482310912000010E+023
   19.6500000000000       5.593413056000011E+023
   19.7000000000000       4.826261440000011E+023
   19.7500000000000       4.164322624000010E+023
   19.8000000000000       3.593167424000011E+023
   19.8500000000000       3.100170304000011E+023
   19.9000000000000       2.674809984000011E+023
   19.9500000000000       2.307767616000011E+023
   20.0000000000000       1.991047027200011E+023
   20.0500000000000       1.717734233600012E+023
   20.1000000000000       1.481937318400011E+023
   20.1500000000000       1.278485824000011E+023
   20.2000000000000       1.102930752000011E+023
   20.2500000000000       9.514844416000113E+022
   20.3000000000000       8.208101440000111E+022
   20.3500000000000       7.080520832000113E+022
   20.4000000000000       6.107753344000115E+022
   20.4500000000000       5.268756416000113E+022
   20.5000000000000       4.544892352000112E+022
   20.5500000000000       3.920228928000113E+022
   20.6000000000000       3.381539392000113E+022
   20.6500000000000       2.916649120000114E+022
   20.7000000000000       2.515728230400114E+022
   20.7500000000000       2.169848665600114E+022
   20.8000000000000       1.871495225600114E+022
   20.8500000000000       1.614144716800114E+022
   20.9000000000000       1.392145708800114E+022
   20.9500000000000       1.200658412800114E+022
   21.0000000000000       1.035504377600113E+022
   21.0500000000000       8.930462464001139E+021
   21.1000000000000       7.701576960001138E+021
   21.1500000000000       6.641933760001136E+021
   21.2000000000000       5.727784832001138E+021
   21.2500000000000       4.939590656001139E+021
   21.3000000000000       4.259615360001138E+021
   21.3500000000000       3.673129152001138E+021
   21.4000000000000       3.167506496001138E+021
   21.4500000000000       2.731354348801138E+021
   21.5000000000000       2.355233619201138E+021
   21.5500000000000       2.030847526401138E+021
   21.6000000000000       1.751131782401138E+021
   21.6500000000000       1.509923923201138E+021
   21.7000000000000       1.301903187201138E+021
   21.7500000000000       1.122530393601138E+021
   21.8000000000000       9.678675776011378E+020
   21.8500000000000       8.344878080011378E+020
   21.9000000000000       7.194751872011378E+020
   21.9500000000000       6.203046080011378E+020
   22.0000000000000       5.348116928011378E+020
   22.0500000000000       4.610725504011377E+020
   22.1000000000000       3.974939584011378E+020
   22.1500000000000       3.426931200011378E+020
   22.2000000000000       2.954345363211377E+020
   22.2500000000000       2.546901280011377E+020
   22.3000000000000       2.195610771211377E+020
   22.3500000000000       1.892748211211377E+020
   22.4000000000000       1.631640102411377E+020
   22.4500000000000       1.406514771211377E+020
   22.5000000000000       1.212442246411377E+020
   22.5500000000000       1.045153894411377E+020
   22.6000000000000       9.009221760113769E+019
   22.6500000000000       7.765606464113769E+019
   22.7000000000000       6.693638336113770E+019
   22.7500000000000       5.769569344113770E+019
   22.8000000000000       4.973258752113770E+019
   22.8500000000000       4.286369472113770E+019
   22.9000000000000       3.694772928113770E+019
   22.9500000000000       3.184340544113770E+019
   23.0000000000000       2.744611161713769E+019
   23.0500000000000       2.365544473713769E+019
   23.1000000000000       2.038783577713769E+019
   23.1500000000000       1.757143942513769E+019
   23.2000000000000       1.514372921713769E+019
   23.2500000000000       1.305149753713769E+019
   23.3000000000000       1.124784953713769E+019
   23.3500000000000       9.693405569137697E+018
   23.4000000000000       8.353896321137697E+018
   23.4500000000000       7.199260993137697E+018
   23.5000000000000       6.203947905137697E+018
   23.5500000000000       5.346313281137694E+018
   23.6000000000000       4.607118209137693E+018
   23.6500000000000       3.970129857137693E+018
   23.7000000000000       3.421219649137693E+018
   23.7500000000000       2.948122778737695E+018
   23.8000000000000       2.540378087537695E+018
   23.8500000000000       2.189027457137695E+018
   23.9000000000000       1.886225018737695E+018
   23.9500000000000       1.625297274737695E+018
   24.0000000000000       1.400442490737695E+018
   24.0500000000000       1.206700634737695E+018
   24.1000000000000       1.039712890737695E+018
   24.1500000000000       8.958419019376950E+017
   24.2000000000000       7.718711627376950E+017
   24.2500000000000       6.650350795376948E+017
   24.3000000000000       5.729889099376949E+017
   24.3500000000000       4.936885195376949E+017
   24.4000000000000       4.253302603376949E+017
   24.4500000000000       3.664411531376949E+017
   24.5000000000000       3.156985227376949E+017
   24.5500000000000       2.719931256176949E+017
   24.6000000000000       2.343299492976949E+017
   24.6500000000000       2.018763096176949E+017
   24.7000000000000       1.739167595376949E+017
   24.7500000000000       1.498290404976949E+017
   24.8000000000000       1.290720580976950E+017
   24.8500000000000       1.111918942576950E+017
   24.9000000000000       9.578874033769496E+016
   24.9500000000000       8.251689713769494E+016
   25.0000000000000       7.108176881769494E+016
