  0.000000000000000E+000  0.000000000000000E+000
  5.000000000000000E-002  3.361921411895619E+048
  0.100000000000000       1.312950503222222E+049
  0.150000000000000       3.206005854337255E+049
  0.200000000000000       6.155101689337776E+049
  0.250000000000000       1.096464593218484E+050
  0.300000000000000       1.748621546314764E+050
  0.350000000000000       2.623059348205155E+050
  0.400000000000000       3.689145823398371E+050
  0.450000000000000       4.958584509490635E+050
  0.500000000000000       6.383301533893665E+050
  0.550000000000000       7.945923960438237E+050
  0.600000000000000       9.584458592435818E+050
  0.650000000000000       1.128397714722343E+051
  0.700000000000000       1.304011075758321E+051
  0.750000000000000       1.482230751503599E+051
  0.800000000000000       1.660743352303487E+051
  0.850000000000000       1.835705912005966E+051
  0.900000000000000       2.005667574971711E+051
  0.950000000000000       2.168961664065667E+051
   1.00000000000000       2.324269994291999E+051
   1.05000000000000       2.471451943806161E+051
   1.10000000000000       2.610303150684953E+051
   1.15000000000000       2.740190669152548E+051
   1.20000000000000       2.860874603882680E+051
   1.25000000000000       2.971673198871579E+051
   1.30000000000000       3.072129709398627E+051
   1.35000000000000       3.162503345743425E+051
   1.40000000000000       3.242190202192332E+051
   1.45000000000000       3.311748564184301E+051
   1.50000000000000       3.370478771876656E+051
   1.55000000000000       3.419584657638471E+051
   1.60000000000000       3.459803672069528E+051
   1.65000000000000       3.491014399797076E+051
   1.70000000000000       3.512864712077402E+051
   1.75000000000000       3.526484230583206E+051
   1.80000000000000       3.533649849114089E+051
   1.85000000000000       3.532061946038898E+051
   1.90000000000000       3.524734576966420E+051
   1.95000000000000       3.509990085930705E+051
   2.00000000000000       3.489878448587751E+051
   2.05000000000000       3.462456078046090E+051
   2.10000000000000       3.430992521851891E+051
   2.15000000000000       3.394030979330834E+051
   2.20000000000000       3.353285158873197E+051
   2.25000000000000       3.308200842990896E+051
   2.30000000000000       3.259937846126346E+051
   2.35000000000000       3.208336559813589E+051
   2.40000000000000       3.154024644053444E+051
   2.45000000000000       3.096272565564918E+051
   2.50000000000000       3.035943746041242E+051
   2.55000000000000       2.973136338076998E+051
   2.60000000000000       2.909017729702545E+051
   2.65000000000000       2.844187870426755E+051
   2.70000000000000       2.777875087235927E+051
   2.75000000000000       2.710929152977026E+051
   2.80000000000000       2.643544154307073E+051
   2.85000000000000       2.574679899606808E+051
   2.90000000000000       2.505267880512688E+051
   2.95000000000000       2.435760806489345E+051
   3.00000000000000       2.365865132015404E+051
   3.05000000000000       2.296871149055476E+051
   3.10000000000000       2.228601903098308E+051
   3.15000000000000       2.160251608613983E+051
   3.20000000000000       2.092445168857756E+051
   3.25000000000000       2.025657084258886E+051
   3.30000000000000       1.960126677336231E+051
   3.35000000000000       1.895825784779117E+051
   3.40000000000000       1.832955819781429E+051
   3.45000000000000       1.770571672854520E+051
   3.50000000000000       1.708953943916701E+051
   3.55000000000000       1.648290592850604E+051
   3.60000000000000       1.590016323757402E+051
   3.65000000000000       1.533285499157718E+051
   3.70000000000000       1.478245367003965E+051
   3.75000000000000       1.424442359091373E+051
   3.80000000000000       1.372065839729718E+051
   3.85000000000000       1.321495804517348E+051
   3.90000000000000       1.271967831758255E+051
   3.95000000000000       1.223276642948046E+051
   4.00000000000000       1.176167867708011E+051
   4.05000000000000       1.131318718004350E+051
   4.10000000000000       1.087587438255491E+051
   4.15000000000000       1.044685149752101E+051
   4.20000000000000       1.003273698096040E+051
   4.25000000000000       9.629508851829128E+050
   4.30000000000000       9.239380448962440E+050
   4.35000000000000       8.868458209383578E+050
   4.40000000000000       8.511050394921135E+050
   4.45000000000000       8.159238745356031E+050
   4.50000000000000       7.817447829611688E+050
   4.55000000000000       7.480348296033462E+050
   4.60000000000000       7.156670620200213E+050
   4.65000000000000       6.861306212618855E+050
   4.70000000000000       6.576361747220926E+050
   4.75000000000000       6.298292787789163E+050
   4.80000000000000       6.036057324472424E+050
   4.85000000000000       5.780488124954124E+050
   4.90000000000000       5.529809699465725E+050
   4.95000000000000       5.297330837214995E+050
   5.00000000000000       5.073285293037105E+050
   5.05000000000000       4.851594461306524E+050
   5.10000000000000       4.635198959333800E+050
   5.15000000000000       4.425505921848977E+050
   5.20000000000000       4.221888374553602E+050
   5.25000000000000       4.021805514641699E+050
   5.30000000000000       3.839677618764648E+050
   5.35000000000000       3.666810342049280E+050
   5.40000000000000       3.508456010210189E+050
   5.45000000000000       3.358111949931629E+050
   5.50000000000000       3.212801995900748E+050
   5.55000000000000       3.071694455099564E+050
   5.60000000000000       2.936325276280266E+050
   5.65000000000000       2.804655914283614E+050
   5.70000000000000       2.674248069095037E+050
   5.75000000000000       2.551544966478882E+050
   5.80000000000000       2.430362892267483E+050
   5.85000000000000       2.309829764737101E+050
   5.90000000000000       2.190486752839003E+050
   5.95000000000000       2.084224017224454E+050
   6.00000000000000       1.988795021543397E+050
   6.05000000000000       1.898183175727341E+050
   6.10000000000000       1.812815482092018E+050
   6.15000000000000       1.731102708512170E+050
   6.20000000000000       1.652348264822664E+050
   6.25000000000000       1.576597273984211E+050
   6.30000000000000       1.503230569096229E+050
   6.35000000000000       1.432222630304266E+050
   6.40000000000000       1.363133145824200E+050
   6.45000000000000       1.294767756469610E+050
   6.50000000000000       1.227954037975668E+050
   6.55000000000000       1.162778979636841E+050
   6.60000000000000       1.105513654211065E+050
   6.65000000000000       1.052102744127918E+050
   6.70000000000000       1.002603579137939E+050
   6.75000000000000       9.555197541946295E+049
   6.80000000000000       9.108886394607604E+049
   6.85000000000000       8.688922172569640E+049
   6.90000000000000       8.280419007303757E+049
   6.95000000000000       7.880147700549523E+049
   7.00000000000000       7.491117230924160E+049
   7.05000000000000       7.117254578701640E+049
   7.10000000000000       6.746217091665547E+049
   7.15000000000000       6.394446826478631E+049
   7.20000000000000       6.053648955564437E+049
   7.25000000000000       5.745242405660517E+049
   7.30000000000000       5.456174516592120E+049
   7.35000000000000       5.195420990652683E+049
   7.40000000000000       4.940199503708496E+049
   7.45000000000000       4.712933368475026E+049
   7.50000000000000       4.491547434988970E+049
   7.55000000000000       4.275724027905750E+049
   7.60000000000000       4.062963366132576E+049
   7.65000000000000       3.860861001736433E+049
   7.70000000000000       3.659017816340198E+049
   7.75000000000000       3.467827154749455E+049
   7.80000000000000       3.279988226626768E+049
   7.85000000000000       3.099190940220814E+049
   7.90000000000000       2.938557511646072E+049
   7.95000000000000       2.790721653207023E+049
   8.00000000000000       2.655942988928066E+049
   8.05000000000000       2.528732970225828E+049
   8.10000000000000       2.410897113383462E+049
   8.15000000000000       2.297934167881417E+049
   8.20000000000000       2.187095001742731E+049
   8.25000000000000       2.078477626485533E+049
   8.30000000000000       1.972081668426456E+049
   8.35000000000000       1.871283971666710E+049
   8.40000000000000       1.771131653878281E+049
   8.45000000000000       1.674283164667697E+049
   8.50000000000000       1.578199417646217E+049
   8.55000000000000       1.494830313418881E+049
   8.60000000000000       1.421745365512222E+049
   8.65000000000000       1.354824060629498E+049
   8.70000000000000       1.292760437064339E+049
   8.75000000000000       1.231970062763082E+049
   8.80000000000000       1.175166383045978E+049
   8.85000000000000       1.118595794873261E+049
   8.90000000000000       1.064741039820462E+049
   8.95000000000000       1.012479961398360E+049
   9.00000000000000       9.611418641831893E+048
   9.05000000000000       9.108076659283936E+048
   9.10000000000000       8.604455005463169E+048
   9.15000000000000       8.138352464771076E+048
   9.20000000000000       7.706479545993491E+048
   9.25000000000000       7.318231278244604E+048
   9.30000000000000       6.986936267425136E+048
   9.35000000000000       6.678841841846531E+048
   9.40000000000000       6.374087948210888E+048
   9.45000000000000       6.086752038717002E+048
   9.50000000000000       5.809435465757427E+048
   9.55000000000000       5.546779075344891E+048
   9.60000000000000       5.287315261808885E+048
   9.65000000000000       5.028251642291431E+048
   9.70000000000000       4.777844101779168E+048
   9.75000000000000       4.535612186667919E+048
   9.80000000000000       4.294518549690203E+048
   9.85000000000000       4.077344577139512E+048
   9.90000000000000       3.875958296350221E+048
   9.95000000000000       3.689487975384188E+048
   10.0000000000000       3.532236457643190E+048
   10.0500000000000       3.380164824180581E+048
   10.1000000000000       3.233674498147107E+048
   10.1500000000000       3.098693238559955E+048
   10.2000000000000       2.964705603341617E+048
   10.2500000000000       2.835292930827344E+048
   10.3000000000000       2.706586436049056E+048
   10.3500000000000       2.579631273010402E+048
   10.4000000000000       2.456882345351993E+048
   10.4500000000000       2.334995510343676E+048
   10.5000000000000       2.219635618081059E+048
   10.5500000000000       2.117209519506015E+048
   10.6000000000000       2.016240573537495E+048
   10.6500000000000       1.924855424136114E+048
   10.7000000000000       1.844922943889394E+048
   10.7500000000000       1.768628532956642E+048
   10.8000000000000       1.699164619412339E+048
   10.8500000000000       1.630542081412962E+048
   10.9000000000000       1.562818122163377E+048
   10.9500000000000       1.496840119663545E+048
   11.0000000000000       1.431080673674202E+048
   11.0500000000000       1.365848284439681E+048
   11.1000000000000       1.302636957619600E+048
   11.1500000000000       1.241899797213431E+048
   11.2000000000000       1.185820952216157E+048
   11.2500000000000       1.132420892295274E+048
   11.3000000000000       1.082314624914955E+048
   11.3500000000000       1.034675201099113E+048
   11.4000000000000       9.925735487234689E+047
   11.4500000000000       9.543916801698540E+047
   11.5000000000000       9.174844174942353E+047
   11.5500000000000       8.809736399653589E+047
   11.6000000000000       8.456171142515698E+047
   11.6500000000000       8.104218580321843E+047
   11.7000000000000       7.754328006841517E+047
   11.7500000000000       7.413659670776664E+047
   11.8000000000000       7.091211367626017E+047
   11.8500000000000       6.773860764780627E+047
   11.9000000000000       6.479428372970573E+047
   11.9500000000000       6.204386331190580E+047
   12.0000000000000       5.940785074095095E+047
   12.0500000000000       5.685904811272867E+047
   12.1000000000000       5.456415183269832E+047
   12.1500000000000       5.252881518299830E+047
   12.2000000000000       5.051729247897875E+047
   12.2500000000000       4.853735002337115E+047
   12.3000000000000       4.660408212336205E+047
   12.3500000000000       4.469355229819439E+047
   12.4000000000000       4.281670242279145E+047
   12.4500000000000       4.099410753738357E+047
   12.5000000000000       3.932596608133445E+047
   12.5500000000000       3.760138123604569E+047
   12.6000000000000       3.603055727342057E+047
   12.6500000000000       3.456276419144616E+047
   12.7000000000000       3.312892153523466E+047
   12.7500000000000       3.172079348346527E+047
   12.8000000000000       3.046528995570631E+047
   12.8500000000000       2.932153099368844E+047
   12.9000000000000       2.819470100655526E+047
   12.9500000000000       2.707945378567082E+047
   13.0000000000000       2.601174109103083E+047
   13.0500000000000       2.483149007981906E+047
   13.1000000000000       2.381976317182282E+047
   13.1500000000000       2.288073943708343E+047
   13.2000000000000       2.195610219180591E+047
   13.2500000000000       2.105789002863741E+047
   13.3000000000000       2.020867544420039E+047
   13.3500000000000       1.937333576642839E+047
   13.4000000000000       1.857964678165452E+047
   13.4500000000000       1.781163892424715E+047
   13.5000000000000       1.710290238721606E+047
   13.5500000000000       1.644800716842726E+047
   13.6000000000000       1.573938844542782E+047
   13.6500000000000       1.513138434444896E+047
   13.7000000000000       1.453132620025566E+047
   13.7500000000000       1.391754579222068E+047
   13.8000000000000       1.336182488741773E+047
   13.8500000000000       1.283282232002988E+047
   13.9000000000000       1.231656615078842E+047
   13.9500000000000       1.182535848703611E+047
   14.0000000000000       1.134784444015034E+047
   14.0500000000000       1.089179340618667E+047
   14.1000000000000       1.043660150422757E+047
   14.1500000000000       1.001271075749809E+047
   14.2000000000000       9.611228762929319E+046
   14.2500000000000       9.233006536772171E+046
   14.3000000000000       8.875584805719350E+046
   14.3500000000000       8.518011818132272E+046
   14.4000000000000       8.046570575798300E+046
   14.4500000000000       7.717906421106159E+046
   14.5000000000000       7.401509064910538E+046
   14.5500000000000       7.098536130952636E+046
   14.6000000000000       6.792942766629435E+046
   14.6500000000000       6.511792599508612E+046
   14.7000000000000       6.241351177972404E+046
   14.7500000000000       5.988276521391962E+046
   14.8000000000000       5.741169654422959E+046
   14.8500000000000       5.505994414975649E+046
   14.9000000000000       5.282062034263223E+046
   14.9500000000000       5.069404926548606E+046
   15.0000000000000       4.870681142665280E+046
   15.0500000000000       4.677463462026894E+046
   15.1000000000000       4.489749033347913E+046
   15.1500000000000       4.307294151071696E+046
   15.2000000000000       4.131387448833008E+046
   15.2500000000000       3.893366638711356E+046
   15.3000000000000       3.734244371817211E+046
   15.3500000000000       3.579668065125242E+046
   15.4000000000000       3.430328169170083E+046
   15.4500000000000       3.273719543624175E+046
   15.5000000000000       3.135882833306954E+046
   15.5500000000000       3.002374019774749E+046
   15.6000000000000       2.874870458557067E+046
   15.6500000000000       2.742000043699334E+046
   15.7000000000000       2.628972538423593E+046
   15.7500000000000       2.519566779345471E+046
   15.8000000000000       2.413902299270041E+046
   15.8500000000000       2.311738487779394E+046
   15.9000000000000       2.211915863204390E+046
   15.9500000000000       2.117056889552760E+046
   16.0000000000000       2.025433545576489E+046
   16.0500000000000       1.936924872598295E+046
   16.1000000000000       1.850188044603185E+046
   16.1500000000000       1.768592906964906E+046
   16.2000000000000       1.689778559733590E+046
   16.2500000000000       1.613836346906837E+046
   16.3000000000000       1.539258312153782E+046
   16.3500000000000       1.470668095412210E+046
   16.4000000000000       1.405702502474081E+046
   16.4500000000000       1.343159910645255E+046
   16.5000000000000       1.282944108144760E+046
   16.5500000000000       1.217679387249113E+046
   16.6000000000000       1.162492382157355E+046
   16.6500000000000       1.109416767223570E+046
   16.7000000000000       1.058356410909197E+046
   16.7500000000000       1.009263140260555E+046
   16.8000000000000       9.546807624722485E+045
   16.8500000000000       9.099675709003693E+045
   16.9000000000000       8.670062748939336E+045
   16.9500000000000       8.257789009064578E+045
   17.0000000000000       7.776207082356909E+045
   17.0500000000000       7.400961254638385E+045
   17.1000000000000       7.051840425759617E+045
   17.1500000000000       6.717608494260005E+045
   17.2000000000000       6.397536523589866E+045
   17.2500000000000       6.091384509522131E+045
   17.3000000000000       5.798192447018046E+045
   17.3500000000000       5.517720330008199E+045
   17.4000000000000       5.249248151096729E+045
   17.4500000000000       4.992535901154797E+045
   17.5000000000000       4.747103568751257E+045
   17.5500000000000       4.512231139338022E+045
   17.6000000000000       4.288158594055935E+045
   17.6500000000000       4.073770883627066E+045
   17.7000000000000       3.868730473742263E+045
   17.7500000000000       3.674484032753336E+045
   17.8000000000000       3.456514578812537E+045
   17.8500000000000       3.282804943780583E+045
   17.9000000000000       3.117255302551309E+045
   17.9500000000000       2.959625654474163E+045
   18.0000000000000       2.809195998772401E+045
   18.0500000000000       2.665966334508199E+045
   18.1000000000000       2.529696660535071E+045
   18.1500000000000       2.399690975431883E+045
   18.2000000000000       2.276021277409353E+045
   18.2500000000000       2.158303564174536E+045
   18.3000000000000       2.046273832729196E+045
   18.3500000000000       1.939452053712597E+045
   18.4000000000000       1.832728866718722E+045
   18.4500000000000       1.736929169641267E+045
   18.5000000000000       1.646017700972572E+045
   18.5500000000000       1.559642231990478E+045
   18.6000000000000       1.477514762673531E+045
   18.6500000000000       1.399563292997073E+045
   18.7000000000000       1.325523822932484E+045
   18.7500000000000       1.255228352446175E+045
   18.8000000000000       1.188484881498229E+045
   18.8500000000000       1.125149410040524E+045
   18.9000000000000       1.065029938014080E+045
   18.9500000000000       1.008006465345212E+045
   19.0000000000000       9.538629919397974E+044
   19.0500000000000       9.011066388080934E+044
   19.1000000000000       8.525520000000001E+044
   19.1500000000000       8.065920000000000E+044
   19.2000000000000       7.629840000000000E+044
   19.2500000000000       7.216560000000000E+044
   19.3000000000000       6.825120000000000E+044
   19.3500000000000       6.454080000000000E+044
   19.4000000000000       6.102720000000000E+044
   19.4500000000000       5.770080000000000E+044
   19.5000000000000       5.454960000000000E+044
   19.5500000000000       5.156400000000000E+044
   19.6000000000000       4.873920000000000E+044
   19.6500000000000       4.606560000000000E+044
   19.7000000000000       4.353360000000001E+044
   19.7500000000000       4.113840000000000E+044
   19.8000000000000       3.887040000000000E+044
   19.8500000000000       3.672720000000000E+044
   19.9000000000000       3.469680000000000E+044
   19.9500000000000       3.277680000000000E+044
   20.0000000000000       3.096240000000000E+044
   20.0500000000000       2.924640000000000E+044
   20.1000000000000       2.762160000000000E+044
   20.1500000000000       2.608560000000000E+044
   20.2000000000000       2.463360000000000E+044
   20.2500000000000       2.326224000000000E+044
   20.3000000000000       2.196480000000000E+044
   20.3500000000000       2.073864000000000E+044
   20.4000000000000       1.957992000000000E+044
   20.4500000000000       1.848456000000000E+044
   20.5000000000000       1.744920000000000E+044
   20.5500000000000       1.647144000000000E+044
   20.6000000000000       1.554720000000000E+044
   20.6500000000000       1.467408000000000E+044
   20.7000000000000       1.384944000000000E+044
   20.7500000000000       1.307016000000000E+044
   20.8000000000000       1.233432000000000E+044
   20.8500000000000       1.163928000000000E+044
   20.9000000000000       1.098288000000000E+044
   20.9500000000000       1.036272000000000E+044
   21.0000000000000       9.777360000000001E+043
   21.0500000000000       9.224640000000000E+043
   21.1000000000000       8.702400000000001E+043
   21.1500000000000       8.209680000000000E+043
   21.2000000000000       7.744320000000001E+043
   21.2500000000000       7.305119999999999E+043
   21.3000000000000       6.890640000000001E+043
   21.3500000000000       6.499200000000000E+043
   21.4000000000000       6.129840000000000E+043
   21.4500000000000       5.780880000000000E+043
   21.5000000000000       5.451840000000000E+043
   21.5500000000000       5.141280000000000E+043
   21.6000000000000       4.848240000000001E+043
   21.6500000000000       4.571760000000000E+043
   21.7000000000000       4.310640000000000E+043
   21.7500000000000       4.064400000000000E+043
   21.8000000000000       3.832080000000000E+043
   21.8500000000000       3.612960000000000E+043
   21.9000000000000       3.406320000000000E+043
   21.9500000000000       3.211200000000000E+043
   22.0000000000000       3.027120000000000E+043
   22.0500000000000       2.853600000000000E+043
   22.1000000000000       2.689680000000000E+043
   22.1500000000000       2.535360000000000E+043
   22.2000000000000       2.389704000000000E+043
   22.2500000000000       2.252304000000000E+043
   22.3000000000000       2.122752000000000E+043
   22.3500000000000       2.000592000000000E+043
   22.4000000000000       1.885368000000000E+043
   22.4500000000000       1.776744000000000E+043
   22.5000000000000       1.674288000000000E+043
   22.5500000000000       1.577688000000000E+043
   22.6000000000000       1.486632000000000E+043
   22.6500000000000       1.400760000000000E+043
   22.7000000000000       1.319808000000000E+043
   22.7500000000000       1.243488000000000E+043
   22.8000000000000       1.171584000000000E+043
   22.8500000000000       1.103760000000000E+043
   22.9000000000000       1.039848000000000E+043
   22.9500000000000       9.795599999999999E+042
   23.0000000000000       9.227759999999999E+042
   23.0500000000000       8.692560000000000E+042
   23.1000000000000       8.188080000000000E+042
   23.1500000000000       7.712400000000001E+042
   23.2000000000000       7.264560000000000E+042
   23.2500000000000       6.842160000000000E+042
   23.3000000000000       6.444240000000000E+042
   23.3500000000000       6.069360000000000E+042
   23.4000000000000       5.715840000000000E+042
   23.4500000000000       5.382960000000000E+042
   23.5000000000000       5.069280000000000E+042
   23.5500000000000       4.773600000000000E+042
   23.6000000000000       4.495200000000000E+042
   23.6500000000000       4.232880000000000E+042
   23.7000000000000       3.985680000000000E+042
   23.7500000000000       3.752880000000000E+042
   23.8000000000000       3.533520000000000E+042
   23.8500000000000       3.326880000000000E+042
   23.9000000000000       3.132240000000000E+042
   23.9500000000000       2.948880000000000E+042
   24.0000000000000       2.776320000000000E+042
   24.0500000000000       2.613600000000000E+042
   24.1000000000000       2.460480000000000E+042
   24.1500000000000       2.316144000000000E+042
   24.2000000000000       2.180280000000000E+042
   24.2500000000000       2.052312000000000E+042
   24.3000000000000       1.931808000000000E+042
   24.3500000000000       1.818336000000000E+042
   24.4000000000000       1.711464000000000E+042
   24.4500000000000       1.610856000000000E+042
   24.5000000000000       1.516104000000000E+042
   24.5500000000000       1.426872000000000E+042
   24.6000000000000       1.342896000000000E+042
   24.6500000000000       1.263792000000000E+042
   24.7000000000000       1.189344000000000E+042
   24.7500000000000       1.119216000000000E+042
   24.8000000000000       1.053240000000000E+042
   24.8500000000000       9.911040000000000E+041
   24.9000000000000       9.326160000000000E+041
   24.9500000000000       8.775359999999999E+041
   25.0000000000000       8.256960000000001E+041
