  0.000000000000000E+000  0.000000000000000E+000
  5.000000000000000E-002  1.320775144942982E+048
  0.100000000000000       2.287140000631422E+048
  0.150000000000000       3.257346998279947E+048
  0.200000000000000       3.999912822164315E+048
  0.250000000000000       4.690920734504381E+048
  0.300000000000000       5.418108816124202E+048
  0.350000000000000       6.229389788477680E+048
  0.400000000000000       7.160927583633134E+048
  0.450000000000000       8.180645752969860E+048
  0.500000000000000       9.232506386740532E+048
  0.550000000000000       1.030408643317682E+049
  0.600000000000000       1.138176570257775E+049
  0.650000000000000       1.245228368299523E+049
  0.700000000000000       1.350635717095981E+049
  0.750000000000000       1.453879047596483E+049
  0.800000000000000       1.553906565670555E+049
  0.850000000000000       1.650076660385503E+049
  0.900000000000000       1.742146318848550E+049
  0.950000000000000       1.829605279068837E+049
   1.00000000000000       1.911972494117770E+049
   1.05000000000000       1.989103769909952E+049
   1.10000000000000       2.060966961550088E+049
   1.15000000000000       2.127016874624545E+049
   1.20000000000000       2.187545814361550E+049
   1.25000000000000       2.242565596526773E+049
   1.30000000000000       2.291995194986656E+049
   1.35000000000000       2.335740047346198E+049
   1.40000000000000       2.373911825668802E+049
   1.45000000000000       2.405955873106429E+049
   1.50000000000000       2.433354078480675E+049
   1.55000000000000       2.455574609115227E+049
   1.60000000000000       2.472734510510946E+049
   1.65000000000000       2.485044429343758E+049
   1.70000000000000       2.492692065079832E+049
   1.75000000000000       2.495869023103660E+049
   1.80000000000000       2.494858956050503E+049
   1.85000000000000       2.489778488963593E+049
   1.90000000000000       2.480936052658900E+049
   1.95000000000000       2.468518631829205E+049
   2.00000000000000       2.452744830279511E+049
   2.05000000000000       2.433873063903462E+049
   2.10000000000000       2.412020902583799E+049
   2.15000000000000       2.387615795548673E+049
   2.20000000000000       2.360779886170283E+049
   2.25000000000000       2.331676343816477E+049
   2.30000000000000       2.298643817639650E+049
   2.35000000000000       2.265673675279854E+049
   2.40000000000000       2.230889886891600E+049
   2.45000000000000       2.194856383571492E+049
   2.50000000000000       2.157463442273729E+049
   2.55000000000000       2.118894738441247E+049
   2.60000000000000       2.079407510111567E+049
   2.65000000000000       2.039136232445274E+049
   2.70000000000000       1.998122286586028E+049
   2.75000000000000       1.956581395667639E+049
   2.80000000000000       1.914671425225754E+049
   2.85000000000000       1.872521642921822E+049
   2.90000000000000       1.830176056861817E+049
   2.95000000000000       1.787785706522603E+049
   3.00000000000000       1.733214182074245E+049
   3.05000000000000       1.693542498053805E+049
   3.10000000000000       1.653808968735522E+049
   3.15000000000000       1.614101215339177E+049
   3.20000000000000       1.574542864783214E+049
   3.25000000000000       1.535146518579404E+049
   3.30000000000000       1.496004973875821E+049
   3.35000000000000       1.455301087174478E+049
   3.40000000000000       1.417339343510640E+049
   3.45000000000000       1.379736800280307E+049
   3.50000000000000       1.342611863031096E+049
   3.55000000000000       1.306011289020349E+049
   3.60000000000000       1.269875130981992E+049
   3.65000000000000       1.225397876840591E+049
   3.70000000000000       1.192424051587601E+049
   3.75000000000000       1.159790643050621E+049
   3.80000000000000       1.127563722532772E+049
   3.85000000000000       1.095857383771712E+049
   3.90000000000000       1.064558828258694E+049
   3.95000000000000       1.033800885472575E+049
   4.00000000000000       1.003596762585243E+049
   4.05000000000000       9.739492602803183E+048
   4.10000000000000       9.448225132643477E+048
   4.15000000000000       9.162758592743681E+048
   4.20000000000000       8.883658685915490E+048
   4.25000000000000       8.610273107833506E+048
   4.30000000000000       8.343144088723059E+048
   4.35000000000000       8.082263654975712E+048
   4.40000000000000       7.827759377441348E+048
   4.45000000000000       7.579163591777179E+048
   4.50000000000000       7.336649926576055E+048
   4.55000000000000       7.100921006177335E+048
   4.60000000000000       6.870838157571080E+048
   4.65000000000000       6.647445133292227E+048
   4.70000000000000       6.430303459197315E+048
   4.75000000000000       6.219035922214486E+048
   4.80000000000000       6.013998273643440E+048
   4.85000000000000       5.814527612492031E+048
   4.90000000000000       5.621239742688571E+048
   4.95000000000000       5.433799089042109E+048
   5.00000000000000       5.251762516119119E+048
   5.05000000000000       5.075782147313904E+048
   5.10000000000000       4.905301612925860E+048
   5.15000000000000       4.740232449935530E+048
   5.20000000000000       4.579838792890773E+048
   5.25000000000000       4.425419013256388E+048
   5.30000000000000       4.276331713944895E+048
   5.35000000000000       4.132120584761117E+048
   5.40000000000000       3.992907975775419E+048
   5.45000000000000       3.858293227302623E+048
   5.50000000000000       3.727454266869324E+048
   5.55000000000000       3.601887815102064E+048
   5.60000000000000       3.480794791889858E+048
   5.65000000000000       3.364029816001307E+048
   5.70000000000000       3.251442754413069E+048
   5.75000000000000       3.142942253601868E+048
   5.80000000000000       3.038410821157170E+048
   5.85000000000000       2.937823542236715E+048
   5.90000000000000       2.840939566361049E+048
   5.95000000000000       2.747607122502854E+048
   6.00000000000000       2.657681101404221E+048
   6.05000000000000       2.571118948628278E+048
   6.10000000000000       2.487785653869266E+048
   6.15000000000000       2.407117402025697E+048
   6.20000000000000       2.329870022509427E+048
   6.25000000000000       2.255631175100391E+048
   6.30000000000000       2.184295343057518E+048
   6.35000000000000       2.115828308117546E+048
   6.40000000000000       2.049932361946247E+048
   6.45000000000000       1.986481944534320E+048
   6.50000000000000       1.925394711489968E+048
   6.55000000000000       1.866725527369774E+048
   6.60000000000000       1.810242992204317E+048
   6.65000000000000       1.756007475949651E+048
   6.70000000000000       1.703950882640147E+048
   6.75000000000000       1.653126377150377E+048
   6.80000000000000       1.605137746513352E+048
   6.85000000000000       1.559072332842844E+048
   6.90000000000000       1.514771475639231E+048
   6.95000000000000       1.472220156890978E+048
   7.00000000000000       1.431303224378961E+048
   7.05000000000000       1.392034561512212E+048
   7.10000000000000       1.354149113762705E+048
   7.15000000000000       1.317768179361269E+048
   7.20000000000000       1.282789600249333E+048
   7.25000000000000       1.249147475156141E+048
   7.30000000000000       1.216835666426217E+048
   7.35000000000000       1.185749172521691E+048
   7.40000000000000       1.155589527466224E+048
   7.45000000000000       1.126856358234907E+048
   7.50000000000000       1.099203996730516E+048
   7.55000000000000       1.072550372702869E+048
   7.60000000000000       1.046861211464653E+048
   7.65000000000000       1.022087520562573E+048
   7.70000000000000       9.982063681405347E+047
   7.75000000000000       9.752949436437156E+047
   7.80000000000000       9.532013818900866E+047
   7.85000000000000       9.320241840133805E+047
   7.90000000000000       9.118683095681879E+047
   7.95000000000000       8.924165794966552E+047
   8.00000000000000       8.716521264675383E+047
   8.05000000000000       8.539045686645596E+047
   8.10000000000000       8.366898868216476E+047
   8.15000000000000       8.199852530875637E+047
   8.20000000000000       8.037696620318542E+047
   8.25000000000000       7.880071496626024E+047
   8.30000000000000       7.727073912411433E+047
   8.35000000000000       7.577955129056998E+047
   8.40000000000000       7.432884449438859E+047
   8.45000000000000       7.291644706688305E+047
   8.50000000000000       7.153920258109847E+047
   8.55000000000000       7.019661884986930E+047
   8.60000000000000       6.888652900278869E+047
   8.65000000000000       6.757197181940298E+047
   8.70000000000000       6.633042506137017E+047
   8.75000000000000       6.511605264338225E+047
   8.80000000000000       6.392667603846256E+047
   8.85000000000000       6.281879947666396E+047
   8.90000000000000       6.173349845140575E+047
   8.95000000000000       6.068395178260234E+047
   9.00000000000000       5.971959574790087E+047
   9.05000000000000       5.878377228147870E+047
   9.10000000000000       5.782343756229635E+047
   9.15000000000000       5.692492881707673E+047
   9.20000000000000       5.604214472084760E+047
   9.25000000000000       5.505854067920517E+047
   9.30000000000000       5.422198400000000E+047
   9.35000000000000       5.339857600000000E+047
   9.40000000000000       5.258754400000001E+047
   9.45000000000000       5.178739680000000E+047
   9.50000000000000       5.099759359999999E+047
   9.55000000000000       5.021816000000001E+047
   9.60000000000000       4.944820480000000E+047
   9.65000000000000       4.868787359999999E+047
   9.70000000000000       4.793363840000000E+047
   9.75000000000000       4.719000960000001E+047
   9.80000000000000       4.645406080000000E+047
   9.85000000000000       4.572567200000000E+047
   9.90000000000000       4.496436640000001E+047
   9.95000000000000       4.434817280000000E+047
   10.0000000000000       4.373647040000000E+047
   10.0500000000000       4.314678880000000E+047
   10.1000000000000       4.262230240000000E+047
   10.1500000000000       4.212570400000001E+047
   10.2000000000000       4.162219200000000E+047
   10.2500000000000       4.113540959999999E+047
   10.3000000000000       4.065126560000000E+047
   10.3500000000000       4.017072000000001E+047
   10.4000000000000       3.969322400000001E+047
   10.4500000000000       3.921930240000000E+047
   10.5000000000000       3.874729600000000E+047
   10.5500000000000       3.827737760000000E+047
   10.6000000000000       3.780938480000000E+047
   10.6500000000000       3.734407520000000E+047
   10.7000000000000       3.688018640000000E+047
   10.7500000000000       3.641791520000000E+047
   10.8000000000000       3.595758880000000E+047
   10.8500000000000       3.549432000000001E+047
   10.9000000000000       3.503869600000000E+047
   10.9500000000000       3.458268080000000E+047
   11.0000000000000       3.415488960000000E+047
   11.0500000000000       3.375578560000000E+047
   11.1000000000000       3.340056240000000E+047
   11.1500000000000       3.305777200000000E+047
   11.2000000000000       3.276263360000000E+047
   11.2500000000000       3.250653840000000E+047
   11.3000000000000       3.224909520000000E+047
   11.3500000000000       3.199210800000000E+047
   11.4000000000000       3.173352240000000E+047
   11.4500000000000       3.147355920000000E+047
   11.5000000000000       3.121220160000000E+047
   11.5500000000000       3.094909520000000E+047
   11.6000000000000       3.068384320000000E+047
   11.6500000000000       3.041595120000000E+047
   11.7000000000000       3.014554960000000E+047
   11.7500000000000       2.987200320000000E+047
   11.8000000000000       2.959565200000000E+047
   11.8500000000000       2.931673840000000E+047
   11.9000000000000       2.903304320000000E+047
   11.9500000000000       2.874556160000000E+047
   12.0000000000000       2.845462352000000E+047
   12.0500000000000       2.815844344000000E+047
   12.1000000000000       2.789463192000000E+047
   12.1500000000000       2.767433808000000E+047
   12.2000000000000       2.745018192000000E+047
   12.2500000000000       2.722868384000000E+047
   12.3000000000000       2.703007984000000E+047
   12.3500000000000       2.686972632000000E+047
   12.4000000000000       2.670307512000000E+047
   12.4500000000000       2.653030816000000E+047
   12.5000000000000       2.635075344000000E+047
   12.5500000000000       2.616430832000000E+047
   12.6000000000000       2.597087088000000E+047
   12.6500000000000       2.577053488000000E+047
   12.7000000000000       2.556254336000000E+047
   12.7500000000000       2.534725872000000E+047
   12.8000000000000       2.512481439999999E+047
   12.8500000000000       2.489439040000000E+047
   12.9000000000000       2.465665928000000E+047
   12.9500000000000       2.441070392000000E+047
   13.0000000000000       2.415733952000000E+047
   13.0500000000000       2.389574656000000E+047
   13.1000000000000       2.362707832000000E+047
   13.1500000000000       2.335014744000000E+047
   13.2000000000000       2.309965260800000E+047
   13.2500000000000       2.286594376800000E+047
   13.3000000000000       2.262554272800000E+047
   13.3500000000000       2.238219856800000E+047
   13.4000000000000       2.214617241600000E+047
   13.4500000000000       2.193905977600000E+047
   13.5000000000000       2.172658441600000E+047
   13.5500000000000       2.150692278400000E+047
   13.6000000000000       2.128103392000000E+047
   13.6500000000000       2.104894705600000E+047
   13.7000000000000       2.081064892000000E+047
   13.7500000000000       2.056611335200000E+047
   13.8000000000000       2.031654023200000E+047
   13.8500000000000       2.006111184000000E+047
   13.9000000000000       1.980098325600000E+047
   13.9500000000000       1.953619913600000E+047
   14.0000000000000       1.926613698400000E+047
   14.0500000000000       1.899281430400000E+047
   14.1000000000000       1.871507400000000E+047
   14.1500000000000       1.843343897600000E+047
   14.2000000000000       1.814919476800000E+047
   14.2500000000000       1.786109245600000E+047
   14.3000000000000       1.759692927200000E+047
   14.3500000000000       1.734008018400000E+047
   14.4000000000000       1.708159533600000E+047
   14.4500000000000       1.682344748000000E+047
   14.5000000000000       1.657215606400000E+047
   14.5500000000000       1.633698873200000E+047
   14.6000000000000       1.610735157040000E+047
   14.6500000000000       1.587650624000000E+047
   14.7000000000000       1.564565200160000E+047
   14.7500000000000       1.541371856000000E+047
   14.8000000000000       1.518228010720000E+047
   14.8500000000000       1.495155261200000E+047
   14.9000000000000       1.472058578640000E+047
   14.9500000000000       1.449032983440000E+047
   15.0000000000000       1.426125048000000E+047
   15.0500000000000       1.403288179520000E+047
   15.1000000000000       1.380544005120000E+047
   15.1500000000000       1.358017304160000E+047
   15.2000000000000       1.335560250240000E+047
   15.2500000000000       1.313314888480000E+047
   15.3000000000000       1.291213560320000E+047
   15.3500000000000       1.269276905120000E+047
   15.4000000000000       1.249383102400000E+047
   15.4500000000000       1.229882294000000E+047
   15.5000000000000       1.210684146240000E+047
   15.5500000000000       1.191774155360000E+047
   15.6000000000000       1.173562081040000E+047
   15.6500000000000       1.156265969360000E+047
   15.7000000000000       1.139902058400000E+047
   15.7500000000000       1.123753194960000E+047
   15.8000000000000       1.107868353840000E+047
   15.8500000000000       1.092199533120000E+047
   15.9000000000000       1.076793756080000E+047
   15.9500000000000       1.061601597040000E+047
   16.0000000000000       1.046698879520000E+047
   16.0500000000000       1.032010753696000E+047
   16.1000000000000       1.017560691088000E+047
   16.1500000000000       1.003351617440000E+047
   16.2000000000000       9.893575823360002E+046
   16.2500000000000       9.756011595440000E+046
   16.3000000000000       9.620837722480004E+046
   16.3500000000000       9.487823956800004E+046
   16.4000000000000       9.356720532400000E+046
   16.4500000000000       9.228104240160000E+046
   16.5000000000000       9.112205637200001E+046
   16.5500000000000       8.998457355840001E+046
   16.6000000000000       8.886467230560001E+046
   16.6500000000000       8.777144376320002E+046
   16.7000000000000       8.671648468079999E+046
   16.7500000000000       8.570371211039999E+046
   16.8000000000000       8.475886560960000E+046
   16.8500000000000       8.383115708800001E+046
   16.9000000000000       8.291751131680000E+046
   16.9500000000000       8.201826587680000E+046
   17.0000000000000       8.113092314400001E+046
   17.0500000000000       8.025807829920000E+046
   17.1000000000000       7.939713612320000E+046
   17.1500000000000       7.854829179488001E+046
   17.2000000000000       7.771135009936001E+046
   17.2500000000000       7.688367102080000E+046
   17.3000000000000       7.606112974336001E+046
   17.3500000000000       7.525265105264000E+046
   17.4000000000000       7.444907012776001E+046
   17.4500000000000       7.365259177352001E+046
   17.5000000000000       7.286321596855999E+046
   17.5500000000000       7.208733630184000E+046
   17.6000000000000       7.136388556256000E+046
   17.6500000000000       7.064256566159999E+046
   17.7000000000000       6.992900794960000E+046
   17.7500000000000       6.922155417840001E+046
   17.8000000000000       6.852528737984000E+046
   17.8500000000000       6.783824098648000E+046
   17.9000000000000       6.718502491160000E+046
   17.9500000000000       6.653443914848000E+046
   18.0000000000000       6.588649184006045E+046
   18.0500000000000       6.523348704005448E+046
   18.1000000000000       6.458528224004901E+046
   18.1500000000000       6.393490768004400E+046
   18.2000000000000       6.328428336003943E+046
   18.2500000000000       6.262885904003526E+046
   18.3000000000000       6.197591120003144E+046
   18.3500000000000       6.131808160002798E+046
   18.4000000000000       6.066021824002484E+046
   18.4500000000000       5.999753088002201E+046
   18.5000000000000       5.933240000001947E+046
   18.5500000000000       5.866483536001714E+046
   18.6000000000000       5.799242720001508E+046
   18.6500000000000       5.732831728001044E+046
   18.7000000000000       5.667904176000944E+046
   18.7500000000000       5.602491824000849E+046
   18.8000000000000       5.536849760000763E+046
   18.8500000000000       5.470914352000684E+046
   18.9000000000000       5.404955136000612E+046
   18.9500000000000       5.339076672000548E+046
   19.0000000000000       5.274231184000490E+046
   19.0500000000000       5.209331920000435E+046
   19.1000000000000       5.143951680000384E+046
   19.1500000000000       5.078332416000341E+046
   19.2000000000000       5.012469776000299E+046
   19.2500000000000       4.946128560000221E+046
   19.3000000000000       4.879542544000199E+046
   19.3500000000000       4.812478928000178E+046
   19.4000000000000       4.745171936000159E+046
   19.4500000000000       4.677624944000141E+046
   19.5000000000000       4.609834576000126E+046
   19.5500000000000       4.541803232000111E+046
   19.6000000000000       4.473291888000099E+046
   19.6500000000000       4.404775744000087E+046
   19.7000000000000       4.336021024000077E+046
   19.7500000000000       4.267857008000067E+046
   19.8000000000000       4.199968832000058E+046
   19.8500000000000       4.132318256000051E+046
   19.9000000000000       4.064432560000031E+046
   19.9500000000000       3.996631792000027E+046
   20.0000000000000       3.928646832000024E+046
   20.0500000000000       3.861228496000022E+046
   20.1000000000000       3.793986784000020E+046
   20.1500000000000       3.727625872000017E+046
   20.2000000000000       3.661024960000017E+046
   20.2500000000000       3.594664048000014E+046
   20.3000000000000       3.528302160000012E+046
   20.3500000000000       3.462421248000012E+046
   20.4000000000000       3.396539360000010E+046
   20.4500000000000       3.331137472000010E+046
   20.5000000000000       3.265733184000007E+046
   20.5500000000000       3.200807920000007E+046
   20.6000000000000       3.136363632000005E+046
   20.6500000000000       3.072158368000005E+046
   20.7000000000000       3.008189728000004E+046
   20.7500000000000       2.944942064000005E+046
   20.8000000000000       2.881933424000003E+046
   20.8500000000000       2.820016566400003E+046
   20.9000000000000       2.758845796800003E+046
   20.9500000000000       2.698152432000000E+046
   21.0000000000000       2.637940824000000E+046
   21.0500000000000       2.578488987200000E+046
   21.1000000000000       2.519766555200000E+046
   21.1500000000000       2.461689054400000E+046
   21.2000000000000       2.404585505600001E+046
   21.2500000000000       2.348367556800000E+046
   21.3000000000000       2.292843012800001E+046
   21.3500000000000       2.238062468800000E+046
   21.4000000000000       2.184049827200001E+046
   21.4500000000000       2.130781088000000E+046
   21.5000000000000       2.078280251200000E+046
   21.5500000000000       2.026571796800000E+046
   21.6000000000000       1.975654284800000E+046
   21.6500000000000       1.925552435200000E+046
   21.7000000000000       1.876290008000000E+046
   21.7500000000000       1.827843243200000E+046
   21.8000000000000       1.780236043200000E+046
   21.8500000000000       1.733468123200000E+046
   21.9000000000000       1.687515670400000E+046
   21.9500000000000       1.642619224000000E+046
   22.0000000000000       1.598690315200000E+046
   22.0500000000000       1.555577166400000E+046
   22.1000000000000       1.513328168000000E+046
   22.1500000000000       1.471936651200000E+046
   22.2000000000000       1.431415756800000E+046
   22.2500000000000       1.391774304000000E+046
   22.3000000000000       1.352969787200000E+046
   22.3500000000000       1.315202692800000E+046
   22.4000000000000       1.278251456000000E+046
   22.4500000000000       1.242140361600000E+046
   22.5000000000000       1.206820929600000E+046
   22.5500000000000       1.172317355200000E+046
   22.6000000000000       1.138605825600000E+046
   22.6500000000000       1.105686153600000E+046
   22.7000000000000       1.073534046400000E+046
   22.7500000000000       1.042174036800000E+046
   22.8000000000000       1.011533689600000E+046
   22.8500000000000       9.816610048000001E+045
   22.9000000000000       9.525323200000001E+045
   22.9500000000000       9.241470576000000E+045
   23.0000000000000       8.964576976000000E+045
   23.0500000000000       8.695584992000000E+045
   23.1000000000000       8.434201072000001E+045
   23.1500000000000       8.179536176000000E+045
   23.2000000000000       7.931350832000001E+045
   23.2500000000000       7.689482767999999E+045
   23.3000000000000       7.454368304000001E+045
   23.3500000000000       7.225968416000000E+045
   23.4000000000000       7.003695232000000E+045
   23.4500000000000       6.788064271999999E+045
   23.5000000000000       6.578603711999999E+045
   23.5500000000000       6.374663152000000E+045
   23.6000000000000       6.176482592000000E+045
   23.6500000000000       5.984062032000000E+045
   23.7000000000000       5.796918096000000E+045
   23.7500000000000       5.614815136000001E+045
   23.8000000000000       5.438231200000000E+045
   23.8500000000000       5.266447264000000E+045
   23.9000000000000       5.099699952000000E+045
   23.9500000000000       4.937513616000001E+045
   24.0000000000000       4.780366206400000E+045
   24.0500000000000       4.627536396800000E+045
   24.1000000000000       4.479277300800000E+045
   24.1500000000000       4.335695988800000E+045
   24.2000000000000       4.196672081600000E+045
   24.2500000000000       4.061490574400000E+045
   24.3000000000000       3.930386569600000E+045
   24.3500000000000       3.803395526400000E+045
   24.4000000000000       3.680021185600000E+045
   24.4500000000000       3.560568724800000E+045
   24.5000000000000       3.444798827200000E+045
   24.5500000000000       3.332588129600000E+045
   24.6000000000000       3.223902836800000E+045
   24.6500000000000       3.118577064000000E+045
   24.7000000000000       3.016610713600000E+045
   24.7500000000000       2.917764265600000E+045
   24.8000000000000       2.821797240000000E+045
   24.8500000000000       2.728949974400000E+045
   24.9000000000000       2.638742273600000E+045
   24.9500000000000       2.551414235200000E+045
