  0.000000000000000E+000  0.000000000000000E+000
  5.000000000000000E-002  3.413767803334551E+050
  0.100000000000000       1.372007738100193E+051
  0.150000000000000       3.115047553331716E+051
  0.200000000000000       5.581738990700533E+051
  0.250000000000000       8.813964748038769E+051
  0.300000000000000       1.283852643165025E+052
  0.350000000000000       1.762804108461253E+052
  0.400000000000000       2.319813379164033E+052
  0.450000000000000       2.953179917030219E+052
  0.500000000000000       3.651504943901535E+052
  0.550000000000000       4.436093425424729E+052
  0.600000000000000       5.294139913669093E+052
  0.650000000000000       6.222562616097629E+052
  0.700000000000000       7.220502643952097E+052
  0.750000000000000       8.284764539477857E+052
  0.800000000000000       9.413317686690900E+052
  0.850000000000000       1.060283102967827E+053
  0.900000000000000       1.185420584856123E+053
  0.950000000000000       1.315997200109484E+053
   1.00000000000000       1.451844008979914E+053
   1.05000000000000       1.592662944662233E+053
   1.10000000000000       1.738137551533439E+053
   1.15000000000000       1.887869093109322E+053
   1.20000000000000       2.041714409329396E+053
   1.25000000000000       2.199151495563900E+053
   1.30000000000000       2.359967028770460E+053
   1.35000000000000       2.523743855032887E+053
   1.40000000000000       2.690224654915195E+053
   1.45000000000000       2.858978216716410E+053
   1.50000000000000       3.029717326301358E+053
   1.55000000000000       3.202378641357831E+053
   1.60000000000000       3.376092142344618E+053
   1.65000000000000       3.550721425208268E+053
   1.70000000000000       3.725988503241590E+053
   1.75000000000000       3.901465791282737E+053
   1.80000000000000       4.076834765806145E+053
   1.85000000000000       4.251763755427043E+053
   1.90000000000000       4.425999569975927E+053
   1.95000000000000       4.599248347438735E+053
   2.00000000000000       4.771139521598581E+053
   2.05000000000000       4.941355479302925E+053
   2.10000000000000       5.109193180386214E+053
   2.15000000000000       5.275274075604659E+053
   2.20000000000000       5.438584627875068E+053
   2.25000000000000       5.599397717547281E+053
   2.30000000000000       5.757059811402417E+053
   2.35000000000000       5.911521247198249E+053
   2.40000000000000       6.062655626420739E+053
   2.45000000000000       6.209876865312196E+053
   2.50000000000000       6.353705773235954E+053
   2.55000000000000       6.493153225976561E+053
   2.60000000000000       6.628780862464410E+053
   2.65000000000000       6.759886440879130E+053
   2.70000000000000       6.886756788233102E+053
   2.75000000000000       7.008962286136593E+053
   2.80000000000000       7.127112978007657E+053
   2.85000000000000       7.240200640107517E+053
   2.90000000000000       7.348450967578650E+053
   2.95000000000000       7.452134802674603E+053
   3.00000000000000       7.550840887105861E+053
   3.05000000000000       7.644887701732679E+053
   3.10000000000000       7.733810455329381E+053
   3.15000000000000       7.818235493243875E+053
   3.20000000000000       7.897755916727297E+053
   3.25000000000000       7.972307461628537E+053
   3.30000000000000       8.042159011477713E+053
   3.35000000000000       8.107221920619721E+053
   3.40000000000000       8.167491654948032E+053
   3.45000000000000       8.223200750942644E+053
   3.50000000000000       8.274419602771033E+053
   3.55000000000000       8.321141653406310E+053
   3.60000000000000       8.363358025095383E+053
   3.65000000000000       8.401349437523251E+053
   3.70000000000000       8.435138629295990E+053
   3.75000000000000       8.464434108062399E+053
   3.80000000000000       8.489830273701879E+053
   3.85000000000000       8.511355954096896E+053
   3.90000000000000       8.528969665208860E+053
   3.95000000000000       8.542403676463333E+053
   4.00000000000000       8.552544477111373E+053
   4.05000000000000       8.559108711920723E+053
   4.10000000000000       8.562086005575462E+053
   4.15000000000000       8.561801489256968E+053
   4.20000000000000       8.558212702363448E+053
   4.25000000000000       8.551337782511684E+053
   4.30000000000000       8.541473888333652E+053
   4.35000000000000       8.528666056001199E+053
   4.40000000000000       8.512869225174317E+053
   4.45000000000000       8.494387525902069E+053
   4.50000000000000       8.473258201171718E+053
   4.55000000000000       8.449447274407339E+053
   4.60000000000000       8.422955081186749E+053
   4.65000000000000       8.394086861487909E+053
   4.70000000000000       8.362863311925150E+053
   4.75000000000000       8.329253367976403E+053
   4.80000000000000       8.293565580654191E+053
   4.85000000000000       8.255496888441310E+053
   4.90000000000000       8.215356293480120E+053
   4.95000000000000       8.173438128607231E+053
   5.00000000000000       8.129723244051548E+053
   5.05000000000000       8.083635436255718E+053
   5.10000000000000       8.035781920235891E+053
   5.15000000000000       7.986164773709545E+053
   5.20000000000000       7.935082202555899E+053
   5.25000000000000       7.882223271221173E+053
   5.30000000000000       7.827581077996251E+053
   5.35000000000000       7.771468457925808E+053
   5.40000000000000       7.713895520050809E+053
   5.45000000000000       7.654858826374085E+053
   5.50000000000000       7.594355673778790E+053
   5.55000000000000       7.532383561102398E+053
   5.60000000000000       7.469227002049851E+053
   5.65000000000000       7.404885924914217E+053
   5.70000000000000       7.338763898406293E+053
   5.75000000000000       7.272059409663872E+053
   5.80000000000000       7.203584338751888E+053
   5.85000000000000       7.134518940906480E+053
   5.90000000000000       7.063959132296688E+053
   5.95000000000000       6.992540202469647E+053
   6.00000000000000       6.919870604537848E+053
   6.05000000000000       6.846427968350645E+053
   6.10000000000000       6.772224035452488E+053
   6.15000000000000       6.696919914653634E+053
   6.20000000000000       6.620869484380643E+053
   6.25000000000000       6.543751892680607E+053
   6.30000000000000       6.466176177338970E+053
   6.35000000000000       6.387572802328959E+053
   6.40000000000000       6.308505630495735E+053
   6.45000000000000       6.228732701444041E+053
   6.50000000000000       6.148229745921495E+053
   6.55000000000000       6.067283050462707E+053
   6.60000000000000       5.985655001646586E+053
   6.65000000000000       5.903593135449424E+053
   6.70000000000000       5.821116704720507E+053
   6.75000000000000       5.738256731531362E+053
   6.80000000000000       5.654983163115800E+053
   6.85000000000000       5.571004946433753E+053
   6.90000000000000       5.487222334822235E+053
   6.95000000000000       5.402735401014127E+053
   7.00000000000000       5.318145166873732E+053
   7.05000000000000       5.233453390880744E+053
   7.10000000000000       5.148383302127517E+053
   7.15000000000000       5.063471462408066E+053
   7.20000000000000       4.978179701196503E+053
   7.25000000000000       4.892954484039112E+053
   7.30000000000000       4.807675745341353E+053
   7.35000000000000       4.722381199476369E+053
   7.40000000000000       4.637163908365480E+053
   7.45000000000000       4.552019737672496E+053
   7.50000000000000       4.466942427335706E+053
   7.55000000000000       4.382083236787943E+053
   7.60000000000000       4.297386093025032E+053
   7.65000000000000       4.212912390912206E+053
   7.70000000000000       4.128752049937415E+053
   7.75000000000000       4.044872154467102E+053
   7.80000000000000       3.961387860732421E+053
   7.85000000000000       3.878241087753330E+053
   7.90000000000000       3.795523037700538E+053
   7.95000000000000       3.713293780234095E+053
   8.00000000000000       3.631519095905063E+053
   8.05000000000000       3.550349419632681E+053
   8.10000000000000       3.469725325982758E+053
   8.15000000000000       3.389747185503694E+053
   8.20000000000000       3.310403981911589E+053
   8.25000000000000       3.231787062010443E+053
   8.30000000000000       3.153894860175783E+053
   8.35000000000000       3.076760474361150E+053
   8.40000000000000       3.000479131531762E+053
   8.45000000000000       2.925012750292674E+053
   8.50000000000000       2.850428917827089E+053
   8.55000000000000       2.776781290599527E+053
   8.60000000000000       2.704069827971332E+053
   8.65000000000000       2.632356542196059E+053
   8.70000000000000       2.561607780495679E+053
   8.75000000000000       2.491913733157037E+053
   8.80000000000000       2.423273388717980E+053
   8.85000000000000       2.355719162107381E+053
   8.90000000000000       2.289283225497052E+053
   8.95000000000000       2.223932970047766E+053
   9.00000000000000       2.159755375147982E+053
   9.05000000000000       2.096752317363665E+053
   9.10000000000000       2.034925085996031E+053
   9.15000000000000       1.974245198729222E+053
   9.20000000000000       1.914830856282064E+053
   9.25000000000000       1.856563956689688E+053
   9.30000000000000       1.799561905539012E+053
   9.35000000000000       1.743766679003960E+053
   9.40000000000000       1.689207271626288E+053
   9.45000000000000       1.635883799846394E+053
   9.50000000000000       1.583764458990513E+053
   9.55000000000000       1.532879071167542E+053
   9.60000000000000       1.483168865032832E+053
   9.65000000000000       1.434722830203192E+053
   9.70000000000000       1.387510132173636E+053
   9.75000000000000       1.341441066034908E+053
   9.80000000000000       1.296605136123466E+053
   9.85000000000000       1.252912839791517E+053
   9.90000000000000       1.210395348888419E+053
   9.95000000000000       1.169081731039455E+053
   10.0000000000000       1.128882591196184E+053
   10.0500000000000       1.089768473207848E+053
   10.1000000000000       1.051797486874608E+053
   10.1500000000000       1.014940397081502E+053
   10.2000000000000       9.791373398052858E+052
   10.2500000000000       9.444188078362125E+052
   10.3000000000000       9.107241188528333E+052
   10.3500000000000       8.780233797045828E+052
   10.4000000000000       8.463449397425062E+052
   10.4500000000000       8.156588246334895E+052
   10.5000000000000       7.859352219421629E+052
   10.5500000000000       7.571440780668065E+052
   10.6000000000000       7.292551940854843E+052
   10.6500000000000       7.022992957684511E+052
   10.7000000000000       6.761737859809334E+052
   10.7500000000000       6.509390231078822E+052
   10.8000000000000       6.265443861919745E+052
   10.8500000000000       6.029498481139872E+052
   10.9000000000000       5.801589593965489E+052
   10.9500000000000       5.581260121798766E+052
   11.0000000000000       5.368547719051289E+052
   11.0500000000000       5.163057798966587E+052
   11.1000000000000       4.964766226736571E+052
   11.1500000000000       4.773398863536294E+052
   11.2000000000000       4.588707518338562E+052
   11.2500000000000       4.410570826994185E+052
   11.3000000000000       4.238749152665747E+052
   11.3500000000000       4.073064741324511E+052
   11.4000000000000       3.913306400706075E+052
   11.4500000000000       3.759350977578518E+052
   11.5000000000000       3.610992999998469E+052
   11.5500000000000       3.468021577207392E+052
   11.6000000000000       3.330313380163492E+052
   11.6500000000000       3.197688746595832E+052
   11.7000000000000       3.069968365893253E+052
   11.7500000000000       2.947000926852505E+052
   11.8000000000000       2.828636879383956E+052
   11.8500000000000       2.714728130236074E+052
   11.9000000000000       2.605120515406794E+052
   11.9500000000000       2.499665717879474E+052
   12.0000000000000       2.398213618049624E+052
   12.0500000000000       2.300641765133876E+052
   12.1000000000000       2.206798968838375E+052
   12.1500000000000       2.116565748653554E+052
   12.2000000000000       2.029851519491111E+052
   12.2500000000000       1.946444934660657E+052
   12.3000000000000       1.866317527551675E+052
   12.3500000000000       1.789288086013597E+052
   12.4000000000000       1.715295644692378E+052
   12.4500000000000       1.644221136950400E+052
   12.5000000000000       1.575973325312409E+052
   12.5500000000000       1.510375105171289E+052
   12.6000000000000       1.447363065411048E+052
   12.6500000000000       1.386906864801840E+052
   12.7000000000000       1.328858318229691E+052
   12.7500000000000       1.273124938521161E+052
   12.8000000000000       1.219618044105724E+052
   12.8500000000000       1.168278443550550E+052
   12.9000000000000       1.119014914541242E+052
   12.9500000000000       1.071736356868286E+052
   13.0000000000000       1.026352339337590E+052
   13.0500000000000       9.828624820189583E+051
   13.1000000000000       9.411171953223671E+051
   13.1500000000000       9.010860043781027E+051
   13.2000000000000       8.627087279504836E+051
   13.2500000000000       8.258653956304230E+051
   13.3000000000000       7.905864374908559E+051
   13.3500000000000       7.567509000102670E+051
   13.4000000000000       7.243293547042980E+051
   13.4500000000000       6.932306813929871E+051
   13.5000000000000       6.633952485334545E+051
   13.5500000000000       6.348472737356891E+051
   13.6000000000000       6.074660218103070E+051
   13.6500000000000       5.812614182422088E+051
   13.7000000000000       5.561284524134956E+051
   13.7500000000000       5.320543613432329E+051
   13.8000000000000       5.089936703511766E+051
   13.8500000000000       4.869072233229798E+051
   13.9000000000000       4.657499291733407E+051
   13.9500000000000       4.454887901672955E+051
   14.0000000000000       4.260875761483999E+051
   14.0500000000000       4.075046239164378E+051
   14.1000000000000       3.897156261916536E+051
   14.1500000000000       3.726844245362238E+051
   14.2000000000000       3.563751034945205E+051
   14.2500000000000       3.407664060823465E+051
   14.3000000000000       3.258221468188263E+051
   14.3500000000000       3.115216060202193E+051
   14.4000000000000       2.978316358017905E+051
   14.4500000000000       2.847311778745980E+051
   14.5000000000000       2.721962977478283E+051
   14.5500000000000       2.602001375381046E+051
   14.6000000000000       2.487244696805507E+051
   14.6500000000000       2.377420057489071E+051
   14.7000000000000       2.272375325994931E+051
   14.7500000000000       2.171842333421648E+051
   14.8000000000000       2.075699112420363E+051
   14.8500000000000       1.983705882693052E+051
   14.9000000000000       1.895740714144810E+051
   14.9500000000000       1.811565813733905E+051
   15.0000000000000       1.731087713959586E+051
   15.0500000000000       1.654130544536418E+051
   15.1000000000000       1.580540791215443E+051
   15.1500000000000       1.510137663262148E+051
   15.2000000000000       1.442833245749344E+051
   15.2500000000000       1.378475879251010E+051
   15.3000000000000       1.316943946838017E+051
   15.3500000000000       1.258121373276623E+051
   15.4000000000000       1.201887569229823E+051
   15.4500000000000       1.148120426476619E+051
   15.5000000000000       1.096698304144444E+051
   15.5500000000000       1.047591127535065E+051
   15.6000000000000       1.000619169286231E+051
   15.6500000000000       9.557219698833992E+050
   15.7000000000000       9.128393073773971E+050
   15.7500000000000       8.718171607215454E+050
   15.8000000000000       8.326030063753719E+050
   15.8500000000000       7.951632756807250E+050
   15.9000000000000       7.593775153610895E+050
   15.9500000000000       7.251551648367590E+050
   16.0000000000000       6.924959835160829E+050
   16.0500000000000       6.612811564081685E+050
   16.1000000000000       6.314193281594507E+050
   16.1500000000000       6.029109956920161E+050
   16.2000000000000       5.756707446463881E+050
   16.2500000000000       5.496478311321573E+050
   16.3000000000000       5.247890505668852E+050
   16.3500000000000       5.010366585878395E+050
   16.4000000000000       4.783487174998376E+050
   16.4500000000000       4.566769648378887E+050
   16.5000000000000       4.359734589236738E+050
   16.5500000000000       4.162019052016519E+050
   16.6000000000000       3.973114495633607E+050
   16.6500000000000       3.792696418011380E+050
   16.7000000000000       3.620392530328129E+050
   16.7500000000000       3.455861993727069E+050
   16.8000000000000       3.298710284652006E+050
   16.8500000000000       3.148624532147236E+050
   16.9000000000000       3.005295527363555E+050
   16.9500000000000       2.868435736179079E+050
   17.0000000000000       2.737720352519853E+050
   17.0500000000000       2.612916109679248E+050
   17.1000000000000       2.493752292398855E+050
   17.1500000000000       2.380002489140272E+050
   17.2000000000000       2.271364691751396E+050
   17.2500000000000       2.167657261942013E+050
   17.3000000000000       2.068640400860726E+050
   17.3500000000000       1.974098580629065E+050
   17.4000000000000       1.883831142145775E+050
   17.4500000000000       1.797622671947620E+050
   17.5000000000000       1.715352804114587E+050
   17.5500000000000       1.636836399263099E+050
   17.6000000000000       1.561843110350784E+050
   17.6500000000000       1.490266902962832E+050
   17.7000000000000       1.421919072322224E+050
   17.7500000000000       1.356669178900082E+050
   17.8000000000000       1.294425842097096E+050
   17.8500000000000       1.235009402147438E+050
   17.9000000000000       1.178269382695117E+050
   17.9500000000000       1.124116417319288E+050
   18.0000000000000       1.072430443677210E+050
   18.0500000000000       1.023086419874605E+050
   18.1000000000000       9.759703286943541E+049
   18.1500000000000       9.310170181329929E+049
   18.2000000000000       8.881035708489074E+049
   18.2500000000000       8.471513706504701E+049
   18.3000000000000       8.080629348152594E+049
   18.3500000000000       7.707487157175277E+049
   18.4000000000000       7.351482220921605E+049
   18.4500000000000       7.011694648168137E+049
   18.5000000000000       6.687528742731193E+049
   18.5500000000000       6.377826269758914E+049
   18.6000000000000       6.082384206870761E+049
   18.6500000000000       5.800649389590796E+049
   18.7000000000000       5.531635375525936E+049
   18.7500000000000       5.275010340274589E+049
   18.8000000000000       5.030019061859661E+049
   18.8500000000000       4.796318332098204E+049
   18.9000000000000       4.573303665277066E+049
   18.9500000000000       4.360498682930525E+049
   19.0000000000000       4.157493513877186E+049
   19.0500000000000       3.963721763534768E+049
   19.1000000000000       3.778907774575235E+049
   19.1500000000000       3.602571181451093E+049
   19.2000000000000       3.434353432716869E+049
   19.2500000000000       3.273921414648462E+049
   19.3000000000000       3.120794151594012E+049
   19.3500000000000       2.974791275186003E+049
   19.4000000000000       2.835495159323044E+049
   19.4500000000000       2.702603156564643E+049
   19.5000000000000       2.575843535759660E+049
   19.5500000000000       2.454978254191529E+049
   19.6000000000000       2.339705769744682E+049
   19.6500000000000       2.229727077173560E+049
   19.7000000000000       2.124892190504418E+049
   19.7500000000000       2.024897090559567E+049
   19.8000000000000       1.929531351401115E+049
   19.8500000000000       1.838614607812398E+049
   19.9000000000000       1.751906372873264E+049
   19.9500000000000       1.669226281125297E+049
   20.0000000000000       1.590347809152502E+049
   20.0500000000000       1.515216395175170E+049
   20.1000000000000       1.443572032762245E+049
   20.1500000000000       1.375234356868107E+049
   20.2000000000000       1.310113184776283E+049
   20.2500000000000       1.248019831890907E+049
   20.3000000000000       1.188823683876585E+049
   20.3500000000000       1.132423189971558E+049
   20.4000000000000       1.078645981779162E+049
   20.4500000000000       1.027417908011273E+049
   20.5000000000000       9.785656071213097E+048
   20.5500000000000       9.320295315804053E+048
   20.6000000000000       8.876878944338381E+048
   20.6500000000000       8.454204524811848E+048
   20.7000000000000       8.051370233219615E+048
   20.7500000000000       7.667474245556147E+048
   20.8000000000000       7.301614737815047E+048
   20.8500000000000       6.953190493988876E+048
   20.9000000000000       6.620999082068911E+048
   20.9500000000000       6.304769954844837E+048
   21.0000000000000       6.003511105904324E+048
   21.0500000000000       5.716050164032494E+048
   21.1000000000000       5.442567494011174E+048
   21.1500000000000       5.181920785417862E+048
   21.2000000000000       4.933659126224300E+048
   21.2500000000000       4.697091117994403E+048
   21.3000000000000       4.471704465218492E+048
   21.3500000000000       4.257046725097811E+048
   21.4000000000000       4.052600563046894E+048
   21.4500000000000       3.857954265541020E+048
   21.5000000000000       3.672506572829095E+048
   21.5500000000000       3.495896755310870E+048
   21.6000000000000       3.327703961786079E+048
   21.6500000000000       3.167537401854436E+048
   21.7000000000000       3.015006285115621E+048
   21.7500000000000       2.869719821169291E+048
   21.8000000000000       2.731377402015060E+048
   21.8500000000000       2.599678419652506E+048
   21.9000000000000       2.474232083681155E+048
   21.9500000000000       2.354797907700476E+048
   22.0000000000000       2.241045222909870E+048
   22.0500000000000       2.132793664508652E+048
   22.1000000000000       2.029682502896036E+048
   22.1500000000000       1.931531373271105E+048
   22.2000000000000       1.838057029710772E+048
   22.2500000000000       1.749095799856897E+048
   22.3000000000000       1.664384177010768E+048
   22.3500000000000       1.583760822963587E+048
   22.4000000000000       1.506985251315313E+048
   22.4500000000000       1.433907158065901E+048
   22.5000000000000       1.364376239215302E+048
   22.5500000000000       1.298152008363466E+048
   22.6000000000000       1.235144283110334E+048
   22.6500000000000       1.175142637855844E+048
   22.7000000000000       1.118056890199927E+048
   22.7500000000000       1.063706675342507E+048
   22.8000000000000       1.011971750083498E+048
   22.8500000000000       9.627318712228066E+047
   22.9000000000000       9.158968563603252E+047
   22.9500000000000       8.712863406959332E+047
   23.0000000000000       8.288402026294920E+047
   23.0500000000000       7.884682597608418E+047
   23.1000000000000       7.500169600000000E+047
   23.1500000000000       7.134630271999999E+047
   23.2000000000000       6.786526208000000E+047
   23.2500000000000       6.455226131200000E+047
   23.3000000000000       6.140188947200000E+047
   23.3500000000000       5.840122041600000E+047
   23.4000000000000       5.554905171200000E+047
   23.4500000000000       5.283396025600000E+047
   23.5000000000000       5.025053510400000E+047
   23.5500000000000       4.779276409599999E+047
   23.6000000000000       4.545433446400000E+047
   23.6500000000000       4.322923404800000E+047
   23.7000000000000       4.111235251200000E+047
   23.7500000000000       3.909857952000000E+047
   23.8000000000000       3.718280473600000E+047
   23.8500000000000       3.535991782400000E+047
   23.9000000000000       3.362601087999999E+047
   23.9500000000000       3.197657478400000E+047
   24.0000000000000       3.040770163200000E+047
   24.0500000000000       2.891488230400000E+047
   24.1000000000000       2.749511072000000E+047
   24.1500000000000       2.614447897600000E+047
   24.2000000000000       2.485968038400000E+047
   24.2500000000000       2.363770886400000E+047
   24.3000000000000       2.247555833600000E+047
   24.3500000000000       2.136992211200000E+047
   24.4000000000000       2.031869593600000E+047
   24.4500000000000       1.931827251200000E+047
   24.5000000000000       1.836714880000000E+047
   24.5500000000000       1.746231872000000E+047
   24.6000000000000       1.660227923200000E+047
   24.6500000000000       1.578402425600000E+047
   24.7000000000000       1.500575014400000E+047
   24.7500000000000       1.426565324800000E+047
   24.8000000000000       1.356192992000000E+047
   24.8500000000000       1.289277651200000E+047
   24.9000000000000       1.225608876800000E+047
   24.9500000000000       1.165126547200000E+047
   25.0000000000000       1.107560115200000E+047
