  0.000000000000000E+000  0.000000000000000E+000
  5.000000000000000E-002  4.422679316424728E+045
  0.100000000000000       7.679711493875763E+046
  0.150000000000000       8.871164058590195E+047
  0.200000000000000       5.098724407260615E+048
  0.250000000000000       1.718876463766542E+049
  0.300000000000000       3.996171278471815E+049
  0.350000000000000       7.132879191532573E+049
  0.400000000000000       1.059242795384998E+050
  0.450000000000000       1.432866433672948E+050
  0.500000000000000       1.822181293278471E+050
  0.550000000000000       2.217284597360856E+050
  0.600000000000000       2.607500110117958E+050
  0.650000000000000       2.965526603712946E+050
  0.700000000000000       3.279827097264324E+050
  0.750000000000000       3.543264630294290E+050
  0.800000000000000       3.752089908699186E+050
  0.850000000000000       3.912452701810643E+050
  0.900000000000000       4.018442710560624E+050
  0.950000000000000       4.078521995700963E+050
   1.00000000000000       4.092689973887696E+050
   1.05000000000000       4.081204150002557E+050
   1.10000000000000       4.031328297402680E+050
   1.15000000000000       3.962625784176091E+050
   1.20000000000000       3.870324134432646E+050
   1.25000000000000       3.763211574834067E+050
   1.30000000000000       3.644546291858555E+050
   1.35000000000000       3.516349931981693E+050
   1.40000000000000       3.380734142035308E+050
   1.45000000000000       3.241065411163798E+050
   1.50000000000000       3.098050280238064E+050
   1.55000000000000       2.955145180384666E+050
   1.60000000000000       2.813451058473855E+050
   1.65000000000000       2.674148019049312E+050
   1.70000000000000       2.537078422819621E+050
   1.75000000000000       2.403071961753667E+050
   1.80000000000000       2.272089382174195E+050
   1.85000000000000       2.144705169821920E+050
   1.90000000000000       2.023312513156731E+050
   1.95000000000000       1.905859989352491E+050
   2.00000000000000       1.794226301518716E+050
   2.05000000000000       1.688015292566000E+050
   2.10000000000000       1.584615098644338E+050
   2.15000000000000       1.487424650635411E+050
   2.20000000000000       1.392253190110084E+050
   2.25000000000000       1.304389264944495E+050
   2.30000000000000       1.221361850763603E+050
   2.35000000000000       1.142371533032667E+050
   2.40000000000000       1.067911259352214E+050
   2.45000000000000       9.969547627167690E+049
   2.50000000000000       9.297626201549072E+049
   2.55000000000000       8.673554601988194E+049
   2.60000000000000       8.086746487499640E+049
   2.65000000000000       7.530945537356064E+049
   2.70000000000000       7.008078502973174E+049
   2.75000000000000       6.502760163466153E+049
   2.80000000000000       6.039613847279563E+049
   2.85000000000000       5.600312621916003E+049
   2.90000000000000       5.191386114697663E+049
   2.95000000000000       4.812305891653542E+049
   3.00000000000000       4.449553752112943E+049
   3.05000000000000       4.117186825610344E+049
   3.10000000000000       3.805890454084467E+049
   3.15000000000000       3.517151667673769E+049
   3.20000000000000       3.246165445564698E+049
   3.25000000000000       2.991600253070797E+049
   3.30000000000000       2.749011511912618E+049
   3.35000000000000       2.529065631062428E+049
   3.40000000000000       2.322327309926913E+049
   3.45000000000000       2.135171639673973E+049
   3.50000000000000       1.962028956414123E+049
   3.55000000000000       1.801065117300028E+049
   3.60000000000000       1.652896315999831E+049
   3.65000000000000       1.514089238489459E+049
   3.70000000000000       1.386518952154161E+049
   3.75000000000000       1.267570125382050E+049
   3.80000000000000       1.157230492222514E+049
   3.85000000000000       1.054356956861352E+049
   3.90000000000000       9.645659244983164E+048
   3.95000000000000       8.797557078375096E+048
   4.00000000000000       8.046310081523520E+048
   4.05000000000000       7.351760708915063E+048
   4.10000000000000       6.695118507409977E+048
   4.15000000000000       6.078332187107015E+048
   4.20000000000000       5.523804994175224E+048
   4.25000000000000       5.018424541110333E+048
   4.30000000000000       4.557870423130214E+048
   4.35000000000000       4.148758304533428E+048
   4.40000000000000       3.779387826679278E+048
   4.45000000000000       3.440924205870136E+048
   4.50000000000000       3.117681358644839E+048
   4.55000000000000       2.825088597846549E+048
   4.60000000000000       2.554565021578264E+048
   4.65000000000000       2.307617861272757E+048
   4.70000000000000       2.091885662747563E+048
   4.75000000000000       1.895349275186818E+048
   4.80000000000000       1.726160798833766E+048
   4.85000000000000       1.565089045821302E+048
   4.90000000000000       1.413282092917564E+048
   4.95000000000000       1.275142175220469E+048
   5.00000000000000       1.147871244261064E+048
   5.05000000000000       1.038175378743586E+048
   5.10000000000000       9.351146270036389E+047
   5.15000000000000       8.478330636855739E+047
   5.20000000000000       7.694533474014100E+047
   5.25000000000000       6.938021807004833E+047
   5.30000000000000       6.263154209852723E+047
   5.35000000000000       5.627712055364112E+047
   5.40000000000000       5.062216268915601E+047
   5.45000000000000       4.564425358100861E+047
   5.50000000000000       4.105448164830016E+047
   5.55000000000000       3.715722958387681E+047
   5.60000000000000       3.355190255061752E+047
   5.65000000000000       3.027030524432116E+047
   5.70000000000000       2.718829188622712E+047
   5.75000000000000       2.441882418731904E+047
   5.80000000000000       2.194260909769354E+047
   5.85000000000000       1.971186204697996E+047
   5.90000000000000       1.774565319942725E+047
   5.95000000000000       1.598588494793334E+047
   6.00000000000000       1.441559685385601E+047
   6.05000000000000       1.295267856348279E+047
   6.10000000000000       1.163653843345319E+047
   6.15000000000000       1.043624102688391E+047
   6.20000000000000       9.358829838855791E+046
   6.25000000000000       8.407825528291683E+046
   6.30000000000000       7.541266680271175E+046
   6.35000000000000       6.773053583773079E+046
   6.40000000000000       6.100616629315728E+046
   6.45000000000000       5.483678993874422E+046
   6.50000000000000       4.923117946497573E+046
   6.55000000000000       4.400285106815851E+046
   6.60000000000000       3.951265920645709E+046
   6.65000000000000       3.536964467208874E+046
   6.70000000000000       3.168737668204324E+046
   6.75000000000000       2.843175333321146E+046
   6.80000000000000       2.556986082705813E+046
   6.85000000000000       2.299553727286478E+046
   6.90000000000000       2.056832095728671E+046
   6.95000000000000       1.836511943900572E+046
   7.00000000000000       1.652403631670323E+046
   7.05000000000000       1.473227984748690E+046
   7.10000000000000       1.312176924726460E+046
   7.15000000000000       1.179232378508679E+046
   7.20000000000000       1.062354966676048E+046
   7.25000000000000       9.523396370653401E+045
   7.30000000000000       8.490584134856570E+045
   7.35000000000000       7.617001337208447E+045
   7.40000000000000       6.786326425988254E+045
   7.45000000000000       6.026796413813699E+045
   7.50000000000000       5.375071307445640E+045
   7.55000000000000       4.839957095465943E+045
   7.60000000000000       4.339109706369400E+045
   7.65000000000000       3.857335511146312E+045
   7.70000000000000       3.439359005497953E+045
   7.75000000000000       3.072890075361865E+045
   7.80000000000000       2.741383856894046E+045
   7.85000000000000       2.406973570270070E+045
   7.90000000000000       2.136893056596395E+045
   7.95000000000000       1.923236378768491E+045
   8.00000000000000       1.703919284536624E+045
   8.05000000000000       1.477262524714300E+045
   8.10000000000000       1.323118580343608E+045
   8.15000000000000       1.189574349247212E+045
   8.20000000000000       1.046242350263737E+045
   8.25000000000000       8.715123027750722E+044
   8.30000000000000       7.799013091169360E+044
   8.35000000000000       7.014447650985840E+044
   8.40000000000000       5.571818907647885E+044
   8.45000000000000       4.995029180992200E+044
   8.50000000000000       4.479666187528793E+044
   8.55000000000000       4.021333397500126E+044
   8.60000000000000       3.562762919632447E+044
   8.65000000000000       3.172832644940205E+044
   8.70000000000000       2.837538225202636E+044
   8.75000000000000       2.556604694385589E+044
   8.80000000000000       2.296961848300541E+044
   8.85000000000000       2.056068083252004E+044
   8.90000000000000       1.847885613415683E+044
   8.95000000000000       1.652145495356447E+044
   9.00000000000000       1.368446360286656E+044
   9.05000000000000       1.139936316776358E+044
   9.10000000000000       1.018266851079825E+044
   9.15000000000000       8.422225727355766E+043
   9.20000000000000       6.923609895599340E+043
   9.25000000000000       5.673709032065053E+043
   9.30000000000000       2.773927347872505E+043
   9.35000000000000       2.457076374225690E+043
   9.40000000000000       1.089944408200252E+043
   9.45000000000000       9.459758552076033E+042
   9.50000000000000       2.004013603554962E+042
   9.55000000000000       4.160409733590606E+041
   9.60000000000000       3.776426228502854E+041
   9.65000000000000       3.418892638391080E+041
   9.70000000000000       3.085043034279087E+041
   9.75000000000000       2.772472147845428E+041
   9.80000000000000       2.479015104344937E+041
   9.85000000000000       2.202687264520354E+041
   9.90000000000000       1.941714226582155E+041
   9.95000000000000       1.023299692800000E+041
   10.0000000000000       9.164034880000001E+040
   10.0500000000000       8.205997184000000E+040
   10.1000000000000       7.347761344000000E+040
   10.1500000000000       6.578505471999999E+040
   10.2000000000000       5.889511936000000E+040
   10.2500000000000       5.272063103999999E+040
   10.3000000000000       4.718944384000000E+040
   10.3500000000000       4.223843008000000E+040
   10.4000000000000       3.780145600000000E+040
   10.4500000000000       3.383042431999999E+040
   10.5000000000000       3.027122560000000E+040
   10.5500000000000       2.708598323199999E+040
   10.6000000000000       2.423411513600000E+040
   10.6500000000000       2.168075078400000E+040
   10.7000000000000       1.939522816000000E+040
   10.7500000000000       1.734929011200000E+040
   10.8000000000000       1.551798617600000E+040
   10.8500000000000       1.387907136000000E+040
   10.9000000000000       1.241240492800000E+040
   10.9500000000000       1.109995040000000E+040
   11.0000000000000       9.925775552000000E+039
   11.0500000000000       8.875150592000000E+039
   11.1000000000000       7.935149376000000E+039
   11.1500000000000       7.094048191999999E+039
   11.2000000000000       6.341926975999999E+039
   11.2500000000000       5.669166272000000E+039
   11.3000000000000       5.067349056000000E+039
   11.3500000000000       4.528960127999999E+039
   11.4000000000000       4.047686720000000E+039
   11.4500000000000       3.617516672000000E+039
   11.5000000000000       3.232738432000000E+039
   11.5500000000000       2.888572332800000E+039
   11.6000000000000       2.580960166400000E+039
   11.6500000000000       2.305994028800000E+039
   11.7000000000000       2.060186867200000E+039
   11.7500000000000       1.840472480000000E+039
   11.8000000000000       1.644085273600000E+039
   11.8500000000000       1.468590323200000E+039
   11.9000000000000       1.311733068800000E+039
   11.9500000000000       1.171559558400000E+039
   12.0000000000000       1.046296204800000E+039
   12.0500000000000       9.343798464000000E+038
   12.1000000000000       8.343976256000000E+038
   12.1500000000000       7.450869888000000E+038
   12.2000000000000       6.652755648000000E+038
   12.2500000000000       5.939713472000000E+038
   12.3000000000000       5.303025727999999E+038
   12.3500000000000       4.734275392000000E+038
   12.4000000000000       4.226247872000000E+038
   12.4500000000000       3.772630400000000E+038
   12.5000000000000       3.367410816000000E+038
   12.5500000000000       3.005599027200000E+038
   12.6000000000000       2.682505548800000E+038
   12.6500000000000       2.394042112000000E+038
   12.7000000000000       2.136481177600000E+038
   12.7500000000000       1.906546118400000E+038
   12.8000000000000       1.701260915200000E+038
   12.8500000000000       1.518010278400000E+038
   12.9000000000000       1.354419404800000E+038
   12.9500000000000       1.208414099200000E+038
   13.0000000000000       1.078100531200000E+038
   13.0500000000000       9.617652352000001E+037
   13.1000000000000       8.579652928000000E+037
   13.1500000000000       7.653179072000000E+037
   13.2000000000000       6.826507072000000E+037
   13.2500000000000       6.088815040000000E+037
   13.3000000000000       5.430483519999999E+037
   13.3500000000000       4.843396096000000E+037
   13.4000000000000       4.319436352000000E+037
   13.4500000000000       3.851990912000000E+037
   13.5000000000000       3.434747008000000E+037
   13.5500000000000       3.062894911999999E+037
   13.6000000000000       2.731023680000000E+037
   13.6500000000000       2.435014982400000E+037
   13.7000000000000       2.170990976000000E+037
   13.7500000000000       1.935524729600000E+037
   13.8000000000000       1.725519980800000E+037
   13.8500000000000       1.538241196800000E+037
   13.9000000000000       1.371223392000000E+037
   13.9500000000000       1.222272128000000E+037
   14.0000000000000       1.089463513600000E+037
   14.0500000000000       9.710540223999999E+036
   14.1000000000000       8.654804927999999E+036
   14.1500000000000       7.713601280000000E+036
   14.2000000000000       6.874303744000000E+036
   14.2500000000000       6.126090432000000E+036
   14.3000000000000       5.459041280000000E+036
   14.3500000000000       4.864739264000000E+036
   14.4000000000000       4.334767360000000E+036
   14.4500000000000       3.862211584000000E+036
   14.5000000000000       3.441360384000000E+036
   14.5500000000000       3.065900992000000E+036
   14.6000000000000       2.731534713600000E+036
   14.6500000000000       2.433481881600000E+036
   14.7000000000000       2.167864652800000E+036
   14.7500000000000       1.931165913600000E+036
   14.8000000000000       1.720259340800000E+036
   14.8500000000000       1.532319219200000E+036
   14.9000000000000       1.364850502400000E+036
   14.9500000000000       1.215658752000000E+036
   15.0000000000000       1.082729894400000E+036
   15.0500000000000       9.642903424000000E+035
   15.1000000000000       8.588069952000000E+035
   15.1500000000000       7.648068736000000E+035
   15.2000000000000       6.810875455999999E+035
   15.2500000000000       6.065067007999999E+035
   15.3000000000000       5.400723328000000E+035
   15.3500000000000       4.808826176000000E+035
   15.4000000000000       4.281860352000000E+035
   15.4500000000000       3.812310656000000E+035
   15.5000000000000       3.394164928000000E+035
   15.5500000000000       3.022012224000000E+035
   15.6000000000000       2.690381478400000E+035
   15.6500000000000       2.395124300800000E+035
   15.7000000000000       2.132182483200000E+035
   15.7500000000000       1.898038912000000E+035
   15.8000000000000       1.689567264000000E+035
   15.8500000000000       1.503941824000000E+035
   15.9000000000000       1.338637484800000E+035
   15.9500000000000       1.191489868800000E+035
   16.0000000000000       1.060484902400000E+035
   16.0500000000000       9.438489984000000E+034
   16.1000000000000       8.400189951999999E+034
   16.1500000000000       7.475820352000000E+034
   16.2000000000000       6.653056256000000E+034
   16.2500000000000       5.920474559999999E+034
   16.3000000000000       5.268455808000000E+034
   16.3500000000000       4.688282368000000E+034
   16.4000000000000       4.171537216000000E+034
   16.4500000000000       3.711907584000000E+034
   16.5000000000000       3.302780096000000E+034
   16.5500000000000       2.938593504000000E+034
   16.6000000000000       2.614538079999999E+034
   16.6500000000000       2.326104704000000E+034
   16.7000000000000       2.069475654400000E+034
   16.7500000000000       1.841073696000000E+034
   16.8000000000000       1.637832627200000E+034
   16.8500000000000       1.456986854400000E+034
   16.9000000000000       1.296101452800000E+034
   16.9500000000000       1.152921862400000E+034
   17.0000000000000       1.025524192000000E+034
   17.0500000000000       9.121949759999999E+033
   17.1000000000000       8.113710528000000E+033
   17.1500000000000       7.216696256000000E+033
   17.2000000000000       6.418582016000000E+033
   17.2500000000000       5.708545920000000E+033
   17.3000000000000       5.076968512000000E+033
   17.3500000000000       4.515132160000000E+033
   17.4000000000000       4.015221056000000E+033
   17.4500000000000       3.570922432000000E+033
   17.5000000000000       3.175322304000000E+033
   17.5500000000000       2.823701126400000E+033
   17.6000000000000       2.510888441600000E+033
   17.6500000000000       2.232675737600000E+033
   17.7000000000000       1.985245292800000E+033
   17.7500000000000       1.765170176000000E+033
   17.8000000000000       1.569474368000000E+033
   17.8500000000000       1.395422336000000E+033
   17.9000000000000       1.240639276800000E+033
   17.9500000000000       1.102990873600000E+033
   18.0000000000000       9.806133567999999E+032
   18.0500000000000       8.717632000000000E+032
   18.1000000000000       7.749974848000000E+032
   18.1500000000000       6.889634751999999E+032
   18.2000000000000       6.124286783999999E+032
   18.2500000000000       5.444311488000000E+032
   18.3000000000000       4.839488191999999E+032
   18.3500000000000       4.301700480000000E+032
   18.4000000000000       3.823433152000000E+032
   18.4500000000000       3.398373440000000E+032
   18.5000000000000       3.020809792000000E+032
   18.5500000000000       2.684760108800000E+032
   18.6000000000000       2.386166182400000E+032
   18.6500000000000       2.120699257600000E+032
   18.7000000000000       1.884752038400000E+032
   18.7500000000000       1.675017836800000E+032
   18.8000000000000       1.488580755200000E+032
   18.8500000000000       1.322855564800000E+032
   18.9000000000000       1.175557644800000E+032
   18.9500000000000       1.044642860800000E+032
   19.0000000000000       9.282775040000000E+031
   19.0500000000000       8.248683519999999E+031
   19.1000000000000       7.329424256000000E+031
   19.1500000000000       6.512672320000000E+031
   19.2000000000000       5.786704000000000E+031
   19.2500000000000       5.141599231999999E+031
   19.3000000000000       4.568339776000000E+031
   19.3500000000000       4.058809216000000E+031
   19.4000000000000       3.606093568000000E+031
   19.4500000000000       3.203880064000000E+031
   19.5000000000000       2.846306848000000E+031
   19.5500000000000       2.528684435200000E+031
   19.6000000000000       2.246413523200000E+031
   19.6500000000000       1.995646329600000E+031
   19.7000000000000       1.772805619200000E+031
   19.7500000000000       1.574825190400000E+031
   19.8000000000000       1.398939449600000E+031
   19.8500000000000       1.242653350400000E+031
   19.9000000000000       1.103832576000000E+031
   19.9500000000000       9.804630527999999E+030
   20.0000000000000       8.708914368000000E+030
   20.0500000000000       7.735245056000000E+030
   20.1000000000000       6.870395840000001E+030
   20.1500000000000       6.102342400000001E+030
   20.2000000000000       5.419962240000000E+030
   20.2500000000000       4.813635904000000E+030
   20.3000000000000       4.274946367999999E+030
   20.3500000000000       3.796679040000000E+030
   20.4000000000000       3.371919936000000E+030
   20.4500000000000       2.994476531200000E+030
   20.5000000000000       2.659268550400000E+030
   20.5500000000000       2.361546387200000E+030
   20.6000000000000       2.097101529600000E+030
   20.6500000000000       1.862236499200000E+030
   20.7000000000000       1.653644608000000E+030
   20.7500000000000       1.468409958400000E+030
   20.8000000000000       1.303887200000000E+030
   20.8500000000000       1.157761651200000E+030
   20.9000000000000       1.028019238400000E+030
   20.9500000000000       9.127961920000000E+029
   21.0000000000000       8.104391679999999E+029
   21.0500000000000       7.195954303999999E+029
   21.1000000000000       6.388821824000000E+029
   21.1500000000000       5.672172351999999E+029
   21.2000000000000       5.036085823999999E+029
   21.2500000000000       4.470942784000000E+029
   21.3000000000000       3.969228031999999E+029
   21.3500000000000       3.524027584000000E+029
   21.4000000000000       3.128427456000000E+029
   21.4500000000000       2.777257190400000E+029
   21.5000000000000       2.465466572800000E+029
   21.5500000000000       2.188636665600000E+029
   21.6000000000000       1.942859564800000E+029
   21.6500000000000       1.724648217600000E+029
   21.7000000000000       1.530906361600000E+029
   21.7500000000000       1.358928524800000E+029
   21.8000000000000       1.206249721600000E+029
   21.8500000000000       1.070705574400000E+029
   21.9000000000000       9.503721919999999E+028
   21.9500000000000       8.435361088000000E+028
   22.0000000000000       7.486942848000000E+028
   22.0500000000000       6.645240448000000E+028
   22.1000000000000       5.897928959999999E+028
   22.1500000000000       5.234787712000000E+028
   22.2000000000000       4.645896640000000E+028
   22.2500000000000       4.123439935999999E+028
   22.3000000000000       3.659301184000000E+028
   22.3500000000000       3.247768832000000E+028
   22.4000000000000       2.882169382400000E+028
   22.4500000000000       2.557783289600000E+028
   22.5000000000000       2.269860947200000E+028
   22.5500000000000       2.014344147200000E+028
   22.6000000000000       1.787535411200000E+028
   22.6500000000000       1.586248294400000E+028
   22.7000000000000       1.407627020800000E+028
   22.7500000000000       1.249056300800000E+028
   22.8000000000000       1.108371756800000E+028
   22.8500000000000       9.834991935999999E+027
   22.9000000000000       8.726950848000000E+027
   22.9500000000000       7.743361472000000E+027
   23.0000000000000       6.870696448000000E+027
   23.0500000000000       6.096330240000000E+027
   23.1000000000000       5.409140352000000E+027
   23.1500000000000       4.799206720000000E+027
   23.2000000000000       4.258112319999999E+027
   23.2500000000000       3.778041344000000E+027
   23.3000000000000       3.351779200000000E+027
   23.3500000000000       2.973794700800000E+027
   23.4000000000000       2.638316172800000E+027
   23.4500000000000       2.340654131200000E+027
   23.5000000000000       2.076570003200000E+027
   23.5500000000000       1.842216006400000E+027
   23.6000000000000       1.634315513600000E+027
   23.6500000000000       1.449862444800000E+027
   23.7000000000000       1.286181388800000E+027
   23.7500000000000       1.140987724800000E+027
   23.8000000000000       1.012147136000000E+027
   23.8500000000000       8.978559744000000E+026
   23.9000000000000       7.964608960000000E+026
   23.9500000000000       7.064889215999999E+026
   24.0000000000000       6.267075584000000E+026
   24.0500000000000       5.558843136000000E+026
   24.1000000000000       4.930873024000000E+026
   24.1500000000000       4.373846400000000E+026
   24.2000000000000       3.879346240000000E+026
   24.2500000000000       3.441059776000000E+026
   24.3000000000000       3.052073024000000E+026
   24.3500000000000       2.707005100800000E+026
   24.4000000000000       2.400956096000000E+026
   24.4500000000000       2.129507072000000E+026
   24.5000000000000       1.888690003200000E+026
   24.5500000000000       1.675108019200000E+026
   24.6000000000000       1.485634796800000E+026
   24.6500000000000       1.317594924800000E+026
   24.7000000000000       1.168523417600000E+026
   24.7500000000000       1.036316019200000E+026
   24.8000000000000       9.190488383999999E+025
   24.8500000000000       8.150685312000000E+025
   24.9000000000000       7.228119360000000E+025
   24.9500000000000       6.410164992000000E+025
   25.0000000000000       5.684497279999999E+025
