  0.000000000000000E+000  0.000000000000000E+000
  5.000000000000000E-002  2.017687120018270E+044
  0.100000000000000       1.892271753540388E+046
  0.150000000000000       3.712365330389847E+047
  0.200000000000000       2.725432951788207E+048
  0.250000000000000       1.175357927774841E+049
  0.300000000000000       2.627360094125724E+049
  0.350000000000000       4.233760174576006E+049
  0.400000000000000       6.059620556935737E+049
  0.450000000000000       8.192173418938430E+049
  0.500000000000000       1.050647297351681E+050
  0.550000000000000       1.271174902849480E+050
  0.600000000000000       1.467362269213420E+050
  0.650000000000000       1.629543905918682E+050
  0.700000000000000       1.756509631798340E+050
  0.750000000000000       1.847405475928369E+050
  0.800000000000000       1.899323038508110E+050
  0.850000000000000       1.918386462977152E+050
  0.900000000000000       1.912618595599431E+050
  0.950000000000000       1.887203914894079E+050
   1.00000000000000       1.835601639614883E+050
   1.05000000000000       1.781526832269501E+050
   1.10000000000000       1.721784375160475E+050
   1.15000000000000       1.654868494507549E+050
   1.20000000000000       1.581482628472159E+050
   1.25000000000000       1.506419020837314E+050
   1.30000000000000       1.430901964111530E+050
   1.35000000000000       1.356393508488458E+050
   1.40000000000000       1.282790530007639E+050
   1.45000000000000       1.210001752547978E+050
   1.50000000000000       1.139510301358824E+050
   1.55000000000000       1.071677514143863E+050
   1.60000000000000       1.007820817086679E+050
   1.65000000000000       9.462440984896964E+049
   1.70000000000000       8.873442100764214E+049
   1.75000000000000       8.308340206000511E+049
   1.80000000000000       7.775136088858120E+049
   1.85000000000000       7.275883453055013E+049
   1.90000000000000       6.795497170808165E+049
   1.95000000000000       6.343595876407132E+049
   2.00000000000000       5.911425152502456E+049
   2.05000000000000       5.510772942023691E+049
   2.10000000000000       5.135157828573429E+049
   2.15000000000000       4.777406185852555E+049
   2.20000000000000       4.438748883075688E+049
   2.25000000000000       4.114580171679883E+049
   2.30000000000000       3.811006321615343E+049
   2.35000000000000       3.522346733804336E+049
   2.40000000000000       3.248889214853531E+049
   2.45000000000000       2.999369931550440E+049
   2.50000000000000       2.763497479279363E+049
   2.55000000000000       2.539343420629038E+049
   2.60000000000000       2.332644598506466E+049
   2.65000000000000       2.134763185529775E+049
   2.70000000000000       1.954583386248429E+049
   2.75000000000000       1.786513783963056E+049
   2.80000000000000       1.625828334144979E+049
   2.85000000000000       1.481533394441045E+049
   2.90000000000000       1.347945562084847E+049
   2.95000000000000       1.228587685526453E+049
   3.00000000000000       1.115230995760366E+049
   3.05000000000000       1.009807779563696E+049
   3.10000000000000       9.104008042069244E+048
   3.15000000000000       8.206223417382211E+048
   3.20000000000000       7.395497478074107E+048
   3.25000000000000       6.695537758250985E+048
   3.30000000000000       6.032530386574056E+048
   3.35000000000000       5.436104478601674E+048
   3.40000000000000       4.869712846495463E+048
   3.45000000000000       4.357687881939137E+048
   3.50000000000000       3.900473907674351E+048
   3.55000000000000       3.504199994626004E+048
   3.60000000000000       3.132661764500659E+048
   3.65000000000000       2.814645743133841E+048
   3.70000000000000       2.509943296567238E+048
   3.75000000000000       2.235882726692936E+048
   3.80000000000000       1.988789438342372E+048
   3.85000000000000       1.774197571932209E+048
   3.90000000000000       1.574450214061124E+048
   3.95000000000000       1.409302650673553E+048
   4.00000000000000       1.255427227772995E+048
   4.05000000000000       1.114793245750126E+048
   4.10000000000000       9.884522883458003E+047
   4.15000000000000       8.736836990722274E+047
   4.20000000000000       7.733885732601083E+047
   4.25000000000000       6.875104962205813E+047
   4.30000000000000       6.118011274346929E+047
   4.35000000000000       5.425425412141605E+047
   4.40000000000000       4.800426854819264E+047
   4.45000000000000       4.224535425443644E+047
   4.50000000000000       3.720113080616858E+047
   4.55000000000000       3.290780692589316E+047
   4.60000000000000       2.918718586935674E+047
   4.65000000000000       2.585605790640561E+047
   4.70000000000000       2.284962964948774E+047
   4.75000000000000       2.004166223144426E+047
   4.80000000000000       1.758319300122313E+047
   4.85000000000000       1.558285526282193E+047
   4.90000000000000       1.371617309518158E+047
   4.95000000000000       1.210175511715929E+047
   5.00000000000000       1.068892690801233E+047
   5.05000000000000       9.381671066501204E+046
   5.10000000000000       8.199117023427652E+046
   5.15000000000000       7.264098634089281E+046
   5.20000000000000       6.355016430687371E+046
   5.25000000000000       5.585740724375956E+046
   5.30000000000000       4.934854119862903E+046
   5.35000000000000       4.343958103117986E+046
   5.40000000000000       3.794673223955267E+046
   5.45000000000000       3.344656046739303E+046
   5.50000000000000       2.932019383217698E+046
   5.55000000000000       2.556247190531110E+046
   5.60000000000000       2.256437320271686E+046
   5.65000000000000       1.986767545631243E+046
   5.70000000000000       1.735154693246888E+046
   5.75000000000000       1.521232764459793E+046
   5.80000000000000       1.335648603586706E+046
   5.85000000000000       1.158188752869030E+046
   5.90000000000000       1.020175305022600E+046
   5.95000000000000       8.977923259432438E+045
   6.00000000000000       7.843870730344713E+045
   6.05000000000000       6.868074125661088E+045
   6.10000000000000       6.018667499939967E+045
   6.15000000000000       5.239816008935989E+045
   6.20000000000000       4.580514741794839E+045
   6.25000000000000       4.012302647597614E+045
   6.30000000000000       3.517728679541678E+045
   6.35000000000000       3.081686751149760E+045
   6.40000000000000       2.664608927133976E+045
   6.45000000000000       2.332794773137586E+045
   6.50000000000000       2.020959611659346E+045
   6.55000000000000       1.765483960640938E+045
   6.60000000000000       1.550903915131308E+045
   6.65000000000000       1.360530449701300E+045
   6.70000000000000       1.175883822889589E+045
   6.75000000000000       1.034184754026154E+045
   6.80000000000000       8.881675229755702E+044
   6.85000000000000       7.721737577360704E+044
   6.90000000000000       6.638811030343097E+044
   6.95000000000000       5.829587810760148E+044
   7.00000000000000       4.863130518461308E+044
   7.05000000000000       4.268238465916957E+044
   7.10000000000000       3.716438695808911E+044
   7.15000000000000       3.210162076808316E+044
   7.20000000000000       2.505867708830434E+044
   7.25000000000000       2.200963925650608E+044
   7.30000000000000       1.929813699430677E+044
   7.35000000000000       1.689081524060363E+044
   7.40000000000000       1.371861196558974E+044
   7.45000000000000       1.186083313285593E+044
   7.50000000000000       8.881230551279287E+043
   7.55000000000000       7.766748464512227E+043
   7.60000000000000       5.739568221384768E+043
   7.65000000000000       2.224847981015992E+043
   7.70000000000000       1.956337143366538E+043
   7.75000000000000       1.687658757097257E+043
   7.80000000000000       1.434571333049006E+043
   7.85000000000000       1.241532030900649E+043
   7.90000000000000       1.105838693317696E+043
   7.95000000000000       9.924162557779160E+042
   8.00000000000000       8.789526806827542E+042
   8.05000000000000       7.654264972431137E+042
   8.10000000000000       6.518015805905660E+042
   8.15000000000000       1.627141179642956E+042
   8.20000000000000       1.241162883071707E+041
   8.25000000000000       1.580400000000000E+039
   8.30000000000000       1.383300000000000E+039
   8.35000000000000       1.210600000000000E+039
   8.40000000000000       1.059400000000000E+039
   8.45000000000000       9.269000000000000E+038
   8.50000000000000       8.109099999999999E+038
   8.55000000000000       7.093600000000000E+038
   8.60000000000000       6.204500000000000E+038
   8.65000000000000       5.426300000000000E+038
   8.70000000000000       4.745100000000000E+038
   8.75000000000000       4.149100000000000E+038
   8.80000000000000       3.627500000000000E+038
   8.85000000000000       3.171100000000000E+038
   8.90000000000000       2.771900000000000E+038
   8.95000000000000       2.422600000000000E+038
   9.00000000000000       2.117200000000000E+038
   9.05000000000000       1.850100000000000E+038
   9.10000000000000       1.616500000000000E+038
   9.15000000000000       1.412200000000000E+038
   9.20000000000000       1.233700000000000E+038
   9.25000000000000       1.077600000000000E+038
   9.30000000000000       9.411899999999999E+037
   9.35000000000000       8.219600000000000E+037
   9.40000000000000       7.177600000000000E+037
   9.45000000000000       6.267200000000000E+037
   9.50000000000000       5.471700000000000E+037
   9.55000000000000       4.776800000000000E+037
   9.60000000000000       4.169700000000000E+037
   9.65000000000000       3.639500000000000E+037
   9.70000000000000       3.176400000000000E+037
   9.75000000000000       2.772000000000000E+037
   9.80000000000000       2.418800000000000E+037
   9.85000000000000       2.110500000000000E+037
   9.90000000000000       1.841300000000000E+037
   9.95000000000000       1.606400000000000E+037
   10.0000000000000       1.401200000000000E+037
   10.0500000000000       1.222200000000000E+037
   10.1000000000000       1.066000000000000E+037
   10.1500000000000       9.296400000000000E+036
   10.2000000000000       8.106700000000001E+036
   10.2500000000000       7.068700000000000E+036
   10.3000000000000       6.163100000000000E+036
   10.3500000000000       5.373200000000000E+036
   10.4000000000000       4.684100000000000E+036
   10.4500000000000       4.083100000000000E+036
   10.5000000000000       3.558900000000000E+036
   10.5500000000000       3.101800000000000E+036
   10.6000000000000       2.703200000000000E+036
   10.6500000000000       2.355600000000000E+036
   10.7000000000000       2.052600000000000E+036
   10.7500000000000       1.788400000000000E+036
   10.8000000000000       1.558200000000000E+036
   10.8500000000000       1.357400000000000E+036
   10.9000000000000       1.182500000000000E+036
   10.9500000000000       1.030000000000000E+036
   11.0000000000000       8.971300000000000E+035
   11.0500000000000       7.813500000000001E+035
   11.1000000000000       6.804600000000000E+035
   11.1500000000000       5.925500000000000E+035
   11.2000000000000       5.159700000000000E+035
   11.2500000000000       4.492600000000000E+035
   11.3000000000000       3.911500000000000E+035
   11.3500000000000       3.405300000000000E+035
   11.4000000000000       2.964400000000000E+035
   11.4500000000000       2.580500000000000E+035
   11.5000000000000       2.246100000000000E+035
   11.5500000000000       1.954900000000000E+035
   11.6000000000000       1.701400000000000E+035
   11.6500000000000       1.480700000000000E+035
   11.7000000000000       1.288500000000000E+035
   11.7500000000000       1.121200000000000E+035
   11.8000000000000       9.755700000000000E+034
   11.8500000000000       8.487900000000001E+034
   11.9000000000000       7.384500000000000E+034
   11.9500000000000       6.424200000000000E+034
   12.0000000000000       5.588400000000000E+034
   12.0500000000000       4.861100000000000E+034
   12.1000000000000       4.228200000000000E+034
   12.1500000000000       3.677500000000000E+034
   12.2000000000000       3.198300000000000E+034
   12.2500000000000       2.781400000000000E+034
   12.3000000000000       2.418800000000000E+034
   12.3500000000000       2.103300000000000E+034
   12.4000000000000       1.828800000000000E+034
   12.4500000000000       1.590100000000000E+034
   12.5000000000000       1.382500000000000E+034
   12.5500000000000       1.201900000000000E+034
   12.6000000000000       1.044800000000000E+034
   12.6500000000000       9.082500000000000E+033
   12.7000000000000       7.894800000000000E+033
   12.7500000000000       6.862200000000000E+033
   12.8000000000000       5.964199999999999E+033
   12.8500000000000       5.183600000000000E+033
   12.9000000000000       4.504800000000000E+033
   12.9500000000000       3.914800000000000E+033
   13.0000000000000       3.401900000000000E+033
   13.0500000000000       2.956000000000000E+033
   13.1000000000000       2.568400000000000E+033
   13.1500000000000       2.231600000000000E+033
   13.2000000000000       1.938800000000000E+033
   13.2500000000000       1.684400000000000E+033
   13.3000000000000       1.463300000000000E+033
   13.3500000000000       1.271100000000000E+033
   13.4000000000000       1.104200000000000E+033
   13.4500000000000       9.590800000000001E+032
   13.5000000000000       8.330299999999999E+032
   13.5500000000000       7.235100000000000E+032
   13.6000000000000       6.283600000000000E+032
   13.6500000000000       5.457000000000000E+032
   13.7000000000000       4.738900000000000E+032
   13.7500000000000       4.115100000000000E+032
   13.8000000000000       3.573300000000000E+032
   13.8500000000000       3.102700000000000E+032
   13.9000000000000       2.694000000000000E+032
   13.9500000000000       2.339000000000000E+032
   14.0000000000000       2.030700000000000E+032
   14.0500000000000       1.762900000000000E+032
   14.1000000000000       1.530400000000000E+032
   14.1500000000000       1.328500000000000E+032
   14.2000000000000       1.153200000000000E+032
   14.2500000000000       1.001000000000000E+032
   14.3000000000000       8.688300000000000E+031
   14.3500000000000       7.540900000000000E+031
   14.4000000000000       6.544800000000000E+031
   14.4500000000000       5.680000000000000E+031
   14.5000000000000       4.929300000000000E+031
   14.5500000000000       4.277600000000000E+031
   14.6000000000000       3.712000000000000E+031
   14.6500000000000       3.221000000000000E+031
   14.7000000000000       2.794900000000000E+031
   14.7500000000000       2.425000000000000E+031
   14.8000000000000       2.104000000000000E+031
   14.8500000000000       1.825500000000000E+031
   14.9000000000000       1.583700000000000E+031
   14.9500000000000       1.373900000000000E+031
   15.0000000000000       1.191900000000000E+031
   15.0500000000000       1.033900000000000E+031
   15.1000000000000       8.968700000000000E+030
   15.1500000000000       7.779500000000000E+030
   15.2000000000000       6.747800000000000E+030
   15.2500000000000       5.852700000000000E+030
   15.3000000000000       5.076100000000000E+030
   15.3500000000000       4.402400000000000E+030
   15.4000000000000       3.818100000000000E+030
   15.4500000000000       3.311100000000000E+030
   15.5000000000000       2.871400000000000E+030
   15.5500000000000       2.490000000000000E+030
   15.6000000000000       2.159100000000000E+030
   15.6500000000000       1.872200000000000E+030
   15.7000000000000       1.623400000000000E+030
   15.7500000000000       1.407500000000000E+030
   15.8000000000000       1.220400000000000E+030
   15.8500000000000       1.058000000000000E+030
   15.9000000000000       9.172900000000000E+029
   15.9500000000000       7.952300000000000E+029
   16.0000000000000       6.893900000000000E+029
   16.0500000000000       5.976200000000000E+029
   16.1000000000000       5.180500000000000E+029
   16.1500000000000       4.490600000000000E+029
   16.2000000000000       3.892400000000000E+029
   16.2500000000000       3.373800000000000E+029
   16.3000000000000       2.924300000000000E+029
   16.3500000000000       2.534500000000000E+029
   16.4000000000000       2.196600000000000E+029
   16.4500000000000       1.903700000000000E+029
   16.5000000000000       1.649900000000000E+029
   16.5500000000000       1.429800000000000E+029
   16.6000000000000       1.239000000000000E+029
   16.6500000000000       1.073700000000000E+029
   16.7000000000000       9.304000000000001E+028
   16.7500000000000       8.062000000000000E+028
   16.8000000000000       6.985600000000000E+028
   16.8500000000000       6.052700000000000E+028
   16.9000000000000       5.244300000000000E+028
   16.9500000000000       4.543700000000000E+028
   17.0000000000000       3.936600000000000E+028
   17.0500000000000       3.410500000000000E+028
   17.1000000000000       2.954700000000000E+028
   17.1500000000000       2.559700000000000E+028
   17.2000000000000       2.217400000000000E+028
   17.2500000000000       1.920900000000000E+028
   17.3000000000000       1.663900000000000E+028
   17.3500000000000       1.441300000000000E+028
   17.4000000000000       1.248500000000000E+028
   17.4500000000000       1.081400000000000E+028
   17.5000000000000       9.366300000000000E+027
   17.5500000000000       8.112400000000000E+027
   17.6000000000000       7.026100000000000E+027
   17.6500000000000       6.085200000000000E+027
   17.7000000000000       5.270100000000000E+027
   17.7500000000000       4.564100000000000E+027
   17.8000000000000       3.952500000000000E+027
   17.8500000000000       3.422800000000000E+027
   17.9000000000000       2.964100000000000E+027
   17.9500000000000       2.566700000000000E+027
   18.0000000000000       2.222600000000000E+027
   18.0500000000000       1.924500000000000E+027
   18.1000000000000       1.666400000000000E+027
   18.1500000000000       1.442900000000000E+027
   18.2000000000000       1.249300000000000E+027
   18.2500000000000       1.081600000000000E+027
   18.3000000000000       9.364800000000000E+026
   18.3500000000000       8.107800000000000E+026
   18.4000000000000       7.019300000000000E+026
   18.4500000000000       6.076800000000000E+026
   18.5000000000000       5.260800000000000E+026
   18.5500000000000       4.554200000000000E+026
   18.6000000000000       3.942400000000000E+026
   18.6500000000000       3.412700000000000E+026
   18.7000000000000       2.954200000000000E+026
   18.7500000000000       2.557100000000000E+026
   18.8000000000000       2.213400000000000E+026
   18.8500000000000       1.915900000000000E+026
   18.9000000000000       1.658300000000000E+026
   18.9500000000000       1.435300000000000E+026
   19.0000000000000       1.242200000000000E+026
   19.0500000000000       1.075200000000000E+026
   19.1000000000000       9.305100000000000E+025
   19.1500000000000       8.053100000000000E+025
   19.2000000000000       6.969400000000000E+025
   19.2500000000000       6.031400000000000E+025
   19.3000000000000       5.219500000000000E+025
   19.3500000000000       4.516900000000000E+025
   19.4000000000000       3.908700000000000E+025
   19.4500000000000       3.382300000000000E+025
   19.5000000000000       2.926800000000000E+025
   19.5500000000000       2.532600000000000E+025
   19.6000000000000       2.191400000000000E+025
   19.6500000000000       1.896100000000000E+025
   19.7000000000000       1.640600000000000E+025
   19.7500000000000       1.419500000000000E+025
   19.8000000000000       1.228200000000000E+025
   19.8500000000000       1.062600000000000E+025
   19.9000000000000       9.193200000000001E+024
   19.9500000000000       7.953600000000001E+024
   20.0000000000000       6.880900000000001E+024
   20.0500000000000       5.952800000000002E+024
   20.1000000000000       5.149800000000001E+024
   20.1500000000000       4.455000000000001E+024
   20.2000000000000       3.853900000000001E+024
   20.2500000000000       3.333800000000001E+024
   20.3000000000000       2.883900000000001E+024
   20.3500000000000       2.494600000000001E+024
   20.4000000000000       2.157800000000001E+024
   20.4500000000000       1.866500000000001E+024
   20.5000000000000       1.614500000000001E+024
   20.5500000000000       1.396400000000001E+024
   20.6000000000000       1.207800000000001E+024
   20.6500000000000       1.044700000000001E+024
   20.7000000000000       9.035200000000010E+023
   20.7500000000000       7.814400000000010E+023
   20.8000000000000       6.758500000000010E+023
   20.8500000000000       5.845100000000012E+023
   20.9000000000000       5.055000000000011E+023
   20.9500000000000       4.371700000000011E+023
   21.0000000000000       3.780700000000011E+023
   21.0500000000000       3.269500000000011E+023
   21.1000000000000       2.827300000000012E+023
   21.1500000000000       2.445000000000011E+023
   21.2000000000000       2.114300000000011E+023
   21.2500000000000       1.828300000000011E+023
   21.3000000000000       1.580900000000011E+023
   21.3500000000000       1.367000000000011E+023
   21.4000000000000       1.182000000000011E+023
   21.4500000000000       1.022100000000011E+023
   21.5000000000000       8.837200000000114E+022
   21.5500000000000       7.640900000000114E+022
   21.6000000000000       6.606500000000114E+022
   21.6500000000000       5.712000000000114E+022
   21.7000000000000       4.938500000000114E+022
   21.7500000000000       4.269700000000114E+022
   21.8000000000000       3.691400000000114E+022
   21.8500000000000       3.191400000000114E+022
   21.9000000000000       2.759100000000114E+022
   21.9500000000000       2.385300000000114E+022
   22.0000000000000       2.062100000000114E+022
   22.0500000000000       1.782600000000114E+022
   22.1000000000000       1.541000000000114E+022
   22.1500000000000       1.332200000000114E+022
   22.2000000000000       1.151600000000114E+022
   22.2500000000000       9.954700000001136E+021
   22.3000000000000       8.605000000001136E+021
   22.3500000000000       7.438200000001137E+021
   22.4000000000000       6.429500000001136E+021
   22.4500000000000       5.557500000001136E+021
   22.5000000000000       4.803700000001137E+021
   22.5500000000000       4.152000000001137E+021
   22.6000000000000       3.588800000001137E+021
   22.6500000000000       3.101800000001137E+021
   22.7000000000000       2.680900000001137E+021
   22.7500000000000       2.317100000001137E+021
   22.8000000000000       2.002600000001137E+021
   22.8500000000000       1.730800000001137E+021
   22.9000000000000       1.495900000001137E+021
   22.9500000000000       1.292800000001137E+021
   23.0000000000000       1.117300000001137E+021
   23.0500000000000       9.655500000011371E+020
   23.1000000000000       8.344300000011371E+020
   23.1500000000000       7.211100000011371E+020
   23.2000000000000       6.231600000011370E+020
   23.2500000000000       5.385100000011370E+020
   23.3000000000000       4.653600000011370E+020
   23.3500000000000       4.021300000011370E+020
   23.4000000000000       3.474900000011370E+020
   23.4500000000000       3.002700000011370E+020
   23.5000000000000       2.594600000011371E+020
   23.5500000000000       2.242000000011371E+020
   23.6000000000000       1.937300000011371E+020
   23.6500000000000       1.673900000011371E+020
   23.7000000000000       1.446300000011371E+020
   23.7500000000000       1.249700000011371E+020
   23.8000000000000       1.079800000011371E+020
   23.8500000000000       9.329300000113708E+019
   23.9000000000000       8.060500000113708E+019
   23.9500000000000       6.964200000113707E+019
   24.0000000000000       6.016900000113707E+019
   24.0500000000000       5.198400000113707E+019
   24.1000000000000       4.491200000113707E+019
   24.1500000000000       3.880100000113707E+019
   24.2000000000000       3.352100000113707E+019
   24.2500000000000       2.896000000113707E+019
   24.3000000000000       2.501800000113707E+019
   24.3500000000000       2.161300000113707E+019
   24.4000000000000       1.867100000113707E+019
   24.4500000000000       1.613000000113708E+019
   24.5000000000000       1.393400000113708E+019
   24.5500000000000       1.203700000113708E+019
   24.6000000000000       1.039800000113708E+019
   24.6500000000000       8.981700001137075E+018
   24.7000000000000       7.758500001137075E+018
   24.7500000000000       6.701800001137075E+018
   24.8000000000000       5.789000001137075E+018
   24.8500000000000       5.000400001137075E+018
   24.9000000000000       4.319200001137075E+018
   24.9500000000000       3.730700001137075E+018
   25.0000000000000       3.222400001137075E+018
