  0.000000000000000E+000  0.000000000000000E+000
  5.000000000000000E-002  1.031276169445045E+050
  0.100000000000000       4.048598909493104E+050
  0.150000000000000       9.059637395949825E+050
  0.200000000000000       1.628032841994029E+051
  0.250000000000000       2.591852184397972E+051
  0.300000000000000       3.799398341634292E+051
  0.350000000000000       5.213182686087968E+051
  0.400000000000000       6.812536055743560E+051
  0.450000000000000       8.556081383779464E+051
  0.500000000000000       1.040658991005166E+052
  0.550000000000000       1.232541473739703E+052
  0.600000000000000       1.427663765916868E+052
  0.650000000000000       1.624048723315982E+052
  0.700000000000000       1.819118149771920E+052
  0.750000000000000       2.010708626143186E+052
  0.800000000000000       2.196921107249996E+052
  0.850000000000000       2.376188147849982E+052
  0.900000000000000       2.546982342002407E+052
  0.950000000000000       2.707230732156014E+052
   1.00000000000000       2.857105314559986E+052
   1.05000000000000       2.996205184759446E+052
   1.10000000000000       3.123858457710407E+052
   1.15000000000000       3.239690958336025E+052
   1.20000000000000       3.342677613946203E+052
   1.25000000000000       3.433161679662311E+052
   1.30000000000000       3.511030750598311E+052
   1.35000000000000       3.576650690673850E+052
   1.40000000000000       3.630263592049527E+052
   1.45000000000000       3.672176185982779E+052
   1.50000000000000       3.703149506449205E+052
   1.55000000000000       3.723017262852919E+052
   1.60000000000000       3.732322230111665E+052
   1.65000000000000       3.731869690642022E+052
   1.70000000000000       3.722339798974862E+052
   1.75000000000000       3.703551634814885E+052
   1.80000000000000       3.676200532878532E+052
   1.85000000000000       3.640962391085818E+052
   1.90000000000000       3.598479522874012E+052
   1.95000000000000       3.548690903939569E+052
   2.00000000000000       3.492849168586590E+052
   2.05000000000000       3.431104563955185E+052
   2.10000000000000       3.364358637339703E+052
   2.15000000000000       3.293019573274064E+052
   2.20000000000000       3.217434440356072E+052
   2.25000000000000       3.138304044881391E+052
   2.30000000000000       3.055965804732095E+052
   2.35000000000000       2.971070281857536E+052
   2.40000000000000       2.884061572246434E+052
   2.45000000000000       2.795327427383566E+052
   2.50000000000000       2.705370931399803E+052
   2.55000000000000       2.614347885371870E+052
   2.60000000000000       2.522888399709806E+052
   2.65000000000000       2.431114574364585E+052
   2.70000000000000       2.339729232610106E+052
   2.75000000000000       2.248690816476094E+052
   2.80000000000000       2.158281799847498E+052
   2.85000000000000       2.068766996096592E+052
   2.90000000000000       1.980569208259256E+052
   2.95000000000000       1.893501322025604E+052
   3.00000000000000       1.808083927400770E+052
   3.05000000000000       1.724859060711861E+052
   3.10000000000000       1.643455142916359E+052
   3.15000000000000       1.564309378952284E+052
   3.20000000000000       1.487293074436774E+052
   3.25000000000000       1.412652082883701E+052
   3.30000000000000       1.340611699589189E+052
   3.35000000000000       1.270637926679880E+052
   3.40000000000000       1.202980136209857E+052
   3.45000000000000       1.138065740909220E+052
   3.50000000000000       1.075620789775478E+052
   3.55000000000000       1.015415344819472E+052
   3.60000000000000       9.578669411811792E+051
   3.65000000000000       9.026423599880098E+051
   3.70000000000000       8.500652718172373E+051
   3.75000000000000       7.996712478163299E+051
   3.80000000000000       7.515693684972462E+051
   3.85000000000000       7.057725843258941E+051
   3.90000000000000       6.624789829603504E+051
   3.95000000000000       6.212669096192361E+051
   4.00000000000000       5.822743410159453E+051
   4.05000000000000       5.454822667134578E+051
   4.10000000000000       5.106710203007226E+051
   4.15000000000000       4.777222344814901E+051
   4.20000000000000       4.467001508783997E+051
   4.25000000000000       4.172147801998225E+051
   4.30000000000000       3.894827281188956E+051
   4.35000000000000       3.634777772534622E+051
   4.40000000000000       3.390527836227418E+051
   4.45000000000000       3.161324818323254E+051
   4.50000000000000       2.946861527645343E+051
   4.55000000000000       2.746034913979157E+051
   4.60000000000000       2.557794934991477E+051
   4.65000000000000       2.382263151324733E+051
   4.70000000000000       2.217806446766623E+051
   4.75000000000000       2.064511539758035E+051
   4.80000000000000       1.919620966546365E+051
   4.85000000000000       1.784855989353522E+051
   4.90000000000000       1.633323464719653E+051
   4.95000000000000       1.523834095335387E+051
   5.00000000000000       1.420443652227008E+051
   5.05000000000000       1.322942977502278E+051
   5.10000000000000       1.232709020914301E+051
   5.15000000000000       1.148801994105455E+051
   5.20000000000000       1.070052654301320E+051
   5.25000000000000       9.968257023809823E+050
   5.30000000000000       9.279107390705509E+050
   5.35000000000000       8.628253430020626E+050
   5.40000000000000       8.025138072221951E+050
   5.45000000000000       7.462254191483913E+050
   5.50000000000000       6.933667712799236E+050
   5.55000000000000       6.444053170970844E+050
   5.60000000000000       5.988928073303103E+050
   5.65000000000000       5.566198096117886E+050
   5.70000000000000       5.175499802946214E+050
   5.75000000000000       4.816587627472569E+050
   5.80000000000000       4.483640696135008E+050
   5.85000000000000       4.166322232645015E+050
   5.90000000000000       3.877225158495266E+050
   5.95000000000000       3.605463235742537E+050
   6.00000000000000       3.353132878896205E+050
   6.05000000000000       3.119736001075676E+050
   6.10000000000000       2.901603070663727E+050
   6.15000000000000       2.690377624585351E+050
   6.20000000000000       2.503319373093137E+050
   6.25000000000000       2.331275708296275E+050
   6.30000000000000       2.173443797872056E+050
   6.35000000000000       2.027004319453804E+050
   6.40000000000000       1.890632825986565E+050
   6.45000000000000       1.759020474290845E+050
   6.50000000000000       1.644779998606124E+050
   6.55000000000000       1.538247276765821E+050
   6.60000000000000       1.438439447881924E+050
   6.65000000000000       1.344488118195996E+050
   6.70000000000000       1.257091750933377E+050
   6.75000000000000       1.172204281813494E+050
   6.80000000000000       1.098504526840363E+050
   6.85000000000000       1.030605302661013E+050
   6.90000000000000       9.678862146956584E+049
   6.95000000000000       9.089326873671721E+049
   7.00000000000000       8.554170107180017E+049
   7.05000000000000       8.054693398067684E+049
   7.10000000000000       7.591592731398663E+049
   7.15000000000000       7.175253757939048E+049
   7.20000000000000       6.781768201534062E+049
   7.25000000000000       6.414263278902913E+049
   7.30000000000000       6.070909871638653E+049
   7.35000000000000       5.758172008593861E+049
   7.40000000000000       5.452400588132787E+049
   7.45000000000000       5.188559918929189E+049
   7.50000000000000       4.943635978992347E+049
   7.55000000000000       4.714163032041464E+049
   7.60000000000000       4.507960069421776E+049
   7.65000000000000       4.319958493693775E+049
   7.70000000000000       4.139100826160950E+049
   7.75000000000000       3.986555832109606E+049
   7.80000000000000       3.844458061084055E+049
   7.85000000000000       3.711905666444855E+049
   7.90000000000000       3.589656154711986E+049
   7.95000000000000       3.473753021779220E+049
   8.00000000000000       3.363006394941858E+049
   8.05000000000000       3.266741655803214E+049
   8.10000000000000       3.177384361264986E+049
   8.15000000000000       3.095817168073757E+049
   8.20000000000000       3.021003554278204E+049
   8.25000000000000       2.952020425507303E+049
   8.30000000000000       2.889562233119578E+049
   8.35000000000000       2.833327490875464E+049
   8.40000000000000       2.782826082326494E+049
   8.45000000000000       2.735694937013794E+049
   8.50000000000000       2.688470960271849E+049
   8.55000000000000       2.645150602244086E+049
   8.60000000000000       2.605327955536181E+049
   8.65000000000000       2.565758296884118E+049
   8.70000000000000       2.528986832164289E+049
   8.75000000000000       2.494889811755790E+049
   8.80000000000000       2.460120380828232E+049
   8.85000000000000       2.427899656277864E+049
   8.90000000000000       2.397273304444643E+049
   8.95000000000000       2.365818468240037E+049
   9.00000000000000       2.336889883755984E+049
   9.05000000000000       2.308937509376968E+049
   9.10000000000000       2.280791460624584E+049
   9.15000000000000       2.252432029601507E+049
   9.20000000000000       2.223618861470816E+049
   9.25000000000000       2.193672298547084E+049
   9.30000000000000       2.163885059783724E+049
   9.35000000000000       2.134471367875426E+049
   9.40000000000000       2.104030603261057E+049
   9.45000000000000       2.073328644526287E+049
   9.50000000000000       2.041710189606711E+049
   9.55000000000000       2.010232428525847E+049
   9.60000000000000       1.978394267160935E+049
   9.65000000000000       1.946851889084556E+049
   9.70000000000000       1.915195179176196E+049
   9.75000000000000       1.883085155888708E+049
   9.80000000000000       1.850179975591492E+049
   9.85000000000000       1.816873592019453E+049
   9.90000000000000       1.782949151010766E+049
   9.95000000000000       1.748639159551748E+049
   10.0000000000000       1.714069681545006E+049
   10.0500000000000       1.678833688721456E+049
   10.1000000000000       1.643491677616515E+049
   10.1500000000000       1.608299304691266E+049
   10.2000000000000       1.573157325761654E+049
   10.2500000000000       1.538189514200599E+049
   10.3000000000000       1.503417151153398E+049
   10.3500000000000       1.468890649947034E+049
   10.4000000000000       1.434244082967753E+049
   10.4500000000000       1.399792702570075E+049
   10.5000000000000       1.365268727276723E+049
   10.5500000000000       1.330840953147739E+049
   10.6000000000000       1.296562818704720E+049
   10.6500000000000       1.262574925175185E+049
   10.7000000000000       1.228998758632445E+049
   10.7500000000000       1.195704947519539E+049
   10.8000000000000       1.163017414961531E+049
   10.8500000000000       1.130753167501030E+049
   10.9000000000000       1.098606037612606E+049
   10.9500000000000       1.067594048018921E+049
   11.0000000000000       1.036934983369158E+049
   11.0500000000000       1.006758903245350E+049
   11.1000000000000       9.770365250212890E+048
   11.1500000000000       9.477790017106315E+048
   11.2000000000000       9.190719017573673E+048
   11.2500000000000       8.903098477355730E+048
   11.3000000000000       8.626540306484678E+048
   11.3500000000000       8.356758490154047E+048
   11.4000000000000       8.091754549283159E+048
   11.4500000000000       7.831079760756486E+048
   11.5000000000000       7.579150626435222E+048
   11.5500000000000       7.333945031862163E+048
   11.6000000000000       7.091360204958798E+048
   11.6500000000000       6.857959825409972E+048
   11.7000000000000       6.629343301077388E+048
   11.7500000000000       6.406932458044834E+048
   11.8000000000000       6.188030403018145E+048
   11.8500000000000       5.977036187688998E+048
   11.9000000000000       5.768515036926290E+048
   11.9500000000000       5.566417141074940E+048
   12.0000000000000       5.372057464802125E+048
   12.0500000000000       5.183164544530769E+048
   12.1000000000000       4.999453289119875E+048
   12.1500000000000       4.821036089025702E+048
   12.2000000000000       4.648179323343424E+048
   12.2500000000000       4.480438435336973E+048
   12.3000000000000       4.317046956493414E+048
   12.3500000000000       4.158440956029489E+048
   12.4000000000000       4.004805965229271E+048
   12.4500000000000       3.854330412091358E+048
   12.5000000000000       3.709753712681071E+048
   12.5500000000000       3.569529305802738E+048
   12.6000000000000       3.433649582139997E+048
   12.6500000000000       3.301928718589362E+048
   12.7000000000000       3.174057716754009E+048
   12.7500000000000       3.050546957513817E+048
   12.8000000000000       2.930428116159852E+048
   12.8500000000000       2.815087008858912E+048
   12.9000000000000       2.703194163610857E+048
   12.9500000000000       2.594478593435787E+048
   13.0000000000000       2.490016117316780E+048
   13.0500000000000       2.389119804353550E+048
   13.1000000000000       2.291330087367553E+048
   13.1500000000000       2.196657665380385E+048
   13.2000000000000       2.105016457943258E+048
   13.2500000000000       2.017139006339872E+048
   13.3000000000000       1.932040931535934E+048
   13.3500000000000       1.849872882784227E+048
   13.4000000000000       1.770786727418747E+048
   13.4500000000000       1.694505114765764E+048
   13.5000000000000       1.620846118173450E+048
   13.5500000000000       1.550419041430678E+048
   13.6000000000000       1.481924411118227E+048
   13.6500000000000       1.415314964382438E+048
   13.7000000000000       1.352475637539017E+048
   13.7500000000000       1.292036239466719E+048
   13.8000000000000       1.233996752060495E+048
   13.8500000000000       1.178082842807731E+048
   13.9000000000000       1.124370490931726E+048
   13.9500000000000       1.072805007943274E+048
   14.0000000000000       1.023250689507566E+048
   14.0500000000000       9.757559040130879E+047
   14.1000000000000       9.301975931477999E+047
   14.1500000000000       8.865092247107057E+047
   14.2000000000000       8.446108391316206E+047
   14.2500000000000       8.044424330892634E+047
   14.3000000000000       7.659540023251458E+047
   14.3500000000000       7.290755412827623E+047
   14.4000000000000       6.937670425637241E+047
   14.4500000000000       6.595860582974052E+047
   14.5000000000000       6.272748585710314E+047
   14.5500000000000       5.958730798014718E+047
   14.6000000000000       5.663702639623837E+047
   14.6500000000000       5.381674452332483E+047
   14.7000000000000       5.110356613229624E+047
   14.7500000000000       4.851154304509025E+047
   14.8000000000000       4.605869030388836E+047
   14.8500000000000       4.371883755811960E+047
   14.9000000000000       4.148598480749450E+047
   14.9500000000000       3.935613205168683E+047
   15.0000000000000       3.732627929032580E+047
   15.0500000000000       3.539142652260733E+047
   15.1000000000000       3.354757374888548E+047
   15.1500000000000       3.179172096808282E+047
   15.2000000000000       3.011986817949855E+047
   15.2500000000000       2.852901538227478E+047
   15.3000000000000       2.701516257533745E+047
   15.3500000000000       2.557221110686383E+047
   15.4000000000000       2.419770054175699E+047
   15.4500000000000       2.289666691607786E+047
   15.5000000000000       2.166063329018876E+047
   15.5500000000000       2.048559966407563E+047
   15.6000000000000       1.937056603772285E+047
   15.6500000000000       1.831153241111274E+047
   15.7000000000000       1.730549878422520E+047
   15.7500000000000       1.635246515703693E+047
   15.8000000000000       1.544743152952069E+047
   15.8500000000000       1.458939790164390E+047
   15.9000000000000       1.377636427336698E+047
   15.9500000000000       1.300532548241284E+047
   16.0000000000000       1.227500000005260E+047
   16.0500000000000       1.158400000004144E+047
   16.1000000000000       1.092900000003216E+047
   16.1500000000000       1.030900000000010E+047
   16.2000000000000       9.722300000000091E+046
   16.2500000000000       9.167300000000084E+046
   16.3000000000000       8.642400000000080E+046
   16.3500000000000       8.146000000000073E+046
   16.4000000000000       7.676700000000068E+046
   16.4500000000000       7.233200000000063E+046
   16.5000000000000       6.814200000000057E+046
   16.5500000000000       6.418400000000054E+046
   16.6000000000000       6.044500000000048E+046
   16.6500000000000       5.691600000000044E+046
   16.7000000000000       5.358400000000042E+046
   16.7500000000000       5.044000000000037E+046
   16.8000000000000       4.747300000000035E+046
   16.8500000000000       4.467500000000032E+046
   16.9000000000000       4.203500000000028E+046
   16.9500000000000       3.954700000000026E+046
   17.0000000000000       3.720000000000024E+046
   17.0500000000000       3.498900000000022E+046
   17.1000000000000       3.290400000000020E+046
   17.1500000000000       3.094100000000018E+046
   17.2000000000000       2.909100000000016E+046
   17.2500000000000       2.734800000000014E+046
   17.3000000000000       2.570700000000013E+046
   17.3500000000000       2.416200000000012E+046
   17.4000000000000       2.270800000000010E+046
   17.4500000000000       2.133900000000009E+046
   17.5000000000000       2.005000000000008E+046
   17.5500000000000       1.883700000000007E+046
   17.6000000000000       1.769600000000006E+046
   17.6500000000000       1.662300000000006E+046
   17.7000000000000       1.561300000000005E+046
   17.7500000000000       1.466300000000005E+046
   17.8000000000000       1.377000000000004E+046
   17.8500000000000       1.293100000000004E+046
   17.9000000000000       1.214100000000003E+046
   17.9500000000000       1.139900000000003E+046
   18.0000000000000       1.070100000000002E+046
   18.0500000000000       1.004500000000002E+046
   18.1000000000000       9.428900000000015E+045
   18.1500000000000       8.849800000000014E+045
   18.2000000000000       8.305600000000013E+045
   18.2500000000000       7.794300000000011E+045
   18.3000000000000       7.314000000000010E+045
   18.3500000000000       6.862800000000009E+045
   18.4000000000000       6.439000000000008E+045
   18.4500000000000       6.041000000000006E+045
   18.5000000000000       5.667200000000006E+045
   18.5500000000000       5.316100000000005E+045
   18.6000000000000       4.986600000000004E+045
   18.6500000000000       4.677100000000003E+045
   18.7000000000000       4.386600000000003E+045
   18.7500000000000       4.113900000000003E+045
   18.8000000000000       3.857900000000002E+045
   18.8500000000000       3.617600000000002E+045
   18.9000000000000       3.392100000000001E+045
   18.9500000000000       3.180400000000001E+045
   19.0000000000000       2.981800000000001E+045
   19.0500000000000       2.795500000000001E+045
   19.1000000000000       2.620600000000001E+045
   19.1500000000000       2.456500000000001E+045
   19.2000000000000       2.302600000000000E+045
   19.2500000000000       2.158200000000000E+045
   19.3000000000000       2.022800000000000E+045
   19.3500000000000       1.895800000000000E+045
   19.4000000000000       1.776600000000000E+045
   19.4500000000000       1.664900000000000E+045
   19.5000000000000       1.560100000000000E+045
   19.5500000000000       1.461800000000000E+045
   19.6000000000000       1.369600000000000E+045
   19.6500000000000       1.283200000000000E+045
   19.7000000000000       1.202200000000000E+045
   19.7500000000000       1.126200000000000E+045
   19.8000000000000       1.055000000000000E+045
   19.8500000000000       9.882799999999999E+044
   19.9000000000000       9.257000000000000E+044
   19.9500000000000       8.670500000000000E+044
   20.0000000000000       8.120699999999999E+044
   20.0500000000000       7.605500000000000E+044
   20.1000000000000       7.122600000000000E+044
   20.1500000000000       6.670100000000000E+044
   20.2000000000000       6.246100000000000E+044
   20.2500000000000       5.848700000000000E+044
   20.3000000000000       5.476400000000000E+044
   20.3500000000000       5.127600000000000E+044
   20.4000000000000       4.800700000000000E+044
   20.4500000000000       4.494500000000000E+044
   20.5000000000000       4.207700000000000E+044
   20.5500000000000       3.939000000000000E+044
   20.6000000000000       3.687300000000000E+044
   20.6500000000000       3.451500000000000E+044
   20.7000000000000       3.230700000000000E+044
   20.7500000000000       3.023900000000000E+044
   20.8000000000000       2.830200000000000E+044
   20.8500000000000       2.648800000000000E+044
   20.9000000000000       2.478900000000000E+044
   20.9500000000000       2.319800000000000E+044
   21.0000000000000       2.170900000000000E+044
   21.0500000000000       2.031400000000000E+044
   21.1000000000000       1.900800000000000E+044
   21.1500000000000       1.778600000000000E+044
   21.2000000000000       1.664100000000000E+044
   21.2500000000000       1.557000000000000E+044
   21.3000000000000       1.456600000000000E+044
   21.3500000000000       1.362700000000000E+044
   21.4000000000000       1.274900000000000E+044
   21.4500000000000       1.192600000000000E+044
   21.5000000000000       1.115600000000000E+044
   21.5500000000000       1.043500000000000E+044
   21.6000000000000       9.760600000000000E+043
   21.6500000000000       9.129399999999999E+043
   21.7000000000000       8.538700000000000E+043
   21.7500000000000       7.986000000000000E+043
   21.8000000000000       7.468700000000000E+043
   21.8500000000000       6.984700000000000E+043
   21.9000000000000       6.531800000000000E+043
   21.9500000000000       6.108100000000000E+043
   22.0000000000000       5.711700000000000E+043
   22.0500000000000       5.340800000000000E+043
   22.1000000000000       4.993800000000000E+043
   22.1500000000000       4.669200000000000E+043
   22.2000000000000       4.365600000000000E+043
   22.2500000000000       4.081500000000000E+043
   22.3000000000000       3.815900000000000E+043
   22.3500000000000       3.567400000000000E+043
   22.4000000000000       3.334900000000000E+043
   22.4500000000000       3.117500000000000E+043
   22.5000000000000       2.914200000000000E+043
   22.5500000000000       2.724100000000000E+043
   22.6000000000000       2.546200000000000E+043
   22.6500000000000       2.380000000000000E+043
   22.7000000000000       2.224500000000000E+043
   22.7500000000000       2.079000000000000E+043
   22.8000000000000       1.943100000000000E+043
   22.8500000000000       1.816000000000000E+043
   22.9000000000000       1.697100000000000E+043
   22.9500000000000       1.586000000000000E+043
   23.0000000000000       1.482100000000000E+043
   23.0500000000000       1.384900000000000E+043
   23.1000000000000       1.294100000000000E+043
   23.1500000000000       1.209200000000000E+043
   23.2000000000000       1.129900000000000E+043
   23.2500000000000       1.055700000000000E+043
   23.3000000000000       9.863400000000000E+042
   23.3500000000000       9.215300000000000E+042
   23.4000000000000       8.609500000000000E+042
   23.4500000000000       8.043300000000000E+042
   23.5000000000000       7.514100000000000E+042
   23.5500000000000       7.019599999999999E+042
   23.6000000000000       6.557400000000000E+042
   23.6500000000000       6.125400000000001E+042
   23.7000000000000       5.721700000000000E+042
   23.7500000000000       5.344500000000000E+042
   23.8000000000000       4.992100000000000E+042
   23.8500000000000       4.662700000000000E+042
   23.9000000000000       4.354900000000000E+042
   23.9500000000000       4.067400000000000E+042
   24.0000000000000       3.798700000000000E+042
   24.0500000000000       3.547700000000000E+042
   24.1000000000000       3.313200000000000E+042
   24.1500000000000       3.094100000000000E+042
   24.2000000000000       2.889400000000000E+042
   24.2500000000000       2.698200000000000E+042
   24.3000000000000       2.519500000000000E+042
   24.3500000000000       2.352700000000000E+042
   24.4000000000000       2.196800000000000E+042
   24.4500000000000       2.051200000000000E+042
   24.5000000000000       1.915200000000000E+042
   24.5500000000000       1.788200000000000E+042
   24.6000000000000       1.669500000000000E+042
   24.6500000000000       1.558700000000000E+042
   24.7000000000000       1.455200000000000E+042
   24.7500000000000       1.358500000000000E+042
   24.8000000000000       1.268300000000000E+042
   24.8500000000000       1.184000000000000E+042
   24.9000000000000       1.105200000000000E+042
   24.9500000000000       1.031700000000000E+042
   25.0000000000000       9.630899999999999E+041
