  0.000000000000000E+000  0.000000000000000E+000
  5.000000000000000E-002  2.233572701317199E+050
  0.100000000000000       8.451899015889244E+050
  0.150000000000000       1.887261049171633E+051
  0.200000000000000       3.347890067527841E+051
  0.250000000000000       5.252658372457394E+051
  0.300000000000000       7.577411914400588E+051
  0.350000000000000       1.029112577486820E+052
  0.400000000000000       1.333195872659169E+052
  0.450000000000000       1.665273965997011E+052
  0.500000000000000       2.019895211128516E+052
  0.550000000000000       2.390916665939406E+052
  0.600000000000000       2.773694586310534E+052
  0.650000000000000       3.162633453221455E+052
  0.700000000000000       3.554314235249968E+052
  0.750000000000000       3.944911043746865E+052
  0.800000000000000       4.332162006886868E+052
  0.850000000000000       4.712664472324605E+052
  0.900000000000000       5.083894888364023E+052
  0.950000000000000       5.443464770313280E+052
   1.00000000000000       5.789642473573241E+052
   1.05000000000000       6.119708984945748E+052
   1.10000000000000       6.432143377343094E+052
   1.15000000000000       6.726093696521737E+052
   1.20000000000000       7.000438725001571E+052
   1.25000000000000       7.255226617719100E+052
   1.30000000000000       7.489645226907218E+052
   1.35000000000000       7.703385250912495E+052
   1.40000000000000       7.895924309561013E+052
   1.45000000000000       8.066605963324529E+052
   1.50000000000000       8.214992695898327E+052
   1.55000000000000       8.342203808440468E+052
   1.60000000000000       8.448085744809506E+052
   1.65000000000000       8.533998956703220E+052
   1.70000000000000       8.599889355537830E+052
   1.75000000000000       8.646342981668268E+052
   1.80000000000000       8.673955914859545E+052
   1.85000000000000       8.683517913278692E+052
   1.90000000000000       8.676032957231224E+052
   1.95000000000000       8.652044784975946E+052
   2.00000000000000       8.612766950850896E+052
   2.05000000000000       8.558364290241869E+052
   2.10000000000000       8.489995855017164E+052
   2.15000000000000       8.408100318252636E+052
   2.20000000000000       8.313425005917515E+052
   2.25000000000000       8.207315710528955E+052
   2.30000000000000       8.090189015750210E+052
   2.35000000000000       7.963059661923133E+052
   2.40000000000000       7.826802361473690E+052
   2.45000000000000       7.682473961549781E+052
   2.50000000000000       7.530312150956413E+052
   2.55000000000000       7.371191929585448E+052
   2.60000000000000       7.206417653828721E+052
   2.65000000000000       7.036364876088109E+052
   2.70000000000000       6.861868730881403E+052
   2.75000000000000       6.683711874706446E+052
   2.80000000000000       6.502596392179099E+052
   2.85000000000000       6.319257071642096E+052
   2.90000000000000       6.133852675505767E+052
   2.95000000000000       5.947268293685099E+052
   3.00000000000000       5.760510867144373E+052
   3.05000000000000       5.573595740342262E+052
   3.10000000000000       5.386822548893404E+052
   3.15000000000000       5.201350202632322E+052
   3.20000000000000       5.016947649535241E+052
   3.25000000000000       4.834559256841334E+052
   3.30000000000000       4.654211251832320E+052
   3.35000000000000       4.476435682731563E+052
   3.40000000000000       4.301123634780259E+052
   3.45000000000000       4.128880755276231E+052
   3.50000000000000       3.960300233004286E+052
   3.55000000000000       3.795382704219919E+052
   3.60000000000000       3.634230765753489E+052
   3.65000000000000       3.477130383020782E+052
   3.70000000000000       3.324158465582651E+052
   3.75000000000000       3.175439642026920E+052
   3.80000000000000       3.031208474176268E+052
   3.85000000000000       2.891328545125086E+052
   3.90000000000000       2.756273211683647E+052
   3.95000000000000       2.625414733085332E+052
   4.00000000000000       2.499309245505936E+052
   4.05000000000000       2.378118268772978E+052
   4.10000000000000       2.261284184516562E+052
   4.15000000000000       2.149133165204767E+052
   4.20000000000000       2.041421758466440E+052
   4.25000000000000       1.937742991538484E+052
   4.30000000000000       1.838829548095863E+052
   4.35000000000000       1.743916401545351E+052
   4.40000000000000       1.652866532751774E+052
   4.45000000000000       1.565929487219374E+052
   4.50000000000000       1.482809878764801E+052
   4.55000000000000       1.403384927963446E+052
   4.60000000000000       1.326882249038883E+052
   4.65000000000000       1.255107799522014E+052
   4.70000000000000       1.186996710504078E+052
   4.75000000000000       1.121900389956524E+052
   4.80000000000000       1.060020211590981E+052
   4.85000000000000       1.001739349690869E+052
   4.90000000000000       9.345363733764189E+051
   4.95000000000000       8.848455190040621E+051
   5.00000000000000       8.377480480030409E+051
   5.05000000000000       7.926217824915252E+051
   5.10000000000000       7.493996519604174E+051
   5.15000000000000       7.082822079446908E+051
   5.20000000000000       6.692303617741768E+051
   5.25000000000000       6.321718825670609E+051
   5.30000000000000       5.968455599320240E+051
   5.35000000000000       5.633382040136920E+051
   5.40000000000000       5.315160636266151E+051
   5.45000000000000       5.014447451056022E+051
   5.50000000000000       4.729668720338420E+051
   5.55000000000000       4.463109798730517E+051
   5.60000000000000       4.209747992411641E+051
   5.65000000000000       3.968673244759202E+051
   5.70000000000000       3.743694819206228E+051
   5.75000000000000       3.530347334749657E+051
   5.80000000000000       3.327578231131933E+051
   5.85000000000000       3.134473706894498E+051
   5.90000000000000       2.956405346090374E+051
   5.95000000000000       2.785481707504181E+051
   6.00000000000000       2.625690518624364E+051
   6.05000000000000       2.474377000865482E+051
   6.10000000000000       2.332091141933640E+051
   6.15000000000000       2.195048432172780E+051
   6.20000000000000       2.071944563783374E+051
   6.25000000000000       1.955017476399052E+051
   6.30000000000000       1.845690856725095E+051
   6.35000000000000       1.742317186645107E+051
   6.40000000000000       1.646395692559333E+051
   6.45000000000000       1.552435691759573E+051
   6.50000000000000       1.467068555407391E+051
   6.55000000000000       1.386062329743297E+051
   6.60000000000000       1.309799768293297E+051
   6.65000000000000       1.238521797281496E+051
   6.70000000000000       1.171033153455700E+051
   6.75000000000000       1.104451110997455E+051
   6.80000000000000       1.046058197529773E+051
   6.85000000000000       9.913801210132000E+050
   6.90000000000000       9.408370128633181E+050
   6.95000000000000       8.934335769829583E+050
   7.00000000000000       8.486955690871187E+050
   7.05000000000000       8.067700941583408E+050
   7.10000000000000       7.665832836568748E+050
   7.15000000000000       7.307133235251291E+050
   7.20000000000000       6.963235186974200E+050
   7.25000000000000       6.637729930461828E+050
   7.30000000000000       6.330959225851290E+050
   7.35000000000000       6.042431738791144E+050
   7.40000000000000       5.758446637237217E+050
   7.45000000000000       5.506423724267660E+050
   7.50000000000000       5.267294876024744E+050
   7.55000000000000       5.050467039886924E+050
   7.60000000000000       4.844839534280472E+050
   7.65000000000000       4.649003214482676E+050
   7.70000000000000       4.455993989287637E+050
   7.75000000000000       4.287769536694512E+050
   7.80000000000000       4.138967911019512E+050
   7.85000000000000       3.996952164012870E+050
   7.90000000000000       3.859272705080335E+050
   7.95000000000000       3.728267504024958E+050
   8.00000000000000       3.598187467418081E+050
   8.05000000000000       3.482015516141273E+050
   8.10000000000000       3.372072317206049E+050
   8.15000000000000       3.266985996371629E+050
   8.20000000000000       3.166572685238858E+050
   8.25000000000000       3.075384062084932E+050
   8.30000000000000       2.988197439879789E+050
   8.35000000000000       2.901642852505903E+050
   8.40000000000000       2.822391926392516E+050
   8.45000000000000       2.748374890695292E+050
   8.50000000000000       2.680749768107744E+050
   8.55000000000000       2.617238338929251E+050
   8.60000000000000       2.557133383123657E+050
   8.65000000000000       2.497706192198418E+050
   8.70000000000000       2.442012560606736E+050
   8.75000000000000       2.386720512337115E+050
   8.80000000000000       2.334487274423735E+050
   8.85000000000000       2.282780028275792E+050
   8.90000000000000       2.233616114072806E+050
   8.95000000000000       2.186343300944676E+050
   9.00000000000000       2.140024565860946E+050
   9.05000000000000       2.096476398733822E+050
   9.10000000000000       2.053471084985154E+050
   9.15000000000000       2.010833676250179E+050
   9.20000000000000       1.971791093709209E+050
   9.25000000000000       1.932890266307266E+050
   9.30000000000000       1.896720832635113E+050
   9.35000000000000       1.861141725048567E+050
   9.40000000000000       1.826440993005430E+050
   9.45000000000000       1.792274656849119E+050
   9.50000000000000       1.758096709182130E+050
   9.55000000000000       1.724167858963016E+050
   9.60000000000000       1.691591137787193E+050
   9.65000000000000       1.659119104477086E+050
   9.70000000000000       1.626906536244737E+050
   9.75000000000000       1.595371035893847E+050
   9.80000000000000       1.564049433843269E+050
   9.85000000000000       1.533250290480173E+050
   9.90000000000000       1.502736451665088E+050
   9.95000000000000       1.473632021990223E+050
   10.0000000000000       1.444517414022658E+050
   10.0500000000000       1.415629708087548E+050
   10.1000000000000       1.386890197089820E+050
   10.1500000000000       1.359357331668603E+050
   10.2000000000000       1.332065343216817E+050
   10.2500000000000       1.305087017401171E+050
   10.3000000000000       1.278767817887220E+050
   10.3500000000000       1.252388205958241E+050
   10.4000000000000       1.226223908543456E+050
   10.4500000000000       1.200444137460007E+050
   10.5000000000000       1.174625396538374E+050
   10.5500000000000       1.149450355817392E+050
   10.6000000000000       1.124805408298450E+050
   10.6500000000000       1.100480571439178E+050
   10.7000000000000       1.076404211628609E+050
   10.7500000000000       1.052544878441338E+050
   10.8000000000000       1.029283452784228E+050
   10.8500000000000       1.006207549295839E+050
   10.9000000000000       9.838468256148445E+049
   10.9500000000000       9.622567512428583E+049
   11.0000000000000       9.409759780453399E+049
   11.0500000000000       9.199478190029670E+049
   11.1000000000000       8.991541829662341E+049
   11.1500000000000       8.786470563743056E+049
   11.2000000000000       8.583955862475461E+049
   11.2500000000000       8.384623387848579E+049
   11.3000000000000       8.191219715984236E+049
   11.3500000000000       8.001263475484558E+049
   11.4000000000000       7.813026384001581E+049
   11.4500000000000       7.627980606380548E+049
   11.5000000000000       7.445813773496371E+049
   11.5500000000000       7.268476258259314E+049
   11.6000000000000       7.094811728871153E+049
   11.6500000000000       6.926465640731758E+049
   11.7000000000000       6.762660748819426E+049
   11.7500000000000       6.601746958327941E+049
   11.8000000000000       6.443777718174630E+049
   11.8500000000000       6.288260513988046E+049
   11.9000000000000       6.134859524171468E+049
   11.9500000000000       5.985474844058018E+049
   12.0000000000000       5.837879795954104E+049
   12.0500000000000       5.695110162843927E+049
   12.1000000000000       5.554676142842029E+049
   12.1500000000000       5.416603218832350E+049
   12.2000000000000       5.280791442742438E+049
   12.2500000000000       5.148275099806309E+049
   12.3000000000000       5.019086679765630E+049
   12.3500000000000       4.893099821531107E+049
   12.4000000000000       4.769410778750182E+049
   12.4500000000000       4.648878062615988E+049
   12.5000000000000       4.531395390288198E+049
   12.5500000000000       4.416409898700829E+049
   12.6000000000000       4.303615016570592E+049
   12.6500000000000       4.193253697885974E+049
   12.7000000000000       4.085222075125390E+049
   12.7500000000000       3.979113864607461E+049
   12.8000000000000       3.875949645492089E+049
   12.8500000000000       3.774371232225965E+049
   12.9000000000000       3.674987081295825E+049
   12.9500000000000       3.577539593085798E+049
   13.0000000000000       3.483005179835577E+049
   13.0500000000000       3.390315833580685E+049
   13.1000000000000       3.299823857085590E+049
   13.1500000000000       3.210665795159559E+049
   13.2000000000000       3.124351662394206E+049
   13.2500000000000       3.040330539564523E+049
   13.3000000000000       2.958155404114676E+049
   13.3500000000000       2.877700038101204E+049
   13.4000000000000       2.799155295776769E+049
   13.4500000000000       2.722383998406063E+049
   13.5000000000000       2.646083198028703E+049
   13.5500000000000       2.572917694595599E+049
   13.6000000000000       2.501200857683320E+049
   13.6500000000000       2.431058605161158E+049
   13.7000000000000       2.362589297685364E+049
   13.7500000000000       2.295806906719408E+049
   13.8000000000000       2.230520377376296E+049
   13.8500000000000       2.166790666414751E+049
   13.9000000000000       2.103893848115352E+049
   13.9500000000000       2.043168012578776E+049
   14.0000000000000       1.984010302436429E+049
   14.0500000000000       1.926532385185427E+049
   14.1000000000000       1.870251939772368E+049
   14.1500000000000       1.814871753318969E+049
   14.2000000000000       1.761319403928283E+049
   14.2500000000000       1.708528388388362E+049
   14.3000000000000       1.657660524028939E+049
   14.3500000000000       1.607136139551798E+049
   14.4000000000000       1.558441863179094E+049
   14.4500000000000       1.511036877967921E+049
   14.5000000000000       1.464836382800549E+049
   14.5500000000000       1.419346903777380E+049
   14.6000000000000       1.375516052113302E+049
   14.6500000000000       1.332765774316193E+049
   14.7000000000000       1.290674308077367E+049
   14.7500000000000       1.249946087327980E+049
   14.8000000000000       1.210488174565435E+049
   14.8500000000000       1.172107115352230E+049
   14.9000000000000       1.134661619240829E+049
   14.9500000000000       1.098060902618787E+049
   15.0000000000000       1.062077476966192E+049
   15.0500000000000       1.027559176142112E+049
   15.1000000000000       9.938805267969933E+048
   15.1500000000000       9.611087555681167E+048
   15.2000000000000       9.291895504910087E+048
   15.2500000000000       8.981457413837326E+048
   15.3000000000000       8.679484093167780E+048
   15.3500000000000       8.385780623547503E+048
   15.4000000000000       8.100502012992936E+048
   15.4500000000000       7.822986538358946E+048
   15.5000000000000       7.552603677430583E+048
   15.5500000000000       7.288216099375699E+048
   15.6000000000000       7.034507377894169E+048
   15.6500000000000       6.788010984104552E+048
   15.7000000000000       6.548650175490856E+048
   15.7500000000000       6.316103530624829E+048
   15.8000000000000       6.090532104779206E+048
   15.8500000000000       5.870723567470195E+048
   15.9000000000000       5.658226135280628E+048
   15.9500000000000       5.451263334155604E+048
   16.0000000000000       5.250411258824070E+048
   16.0500000000000       5.056939734825747E+048
   16.1000000000000       4.868845285967253E+048
   16.1500000000000       4.686606940835541E+048
   16.2000000000000       4.510335741814681E+048
   16.2500000000000       4.339215183627086E+048
   16.3000000000000       4.174607815648483E+048
   16.3500000000000       4.014932380971365E+048
   16.4000000000000       3.859242543657671E+048
   16.4500000000000       3.710507959390881E+048
   16.5000000000000       3.562990045386286E+048
   16.5500000000000       3.424123898001053E+048
   16.6000000000000       3.289857660634323E+048
   16.6500000000000       3.160091316762863E+048
   16.7000000000000       3.034724845459898E+048
   16.7500000000000       2.913663897734643E+048
   16.8000000000000       2.796847614256445E+048
   16.8500000000000       2.684030781908344E+048
   16.9000000000000       2.575276596704530E+048
   16.9500000000000       2.470368570277209E+048
   17.0000000000000       2.369159991140031E+048
   17.0500000000000       2.271599329980753E+048
   17.1000000000000       2.177712773393908E+048
   17.1500000000000       2.087321035207848E+048
   17.2000000000000       2.000129270638775E+048
   17.2500000000000       1.916237475663425E+048
   17.3000000000000       1.835445645377604E+048
   17.3500000000000       1.757753773737735E+048
   17.4000000000000       1.682861853204512E+048
   17.4500000000000       1.610869874241922E+048
   17.5000000000000       1.541677824597033E+048
   17.5500000000000       1.474287121497194E+048
   17.6000000000000       1.410363569978573E+048
   17.6500000000000       1.347788490670651E+048
   17.7000000000000       1.288856527026783E+048
   17.7500000000000       1.232224559245587E+048
   17.8000000000000       1.177732468231917E+048
   17.8500000000000       1.124987303404476E+048
   17.9000000000000       1.075041111221180E+048
   17.9500000000000       1.027009555314160E+048
   18.0000000000000       9.810679993051423E+047
   18.0500000000000       9.369764431878357E+047
   18.1000000000000       8.947048869551335E+047
   18.1500000000000       8.541833305989510E+047
   18.2000000000000       8.153717741100191E+047
   18.2500000000000       7.781802174776240E+047
   18.3000000000000       7.425586606892631E+047
   18.3500000000000       7.084671037301957E+047
   18.4000000000000       6.758155465828407E+047
   18.4500000000000       6.445739892259536E+047
   18.5000000000000       6.146824316334854E+047
   18.5500000000000       5.860808737729602E+047
   18.6000000000000       5.587393156031117E+047
   18.6500000000000       5.323332353679264E+047
   18.7000000000000       5.072952374141295E+047
   18.7500000000000       4.834234927045198E+047
   18.8000000000000       4.606117479866496E+047
   18.8500000000000       4.388200032601496E+047
   18.9000000000000       4.180082585246148E+047
   18.9500000000000       3.981365137796007E+047
   19.0000000000000       3.791547690246155E+047
   19.0500000000000       3.610430242591129E+047
   19.1000000000000       3.437512794824822E+047
   19.1500000000000       3.272495346940357E+047
   19.2000000000000       3.115077898929932E+047
   19.2500000000000       2.964860450784609E+047
   19.3000000000000       2.821643002494050E+047
   19.3500000000000       2.684925554046141E+047
   19.4000000000000       2.554664210355848E+047
   19.4500000000000       2.430300000000000E+047
   19.5000000000000       2.311900000000000E+047
   19.5500000000000       2.199100000000000E+047
   19.6000000000000       2.091600000000000E+047
   19.6500000000000       1.989200000000000E+047
   19.7000000000000       1.891600000000000E+047
   19.7500000000000       1.798600000000000E+047
   19.8000000000000       1.710100000000000E+047
   19.8500000000000       1.625800000000000E+047
   19.9000000000000       1.545500000000000E+047
   19.9500000000000       1.469100000000000E+047
   20.0000000000000       1.396400000000000E+047
   20.0500000000000       1.327100000000000E+047
   20.1000000000000       1.261200000000000E+047
   20.1500000000000       1.198500000000000E+047
   20.2000000000000       1.138800000000000E+047
   20.2500000000000       1.082000000000000E+047
   20.3000000000000       1.028000000000000E+047
   20.3500000000000       9.765800000000000E+046
   20.4000000000000       9.276900000000000E+046
   20.4500000000000       8.812000000000000E+046
   20.5000000000000       8.369800000000000E+046
   20.5500000000000       7.949400000000000E+046
   20.6000000000000       7.549600000000000E+046
   20.6500000000000       7.169500000000000E+046
   20.7000000000000       6.808200000000000E+046
   20.7500000000000       6.464600000000000E+046
   20.8000000000000       6.138100000000000E+046
   20.8500000000000       5.827800000000000E+046
   20.9000000000000       5.532800000000000E+046
   20.9500000000000       5.252500000000000E+046
   21.0000000000000       4.986100000000000E+046
   21.0500000000000       4.733000000000000E+046
   21.1000000000000       4.492500000000000E+046
   21.1500000000000       4.264100000000000E+046
   21.2000000000000       4.047000000000000E+046
   21.2500000000000       3.840800000000000E+046
   21.3000000000000       3.645000000000000E+046
   21.3500000000000       3.458900000000000E+046
   21.4000000000000       3.282200000000000E+046
   21.4500000000000       3.114400000000000E+046
   21.5000000000000       2.955000000000000E+046
   21.5500000000000       2.803700000000000E+046
   21.6000000000000       2.660000000000000E+046
   21.6500000000000       2.523600000000000E+046
   21.7000000000000       2.394000000000000E+046
   21.7500000000000       2.271000000000000E+046
   21.8000000000000       2.154200000000000E+046
   21.8500000000000       2.043400000000000E+046
   21.9000000000000       1.938200000000000E+046
   21.9500000000000       1.838300000000000E+046
   22.0000000000000       1.743500000000000E+046
   22.0500000000000       1.653500000000000E+046
   22.1000000000000       1.568100000000000E+046
   22.1500000000000       1.487000000000000E+046
   22.2000000000000       1.410100000000000E+046
   22.2500000000000       1.337100000000000E+046
   22.3000000000000       1.267900000000000E+046
   22.3500000000000       1.202200000000000E+046
   22.4000000000000       1.139800000000000E+046
   22.4500000000000       1.080700000000000E+046
   22.5000000000000       1.024500000000000E+046
   22.5500000000000       9.712799999999999E+045
   22.6000000000000       9.207699999999999E+045
   22.6500000000000       8.728500000000001E+045
   22.7000000000000       8.274000000000000E+045
   22.7500000000000       7.842899999999999E+045
   22.8000000000000       7.433900000000000E+045
   22.8500000000000       7.046100000000000E+045
   22.9000000000000       6.678300000000000E+045
   22.9500000000000       6.329400000000000E+045
   23.0000000000000       5.998599999999999E+045
   23.0500000000000       5.684900000000000E+045
   23.1000000000000       5.387300000000000E+045
   23.1500000000000       5.105200000000000E+045
   23.2000000000000       4.837800000000000E+045
   23.2500000000000       4.584200000000000E+045
   23.3000000000000       4.343700000000000E+045
   23.3500000000000       4.115700000000000E+045
   23.4000000000000       3.899600000000000E+045
   23.4500000000000       3.694700000000000E+045
   23.5000000000000       3.500400000000000E+045
   23.5500000000000       3.316300000000000E+045
   23.6000000000000       3.141700000000000E+045
   23.6500000000000       2.976300000000000E+045
   23.7000000000000       2.819500000000000E+045
   23.7500000000000       2.670800000000000E+045
   23.8000000000000       2.529900000000000E+045
   23.8500000000000       2.396400000000000E+045
   23.9000000000000       2.269900000000000E+045
   23.9500000000000       2.149900000000000E+045
   24.0000000000000       2.036300000000000E+045
   24.0500000000000       1.928600000000000E+045
   24.1000000000000       1.826600000000000E+045
   24.1500000000000       1.729900000000000E+045
   24.2000000000000       1.638200000000000E+045
   24.2500000000000       1.551400000000000E+045
   24.3000000000000       1.469100000000000E+045
   24.3500000000000       1.391200000000000E+045
   24.4000000000000       1.317400000000000E+045
   24.4500000000000       1.247400000000000E+045
   24.5000000000000       1.181100000000000E+045
   24.5500000000000       1.118400000000000E+045
   24.6000000000000       1.058900000000000E+045
   24.6500000000000       1.002500000000000E+045
   24.7000000000000       9.491800000000000E+044
   24.7500000000000       8.986300000000000E+044
   24.8000000000000       8.507499999999999E+044
   24.8500000000000       8.054000000000000E+044
   24.9000000000000       7.624500000000001E+044
   24.9500000000000       7.217700000000001E+044
   25.0000000000000       6.832400000000000E+044
