  0.000000000000000E+000  0.000000000000000E+000
  5.000000000000000E-002  1.605839598630822E+050
  0.100000000000000       6.243388728913335E+050
  0.150000000000000       1.390531127778258E+051
  0.200000000000000       2.470535457873003E+051
  0.250000000000000       3.891087833056647E+051
  0.300000000000000       5.625905503436468E+051
  0.350000000000000       7.654187012152325E+051
  0.400000000000000       9.924833443848538E+051
  0.450000000000000       1.239704322742560E+052
  0.500000000000000       1.502055826636507E+052
  0.550000000000000       1.775039281828631E+052
  0.600000000000000       2.054124117735688E+052
  0.650000000000000       2.335309244891960E+052
  0.700000000000000       2.616495543610364E+052
  0.750000000000000       2.894168052436936E+052
  0.800000000000000       3.166421355316422E+052
  0.850000000000000       3.430602330627261E+052
  0.900000000000000       3.685041131517666E+052
  0.950000000000000       3.927348641061032E+052
   1.00000000000000       4.156365334804918E+052
   1.05000000000000       4.370508655532396E+052
   1.10000000000000       4.569729232610375E+052
   1.15000000000000       4.753847573730941E+052
   1.20000000000000       4.922021511495743E+052
   1.25000000000000       5.073520011587023E+052
   1.30000000000000       5.207675218981574E+052
   1.35000000000000       5.324212691360440E+052
   1.40000000000000       5.424208067653521E+052
   1.45000000000000       5.507691016523949E+052
   1.50000000000000       5.575126702609542E+052
   1.55000000000000       5.626906328611440E+052
   1.60000000000000       5.663315031023367E+052
   1.65000000000000       5.685108447674767E+052
   1.70000000000000       5.693050226135141E+052
   1.75000000000000       5.687445799290676E+052
   1.80000000000000       5.669649999164245E+052
   1.85000000000000       5.639874363255697E+052
   1.90000000000000       5.598661629582247E+052
   1.95000000000000       5.546397636018135E+052
   2.00000000000000       5.484497279618920E+052
   2.05000000000000       5.413136141015269E+052
   2.10000000000000       5.333514514313074E+052
   2.15000000000000       5.245782858164613E+052
   2.20000000000000       5.150926703770475E+052
   2.25000000000000       5.049718940144879E+052
   2.30000000000000       4.942987852300529E+052
   2.35000000000000       4.831035382989902E+052
   2.40000000000000       4.714780687294962E+052
   2.45000000000000       4.594818055020354E+052
   2.50000000000000       4.471601768063116E+052
   2.55000000000000       4.345947480140600E+052
   2.60000000000000       4.218215605016529E+052
   2.65000000000000       4.088947078488103E+052
   2.70000000000000       3.958690411240749E+052
   2.75000000000000       3.828073119497876E+052
   2.80000000000000       3.696975410173031E+052
   2.85000000000000       3.566296593417623E+052
   2.90000000000000       3.436279574769938E+052
   2.95000000000000       3.307486297202221E+052
   3.00000000000000       3.179773856023591E+052
   3.05000000000000       3.053385408455711E+052
   3.10000000000000       2.929006188690642E+052
   3.15000000000000       2.806709436519126E+052
   3.20000000000000       2.686807689126473E+052
   3.25000000000000       2.569298153906818E+052
   3.30000000000000       2.454810839637706E+052
   3.35000000000000       2.342966182054065E+052
   3.40000000000000       2.234212944354485E+052
   3.45000000000000       2.128557594911614E+052
   3.50000000000000       2.026349197912580E+052
   3.55000000000000       1.927071624414889E+052
   3.60000000000000       1.831369467902854E+052
   3.65000000000000       1.739106256994411E+052
   3.70000000000000       1.649848463914289E+052
   3.75000000000000       1.564122693605035E+052
   3.80000000000000       1.481826879401423E+052
   3.85000000000000       1.402566355403924E+052
   3.90000000000000       1.326656582887815E+052
   3.95000000000000       1.253883062430865E+052
   4.00000000000000       1.184068551720389E+052
   4.05000000000000       1.117449396902744E+052
   4.10000000000000       1.054080789207146E+052
   4.15000000000000       9.935174342763183E+051
   4.20000000000000       9.358363157114250E+051
   4.25000000000000       8.810836016331650E+051
   4.30000000000000       8.292171750732735E+051
   4.35000000000000       7.798427177404736E+051
   4.40000000000000       7.332306803436607E+051
   4.45000000000000       6.892097575380468E+051
   4.50000000000000       6.474694926498529E+051
   4.55000000000000       6.078702980496428E+051
   4.60000000000000       5.704586364572125E+051
   4.65000000000000       5.352994200836681E+051
   4.70000000000000       5.020137491590910E+051
   4.75000000000000       4.706543157626358E+051
   4.80000000000000       4.409902020178365E+051
   4.85000000000000       4.133677425831038E+051
   4.90000000000000       3.818459235113423E+051
   4.95000000000000       3.587515663056797E+051
   5.00000000000000       3.368649063683160E+051
   5.05000000000000       3.162749150106081E+051
   5.10000000000000       2.968320096464290E+051
   5.15000000000000       2.784561120242224E+051
   5.20000000000000       2.610757495175456E+051
   5.25000000000000       2.446911820732758E+051
   5.30000000000000       2.291495341388293E+051
   5.35000000000000       2.145661149444620E+051
   5.40000000000000       2.008545689895837E+051
   5.45000000000000       1.881375373117736E+051
   5.50000000000000       1.761628348349683E+051
   5.55000000000000       1.648255064076766E+051
   5.60000000000000       1.543118896095175E+051
   5.65000000000000       1.444702248131705E+051
   5.70000000000000       1.353147795122072E+051
   5.75000000000000       1.266407043333231E+051
   5.80000000000000       1.184930977455762E+051
   5.85000000000000       1.107509137092212E+051
   5.90000000000000       1.036683046392697E+051
   5.95000000000000       9.694918725169673E+050
   6.00000000000000       9.062812425808344E+050
   6.05000000000000       8.481600121547694E+050
   6.10000000000000       7.938635295573186E+050
   6.15000000000000       7.420985312618155E+050
   6.20000000000000       6.948820756816821E+050
   6.25000000000000       6.506297463635366E+050
   6.30000000000000       6.101141234641214E+050
   6.35000000000000       5.726669356102403E+050
   6.40000000000000       5.373216223691621E+050
   6.45000000000000       5.023208644440325E+050
   6.50000000000000       4.714450246183553E+050
   6.55000000000000       4.425887979279221E+050
   6.60000000000000       4.153583672568027E+050
   6.65000000000000       3.903559788795465E+050
   6.70000000000000       3.668907718303581E+050
   6.75000000000000       3.439635432178773E+050
   6.80000000000000       3.233993960916728E+050
   6.85000000000000       3.047483659701342E+050
   6.90000000000000       2.874808211569633E+050
   6.95000000000000       2.715716356318495E+050
   7.00000000000000       2.566323162188111E+050
   7.05000000000000       2.425893491854598E+050
   7.10000000000000       2.293099140616020E+050
   7.15000000000000       2.172360951738926E+050
   7.20000000000000       2.058674929945331E+050
   7.25000000000000       1.954091264661495E+050
   7.30000000000000       1.855131843898087E+050
   7.35000000000000       1.762186580655614E+050
   7.40000000000000       1.670857969529175E+050
   7.45000000000000       1.591458884288093E+050
   7.50000000000000       1.518869230407410E+050
   7.55000000000000       1.453251759610450E+050
   7.60000000000000       1.391003594819437E+050
   7.65000000000000       1.331580720022945E+050
   7.70000000000000       1.274596508684206E+050
   7.75000000000000       1.226004725475318E+050
   7.80000000000000       1.180777010226394E+050
   7.85000000000000       1.139165854297268E+050
   7.90000000000000       1.099239267563426E+050
   7.95000000000000       1.061872586847625E+050
   8.00000000000000       1.024271886923102E+050
   8.05000000000000       9.919049974509945E+049
   8.10000000000000       9.621749435162849E+049
   8.15000000000000       9.340953678223471E+049
   8.20000000000000       9.100709165864007E+049
   8.25000000000000       8.868367677851672E+049
   8.30000000000000       8.641106850088884E+049
   8.35000000000000       8.416612996731055E+049
   8.40000000000000       8.228207949755403E+049
   8.45000000000000       8.059053511288946E+049
   8.50000000000000       7.899673794324045E+049
   8.55000000000000       7.745743211290015E+049
   8.60000000000000       7.596765358368082E+049
   8.65000000000000       7.453414652232086E+049
   8.70000000000000       7.319871127789524E+049
   8.75000000000000       7.194435470444153E+049
   8.80000000000000       7.073526508813349E+049
   8.85000000000000       6.962178967340454E+049
   8.90000000000000       6.856428738344369E+049
   8.95000000000000       6.746768547933986E+049
   9.00000000000000       6.640800801988831E+049
   9.05000000000000       6.541451814083081E+049
   9.10000000000000       6.446331273642067E+049
   9.15000000000000       6.358926195547306E+049
   9.20000000000000       6.271011046072436E+049
   9.25000000000000       6.179702434629547E+049
   9.30000000000000       6.091980730971472E+049
   9.35000000000000       6.003645623193281E+049
   9.40000000000000       5.916256959513959E+049
   9.45000000000000       5.831732980124890E+049
   9.50000000000000       5.743505912414733E+049
   9.55000000000000       5.657917849966483E+049
   9.60000000000000       5.571693215456334E+049
   9.65000000000000       5.485184007559680E+049
   9.70000000000000       5.396437544633071E+049
   9.75000000000000       5.308523729354772E+049
   9.80000000000000       5.222580941818501E+049
   9.85000000000000       5.137173864847467E+049
   9.90000000000000       5.051201651157711E+049
   9.95000000000000       4.963938503629918E+049
   10.0000000000000       4.876701385572726E+049
   10.0500000000000       4.789327945006100E+049
   10.1000000000000       4.701966589326356E+049
   10.1500000000000       4.612510260108884E+049
   10.2000000000000       4.523552617341046E+049
   10.2500000000000       4.435569102997162E+049
   10.3000000000000       4.347520756288304E+049
   10.3500000000000       4.259048236251735E+049
   10.4000000000000       4.169653567291977E+049
   10.4500000000000       4.081290245946439E+049
   10.5000000000000       3.993595798904112E+049
   10.5500000000000       3.907516863647210E+049
   10.6000000000000       3.821813083667965E+049
   10.6500000000000       3.736180019981243E+049
   10.7000000000000       3.651661857746040E+049
   10.7500000000000       3.567578419573673E+049
   10.8000000000000       3.483989746528248E+049
   10.8500000000000       3.400660872089288E+049
   10.9000000000000       3.319206442327886E+049
   10.9500000000000       3.238707198717965E+049
   11.0000000000000       3.158576904195602E+049
   11.0500000000000       3.078887653325530E+049
   11.1000000000000       2.999767881053168E+049
   11.1500000000000       2.922654407035877E+049
   11.2000000000000       2.846879591829256E+049
   11.2500000000000       2.773022097212945E+049
   11.3000000000000       2.700358776547797E+049
   11.3500000000000       2.628434191416332E+049
   11.4000000000000       2.557766661469780E+049
   11.4500000000000       2.488551121993886E+049
   11.5000000000000       2.420190825476510E+049
   11.5500000000000       2.353367108381606E+049
   11.6000000000000       2.288016148890688E+049
   11.6500000000000       2.223345630169553E+049
   11.7000000000000       2.160168098134051E+049
   11.7500000000000       2.098223181112577E+049
   11.8000000000000       2.037406585681885E+049
   11.8500000000000       1.978289836291977E+049
   11.9000000000000       1.920466078910879E+049
   11.9500000000000       1.864496452276811E+049
   12.0000000000000       1.808830388348679E+049
   12.0500000000000       1.755326716587175E+049
   12.1000000000000       1.702876948924651E+049
   12.1500000000000       1.651709477416961E+049
   12.2000000000000       1.601592002452080E+049
   12.2500000000000       1.552839426609053E+049
   12.3000000000000       1.505269546533247E+049
   12.3500000000000       1.458324510338864E+049
   12.4000000000000       1.412960985850263E+049
   12.4500000000000       1.368628236652895E+049
   12.5000000000000       1.325178642336953E+049
   12.5500000000000       1.282871088036008E+049
   12.6000000000000       1.242164219009357E+049
   12.6500000000000       1.202554080012154E+049
   12.7000000000000       1.164024061174693E+049
   12.7500000000000       1.126012423012464E+049
   12.8000000000000       1.089538845823577E+049
   12.8500000000000       1.053976445438496E+049
   12.9000000000000       1.019385516811064E+049
   12.9500000000000       9.853779300724681E+048
   13.0000000000000       9.526858786839365E+048
   13.0500000000000       9.208781408888091E+048
   13.1000000000000       8.896042603605094E+048
   13.1500000000000       8.593857930477054E+048
   13.2000000000000       8.298529313214921E+048
   13.2500000000000       8.015353641722393E+048
   13.3000000000000       7.740220123784420E+048
   13.3500000000000       7.473610522259791E+048
   13.4000000000000       7.214688213105764E+048
   13.4500000000000       6.963363730728573E+048
   13.5000000000000       6.718971444537319E+048
   13.5500000000000       6.481652985889681E+048
   13.6000000000000       6.251743462865410E+048
   13.6500000000000       6.028448664456328E+048
   13.7000000000000       5.811581298938193E+048
   13.7500000000000       5.601643354507540E+048
   13.8000000000000       5.395799792375692E+048
   13.8500000000000       5.198325935415049E+048
   13.9000000000000       5.007072820574872E+048
   13.9500000000000       4.821880972020559E+048
   14.0000000000000       4.642532478195870E+048
   14.0500000000000       4.468487933866187E+048
   14.1000000000000       4.300678956057275E+048
   14.1500000000000       4.136872428896354E+048
   14.2000000000000       3.979565516187096E+048
   14.2500000000000       3.826664396874520E+048
   14.3000000000000       3.679467588374982E+048
   14.3500000000000       3.536055740651600E+048
   14.4000000000000       3.398248644454385E+048
   14.4500000000000       3.264578630085999E+048
   14.5000000000000       3.135088576401065E+048
   14.5500000000000       3.010219703502004E+048
   14.6000000000000       2.888996201872755E+048
   14.6500000000000       2.772829570982832E+048
   14.7000000000000       2.660585140169568E+048
   14.7500000000000       2.550631556681615E+048
   14.8000000000000       2.446316850800621E+048
   14.8500000000000       2.345701419728249E+048
   14.9000000000000       2.248585101365036E+048
   14.9500000000000       2.150900935868829E+048
   15.0000000000000       2.060812223527970E+048
   15.0500000000000       1.974023487826146E+048
   15.1000000000000       1.890234724489283E+048
   15.1500000000000       1.809545927663132E+048
   15.2000000000000       1.731857089839126E+048
   15.2500000000000       1.656968200996595E+048
   15.3000000000000       1.584913232568771E+048
   15.3500000000000       1.515567037443906E+048
   15.4000000000000       1.448975439900578E+048
   15.4500000000000       1.384848645066620E+048
   15.5000000000000       1.323321844824461E+048
   15.5500000000000       1.264095038405494E+048
   15.6000000000000       1.207168224879307E+048
   15.6500000000000       1.152541403107925E+048
   15.7000000000000       1.100014571683683E+048
   15.7500000000000       1.049687728843130E+048
   15.8000000000000       1.001300872345485E+048
   15.8500000000000       9.549039992974472E+047
   15.9000000000000       9.104171058940987E+047
   15.9500000000000       8.677701870250736E+047
   16.0000000000000       8.262949394175176E+047
   16.0500000000000       7.871946167551075E+047
   16.1000000000000       7.494802361915487E+047
   16.1500000000000       7.136712680169852E+047
   16.2000000000000       6.794022997910368E+047
   16.2500000000000       6.466333315025129E+047
   16.3000000000000       6.152843631471557E+047
   16.3500000000000       5.853053947201257E+047
   16.4000000000000       5.566664262158728E+047
   16.4500000000000       5.292974576279629E+047
   16.5000000000000       5.031584889488455E+047
   16.5500000000000       4.781995201695442E+047
   16.6000000000000       4.543805512792257E+047
   16.6500000000000       4.316515822645916E+047
   16.7000000000000       4.099726131089950E+047
   16.7500000000000       3.893036581922673E+047
   16.8000000000000       3.694213263437399E+047
   16.8500000000000       3.506504246714846E+047
   16.9000000000000       3.327695229961072E+047
   16.9500000000000       3.157386213174054E+047
   17.0000000000000       2.995277196351482E+047
   17.0500000000000       2.840968179490704E+047
   17.1000000000000       2.694059162588634E+047
   17.1500000000000       2.554350145641652E+047
   17.2000000000000       2.421441128645455E+047
   17.2500000000000       2.295032111594856E+047
   17.3000000000000       2.174923094483506E+047
   17.3500000000000       2.060714077303486E+047
   17.4000000000000       1.952205060044712E+047
   17.4500000000000       1.849163167389583E+047
   17.5000000000000       1.751200000000001E+047
   17.5500000000000       1.658200000000001E+047
   17.6000000000000       1.570000000000001E+047
   17.6500000000000       1.486300000000001E+047
   17.7000000000000       1.406800000000001E+047
   17.7500000000000       1.331400000000000E+047
   17.8000000000000       1.259900000000000E+047
   17.8500000000000       1.192100000000000E+047
   17.9000000000000       1.127800000000000E+047
   17.9500000000000       1.066800000000000E+047
   18.0000000000000       1.009100000000000E+047
   18.0500000000000       9.543100000000003E+046
   18.1000000000000       9.024300000000002E+046
   18.1500000000000       8.532700000000002E+046
   18.2000000000000       8.067200000000001E+046
   18.2500000000000       7.626300000000001E+046
   18.3000000000000       7.208800000000001E+046
   18.3500000000000       6.813500000000001E+046
   18.4000000000000       6.439200000000001E+046
   18.4500000000000       6.085000000000001E+046
   18.5000000000000       5.749800000000001E+046
   18.5500000000000       5.432600000000001E+046
   18.6000000000000       5.132400000000000E+046
   18.6500000000000       4.848400000000000E+046
   18.7000000000000       4.579800000000000E+046
   18.7500000000000       4.325700000000001E+046
   18.8000000000000       4.085400000000000E+046
   18.8500000000000       3.858200000000000E+046
   18.9000000000000       3.643300000000000E+046
   18.9500000000000       3.440200000000000E+046
   19.0000000000000       3.248100000000000E+046
   19.0500000000000       3.066600000000000E+046
   19.1000000000000       2.895000000000000E+046
   19.1500000000000       2.732800000000000E+046
   19.2000000000000       2.579600000000000E+046
   19.2500000000000       2.434800000000000E+046
   19.3000000000000       2.298000000000000E+046
   19.3500000000000       2.168700000000000E+046
   19.4000000000000       2.046600000000000E+046
   19.4500000000000       1.931200000000000E+046
   19.5000000000000       1.822200000000000E+046
   19.5500000000000       1.719300000000000E+046
   19.6000000000000       1.622100000000000E+046
   19.6500000000000       1.530300000000000E+046
   19.7000000000000       1.443600000000000E+046
   19.7500000000000       1.361800000000000E+046
   19.8000000000000       1.284500000000000E+046
   19.8500000000000       1.211600000000000E+046
   19.9000000000000       1.142700000000000E+046
   19.9500000000000       1.077700000000000E+046
   20.0000000000000       1.016300000000000E+046
   20.0500000000000       9.584200000000000E+045
   20.1000000000000       9.037500000000000E+045
   20.1500000000000       8.521600000000000E+045
   20.2000000000000       8.034800000000000E+045
   20.2500000000000       7.575400000000000E+045
   20.3000000000000       7.142000000000000E+045
   20.3500000000000       6.732999999999999E+045
   20.4000000000000       6.347100000000000E+045
   20.4500000000000       5.983100000000000E+045
   20.5000000000000       5.639700000000000E+045
   20.5500000000000       5.315800000000000E+045
   20.6000000000000       5.010200000000000E+045
   20.6500000000000       4.722000000000000E+045
   20.7000000000000       4.450200000000000E+045
   20.7500000000000       4.193900000000000E+045
   20.8000000000000       3.952100000000000E+045
   20.8500000000000       3.724100000000000E+045
   20.9000000000000       3.509100000000000E+045
   20.9500000000000       3.306400000000000E+045
   21.0000000000000       3.115300000000000E+045
   21.0500000000000       2.935000000000000E+045
   21.1000000000000       2.765100000000000E+045
   21.1500000000000       2.605000000000000E+045
   21.2000000000000       2.454000000000000E+045
   21.2500000000000       2.311700000000000E+045
   21.3000000000000       2.177500000000000E+045
   21.3500000000000       2.051000000000000E+045
   21.4000000000000       1.931800000000000E+045
   21.4500000000000       1.819500000000000E+045
   21.5000000000000       1.713600000000000E+045
   21.5500000000000       1.613900000000000E+045
   21.6000000000000       1.519800000000000E+045
   21.6500000000000       1.431200000000000E+045
   21.7000000000000       1.347800000000000E+045
   21.7500000000000       1.269100000000000E+045
   21.8000000000000       1.195000000000000E+045
   21.8500000000000       1.125200000000000E+045
   21.9000000000000       1.059400000000000E+045
   21.9500000000000       9.973999999999999E+044
   22.0000000000000       9.390099999999999E+044
   22.0500000000000       8.840200000000000E+044
   22.1000000000000       8.322100000000000E+044
   22.1500000000000       7.834100000000000E+044
   22.2000000000000       7.374500000000000E+044
   22.2500000000000       6.941600000000000E+044
   22.3000000000000       6.533900000000000E+044
   22.3500000000000       6.149900000000000E+044
   22.4000000000000       5.788300000000000E+044
   22.4500000000000       5.447800000000000E+044
   22.5000000000000       5.127100000000000E+044
   22.5500000000000       4.825200000000000E+044
   22.6000000000000       4.540800000000000E+044
   22.6500000000000       4.273100000000000E+044
   22.7000000000000       4.021100000000000E+044
   22.7500000000000       3.783800000000000E+044
   22.8000000000000       3.560300000000000E+044
   22.8500000000000       3.350000000000000E+044
   22.9000000000000       3.152000000000000E+044
   22.9500000000000       2.965600000000000E+044
   23.0000000000000       2.790100000000000E+044
   23.0500000000000       2.624900000000000E+044
   23.1000000000000       2.469500000000000E+044
   23.1500000000000       2.323200000000000E+044
   23.2000000000000       2.185400000000000E+044
   23.2500000000000       2.055800000000000E+044
   23.3000000000000       1.933800000000000E+044
   23.3500000000000       1.819000000000000E+044
   23.4000000000000       1.711000000000000E+044
   23.4500000000000       1.609300000000000E+044
   23.5000000000000       1.513600000000000E+044
   23.5500000000000       1.423600000000000E+044
   23.6000000000000       1.338800000000000E+044
   23.6500000000000       1.259100000000000E+044
   23.7000000000000       1.184100000000000E+044
   23.7500000000000       1.113600000000000E+044
   23.8000000000000       1.047200000000000E+044
   23.8500000000000       9.847199999999999E+043
   23.9000000000000       9.259600000000000E+043
   23.9500000000000       8.706800000000000E+043
   24.0000000000000       8.186800000000000E+043
   24.0500000000000       7.697600000000000E+043
   24.1000000000000       7.237500000000000E+043
   24.1500000000000       6.804700000000000E+043
   24.2000000000000       6.397600000000000E+043
   24.2500000000000       6.014600000000000E+043
   24.3000000000000       5.654500000000000E+043
   24.3500000000000       5.315700000000000E+043
   24.4000000000000       4.997200000000000E+043
   24.4500000000000       4.697600000000000E+043
   24.5000000000000       4.415800000000000E+043
   24.5500000000000       4.150800000000000E+043
   24.6000000000000       3.901700000000000E+043
   24.6500000000000       3.667400000000000E+043
   24.7000000000000       3.447000000000000E+043
   24.7500000000000       3.239800000000000E+043
   24.8000000000000       3.045000000000000E+043
   24.8500000000000       2.861900000000000E+043
   24.9000000000000       2.689700000000000E+043
   24.9500000000000       2.527800000000000E+043
   25.0000000000000       2.375500000000000E+043
