  0.000000000000000E+000  0.000000000000000E+000
  5.000000000000000E-002  8.470018351563603E+044
  0.100000000000000       1.112209512912882E+047
  0.150000000000000       7.733814750362659E+047
  0.200000000000000       3.414421110415391E+048
  0.250000000000000       1.016623697963758E+049
  0.300000000000000       2.249229689778932E+049
  0.350000000000000       4.171335344845635E+049
  0.400000000000000       6.799091584115358E+049
  0.450000000000000       9.823810723271230E+049
  0.500000000000000       1.322478126313950E+050
  0.550000000000000       1.693301859235009E+050
  0.600000000000000       2.067702134803847E+050
  0.650000000000000       2.444231866543957E+050
  0.700000000000000       2.818601749412560E+050
  0.750000000000000       3.182843446655533E+050
  0.800000000000000       3.528750780171757E+050
  0.850000000000000       3.854213498478781E+050
  0.900000000000000       4.154288120638674E+050
  0.950000000000000       4.426780680784917E+050
   1.00000000000000       4.668347080283199E+050
   1.05000000000000       4.876194239686685E+050
   1.10000000000000       5.052408994755750E+050
   1.15000000000000       5.193330146596892E+050
   1.20000000000000       5.303743623685574E+050
   1.25000000000000       5.386952432313296E+050
   1.30000000000000       5.441674463280095E+050
   1.35000000000000       5.470820722598048E+050
   1.40000000000000       5.475595029302471E+050
   1.45000000000000       5.457732488818730E+050
   1.50000000000000       5.418456948961917E+050
   1.55000000000000       5.361041929539351E+050
   1.60000000000000       5.286703803957354E+050
   1.65000000000000       5.197561460905106E+050
   1.70000000000000       5.096887544732286E+050
   1.75000000000000       4.984884229192836E+050
   1.80000000000000       4.862624264787025E+050
   1.85000000000000       4.733742848943380E+050
   1.90000000000000       4.598224439868612E+050
   1.95000000000000       4.456948878418530E+050
   2.00000000000000       4.312302350400170E+050
   2.05000000000000       4.164342536459544E+050
   2.10000000000000       4.013837611255146E+050
   2.15000000000000       3.862198407129156E+050
   2.20000000000000       3.709956443100156E+050
   2.25000000000000       3.559716188697132E+050
   2.30000000000000       3.411369558066073E+050
   2.35000000000000       3.263761009012745E+050
   2.40000000000000       3.117517292035508E+050
   2.45000000000000       2.977479594975152E+050
   2.50000000000000       2.841647300558686E+050
   2.55000000000000       2.708625045670723E+050
   2.60000000000000       2.579146785852332E+050
   2.65000000000000       2.453640365811640E+050
   2.70000000000000       2.331615138810325E+050
   2.75000000000000       2.213056758136722E+050
   2.80000000000000       2.101460402682567E+050
   2.85000000000000       1.993238141440407E+050
   2.90000000000000       1.888543414492648E+050
   2.95000000000000       1.786393380458614E+050
   3.00000000000000       1.689702839663770E+050
   3.05000000000000       1.598110619260531E+050
   3.10000000000000       1.508772365380168E+050
   3.15000000000000       1.422100179031778E+050
   3.20000000000000       1.339685569000876E+050
   3.25000000000000       1.262801637021472E+050
   3.30000000000000       1.190621701791316E+050
   3.35000000000000       1.122094991268906E+050
   3.40000000000000       1.057188553982982E+050
   3.45000000000000       9.943735868021401E+049
   3.50000000000000       9.342096388422755E+049
   3.55000000000000       8.764628502178933E+049
   3.60000000000000       8.207449474897938E+049
   3.65000000000000       7.660058174160965E+049
   3.70000000000000       7.174567471940598E+049
   3.75000000000000       6.750924817224735E+049
   3.80000000000000       6.341392775926309E+049
   3.85000000000000       5.946688871363976E+049
   3.90000000000000       5.571391021218355E+049
   3.95000000000000       5.211683248724295E+049
   4.00000000000000       4.869096207297918E+049
   4.05000000000000       4.529327055151031E+049
   4.10000000000000       4.197401512018999E+049
   4.15000000000000       3.916882090490249E+049
   4.20000000000000       3.670478299111833E+049
   4.25000000000000       3.437444393755036E+049
   4.30000000000000       3.211885843488761E+049
   4.35000000000000       3.002837533444133E+049
   4.40000000000000       2.800818899976590E+049
   4.45000000000000       2.604720731220574E+049
   4.50000000000000       2.412572362024747E+049
   4.55000000000000       2.229322127993881E+049
   4.60000000000000       2.066923576201189E+049
   4.65000000000000       1.931543073151887E+049
   4.70000000000000       1.801013170959740E+049
   4.75000000000000       1.680049881359554E+049
   4.80000000000000       1.565551087415520E+049
   4.85000000000000       1.456184892822654E+049
   4.90000000000000       1.350468818569205E+049
   4.95000000000000       1.248984061665728E+049
   5.00000000000000       1.148626981464632E+049
   5.05000000000000       1.060076859599789E+049
   5.10000000000000       9.866492950459387E+048
   5.15000000000000       9.187378402409554E+048
   5.20000000000000       8.552636383202505E+048
   5.25000000000000       7.943451774480268E+048
   5.30000000000000       7.355200869019235E+048
   5.35000000000000       6.812180867462699E+048
   5.40000000000000       6.283656656099631E+048
   5.45000000000000       5.757645458242789E+048
   5.50000000000000       5.302394253054858E+048
   5.55000000000000       4.917762647266914E+048
   5.60000000000000       4.573016259477981E+048
   5.65000000000000       4.250408587974463E+048
   5.70000000000000       3.932427145326382E+048
   5.75000000000000       3.634986499179878E+048
   5.80000000000000       3.349701911831048E+048
   5.85000000000000       3.082052095109541E+048
   5.90000000000000       2.822241245066036E+048
   5.95000000000000       2.594270677581303E+048
   6.00000000000000       2.399840595435719E+048
   6.05000000000000       2.229550033632685E+048
   6.10000000000000       2.066564237391344E+048
   6.15000000000000       1.909542757849458E+048
   6.20000000000000       1.761592042295528E+048
   6.25000000000000       1.615067666283993E+048
   6.30000000000000       1.481138784983150E+048
   6.35000000000000       1.356637841171712E+048
   6.40000000000000       1.244054069914167E+048
   6.45000000000000       1.147534152807152E+048
   6.50000000000000       1.065491204684012E+048
   6.55000000000000       9.861940576138369E+047
   6.60000000000000       9.114968954106662E+047
   6.65000000000000       8.382901039591297E+047
   6.70000000000000       7.680528825572951E+047
   6.75000000000000       7.010739514492779E+047
   6.80000000000000       6.399768530115724E+047
   6.85000000000000       5.862857261252209E+047
   6.90000000000000       5.393997527763575E+047
   6.95000000000000       5.006013722065855E+047
   7.00000000000000       4.636003459710766E+047
   7.05000000000000       4.281544145011122E+047
   7.10000000000000       3.935961738257049E+047
   7.15000000000000       3.604743433167022E+047
   7.20000000000000       3.278373400402039E+047
   7.25000000000000       2.970129446806354E+047
   7.30000000000000       2.718327886156459E+047
   7.35000000000000       2.497630856601440E+047
   7.40000000000000       2.321252914942067E+047
   7.45000000000000       2.149106604598001E+047
   7.50000000000000       1.984571643055555E+047
   7.55000000000000       1.824142781797274E+047
   7.60000000000000       1.668533772334591E+047
   7.65000000000000       1.516337782958704E+047
   7.70000000000000       1.367977013952926E+047
   7.75000000000000       1.244096978086995E+047
   7.80000000000000       1.144789752100412E+047
   7.85000000000000       1.063181656826743E+047
   7.90000000000000       9.848242259145357E+046
   7.95000000000000       9.088995578652125E+046
   8.00000000000000       8.356051279286262E+046
   8.05000000000000       7.632964487756713E+046
   8.10000000000000       6.933792517194540E+046
   8.15000000000000       6.249468096423817E+046
   8.20000000000000       5.649401005730933E+046
   8.25000000000000       5.190447216703348E+046
   8.30000000000000       4.812710427638158E+046
   8.35000000000000       4.458612565725675E+046
   8.40000000000000       4.119746896555832E+046
   8.45000000000000       3.789111895317121E+046
   8.50000000000000       3.448501883875099E+046
   8.55000000000000       3.132225833037444E+046
   8.60000000000000       2.827125850759335E+046
   8.65000000000000       2.547285967873523E+046
   8.70000000000000       2.321229213137323E+046
   8.75000000000000       2.147079317853823E+046
   8.80000000000000       1.991539473736152E+046
   8.85000000000000       1.841721760800361E+046
   8.90000000000000       1.690187888001875E+046
   8.95000000000000       1.545553350535638E+046
   9.00000000000000       1.364345364228490E+046
   9.05000000000000       1.235035843585494E+046
   9.10000000000000       1.111534167571157E+046
   9.15000000000000       1.007054261178298E+046
   9.20000000000000       9.239703688812869E+045
   9.25000000000000       8.534284760033877E+045
   9.30000000000000       7.900573430639579E+045
   9.35000000000000       7.246166646457347E+045
   9.40000000000000       6.444597920950256E+045
   9.45000000000000       5.864855911267237E+045
   9.50000000000000       5.314423724879415E+045
   9.55000000000000       4.791761235725551E+045
   9.60000000000000       4.329747932147513E+045
   9.65000000000000       3.934680601934682E+045
   9.70000000000000       3.656964500622476E+045
   9.75000000000000       3.389938267789626E+045
   9.80000000000000       3.128180923266261E+045
   9.85000000000000       2.871525194456715E+045
   9.90000000000000       2.426001180583249E+045
   9.95000000000000       2.199637302795525E+045
   10.0000000000000       1.642740523389158E+045
   10.0500000000000       1.483006169486833E+045
   10.1000000000000       1.211331378385482E+045
   10.1500000000000       1.102359198026115E+045
   10.2000000000000       1.024867229259530E+045
   10.2500000000000       9.505815911192257E+044
   10.3000000000000       8.773724747933740E+044
   10.3500000000000       8.066234033154940E+044
   10.4000000000000       7.358242260091754E+044
   10.4500000000000       6.683757454984022E+044
   10.5000000000000       5.072171117850499E+044
   10.5500000000000       4.553815784271131E+044
   10.6000000000000       4.108450917889180E+044
   10.6500000000000       3.785550163403067E+044
   10.7000000000000       3.521761410206314E+044
   10.7500000000000       3.260435982034823E+044
   10.8000000000000       3.014504768129784E+044
   10.8500000000000       2.768661268768312E+044
   10.9000000000000       2.528505717963541E+044
   10.9500000000000       2.303623437542638E+044
   11.0000000000000       2.078580883794061E+044
   11.0500000000000       1.796209264176519E+044
   11.1000000000000       1.624304346463335E+044
   11.1500000000000       1.416417966332807E+044
   11.2000000000000       1.316774624963098E+044
   11.2500000000000       1.140573008937535E+044
   11.3000000000000       1.051163104176515E+044
   11.3500000000000       9.617096953375858E+043
   11.4000000000000       7.273343266212018E+043
   11.4500000000000       6.572671863841996E+043
   11.5000000000000       5.871907591644516E+043
   11.5500000000000       2.972347672339712E+043
   11.6000000000000       2.670282629434153E+043
   11.6500000000000       2.507168911789839E+043
   11.7000000000000       2.344053765972815E+043
   11.7500000000000       2.180937012332467E+043
   11.8000000000000       2.017818424169914E+043
   11.8500000000000       1.854697708821784E+043
   11.9000000000000       1.691574478220283E+043
   11.9500000000000       1.528448201177802E+043
   12.0000000000000       1.365318122235490E+043
   12.0500000000000       7.355906292864792E+042
   12.1000000000000       3.488915126325326E+042
   12.1500000000000       3.272759140796248E+042
   12.2000000000000       3.056601692748499E+042
   12.2500000000000       2.840442665379418E+042
   12.3000000000000       2.624281921185380E+042
   12.3500000000000       2.408119295801287E+042
   12.4000000000000       2.191954589098275E+042
   12.4500000000000       1.975787551819319E+042
   12.5000000000000       1.759617864570785E+042
   12.5500000000000       1.176261423704653E+042
   12.6000000000000       1.328014507458244E+040
   12.6500000000000       1.244511013755848E+040
   12.7000000000000       1.161005895973246E+040
   12.7500000000000       1.077499033774181E+040
   12.8000000000000       9.939902878074247E+039
   12.8500000000000       9.104794948297654E+039
   12.9000000000000       8.269664610066028E+039
   12.9500000000000       7.434509524505924E+039
   13.0000000000000       6.599326814085298E+039
   13.0500000000000        948459439.999999     
   13.1000000000000        948459439.999999     
   13.1500000000000        948459439.999999     
   13.2000000000000        948459439.999999     
   13.2500000000000        948459439.999999     
   13.3000000000000        948459439.999999     
   13.3500000000000        948459439.999999     
   13.4000000000000        948459439.999999     
   13.4500000000000        948459439.999999     
   13.5000000000000        948459439.999999     
   13.5500000000000        948459439.999999     
   13.6000000000000        948459439.999999     
   13.6500000000000        948459439.999999     
   13.7000000000000        948459439.999999     
   13.7500000000000        948459439.999999     
   13.8000000000000        948459439.999999     
   13.8500000000000        948459439.999999     
   13.9000000000000        948459439.999999     
   13.9500000000000        948459439.999999     
   14.0000000000000        948459439.999999     
   14.0500000000000        948459439.999999     
   14.1000000000000        948459439.999999     
   14.1500000000000        948459439.999999     
   14.2000000000000        948459439.999999     
   14.2500000000000        948459439.999999     
   14.3000000000000        948459439.999999     
   14.3500000000000        948459439.999999     
   14.4000000000000        948459439.999999     
   14.4500000000000        948459439.999999     
   14.5000000000000        948459439.999999     
   14.5500000000000        948459439.999999     
   14.6000000000000        948459439.999999     
   14.6500000000000        948459439.999999     
   14.7000000000000        948459439.999999     
   14.7500000000000        948459439.999999     
   14.8000000000000        948459439.999999     
   14.8500000000000        948459439.999999     
   14.9000000000000        948459439.999999     
   14.9500000000000        948459439.999999     
   15.0000000000000        948459439.999999     
   15.0500000000000        948459439.999999     
   15.1000000000000        948459439.999999     
   15.1500000000000        948459439.999999     
   15.2000000000000        948459439.999999     
   15.2500000000000        948459439.999999     
   15.3000000000000        948459439.999999     
   15.3500000000000        948459439.999999     
   15.4000000000000        948459439.999999     
   15.4500000000000        948459439.999999     
   15.5000000000000        948459439.999999     
   15.5500000000000        948459439.999999     
   15.6000000000000        948459439.999999     
   15.6500000000000        948459439.999999     
   15.7000000000000        948459439.999999     
   15.7500000000000        948459439.999999     
   15.8000000000000        948459439.999999     
   15.8500000000000        948459439.999999     
   15.9000000000000        948459439.999999     
   15.9500000000000        948459439.999999     
   16.0000000000000        948459439.999999     
   16.0500000000000        948459439.999999     
   16.1000000000000        948459439.999999     
   16.1500000000000        948459439.999999     
   16.2000000000000        948459439.999999     
   16.2500000000000        948459439.999999     
   16.3000000000000        948459439.999999     
   16.3500000000000        948459439.999999     
   16.4000000000000        948459439.999999     
   16.4500000000000        948459439.999999     
   16.5000000000000        948459439.999999     
   16.5500000000000        948459439.999999     
   16.6000000000000        948459439.999999     
   16.6500000000000        948459439.999999     
   16.7000000000000        948459439.999999     
   16.7500000000000        948459439.999999     
   16.8000000000000        948459439.999999     
   16.8500000000000        948459439.999999     
   16.9000000000000        948459439.999999     
   16.9500000000000        948459439.999999     
   17.0000000000000        948459439.999999     
   17.0500000000000        948459439.999999     
   17.1000000000000        948459439.999999     
   17.1500000000000        948459439.999999     
   17.2000000000000        948459439.999999     
   17.2500000000000        948459439.999999     
   17.3000000000000        948459439.999999     
   17.3500000000000        948459439.999999     
   17.4000000000000        948459439.999999     
   17.4500000000000        948459439.999999     
   17.5000000000000        948459439.999999     
   17.5500000000000        948459439.999999     
   17.6000000000000        948459439.999999     
   17.6500000000000        948459439.999999     
   17.7000000000000        948459439.999999     
   17.7500000000000        948459439.999999     
   17.8000000000000        948459439.999999     
   17.8500000000000        948459439.999999     
   17.9000000000000        948459439.999999     
   17.9500000000000        948459439.999999     
   18.0000000000000        948459439.999999     
   18.0500000000000        948459439.999999     
   18.1000000000000        948459439.999999     
   18.1500000000000        948459439.999999     
   18.2000000000000        948459439.999999     
   18.2500000000000        948459439.999999     
   18.3000000000000        948459439.999999     
   18.3500000000000        948459439.999999     
   18.4000000000000        948459439.999999     
   18.4500000000000        948459439.999999     
   18.5000000000000        948459439.999999     
   18.5500000000000        948459439.999999     
   18.6000000000000        948459439.999999     
   18.6500000000000        948459439.999999     
   18.7000000000000        948459439.999999     
   18.7500000000000        948459439.999999     
   18.8000000000000        948459439.999999     
   18.8500000000000        948459439.999999     
   18.9000000000000        948459439.999999     
   18.9500000000000        948459439.999999     
   19.0000000000000        948459439.999999     
   19.0500000000000        948459439.999999     
   19.1000000000000        948459439.999999     
   19.1500000000000        948459439.999999     
   19.2000000000000        948459439.999999     
   19.2500000000000        948459439.999999     
   19.3000000000000        948459439.999999     
   19.3500000000000        948459439.999999     
   19.4000000000000        948459439.999999     
   19.4500000000000        948459439.999999     
   19.5000000000000        948459439.999999     
   19.5500000000000        948459439.999999     
   19.6000000000000        948459439.999999     
   19.6500000000000        948459439.999999     
   19.7000000000000        948459439.999999     
   19.7500000000000        948459439.999999     
   19.8000000000000        948459439.999999     
   19.8500000000000        948459439.999999     
   19.9000000000000        948459439.999999     
   19.9500000000000        948459439.999999     
   20.0000000000000        948459439.999999     
   20.0500000000000        948459439.999999     
   20.1000000000000        948459439.999999     
   20.1500000000000        948459439.999999     
   20.2000000000000        948459439.999999     
   20.2500000000000        948459439.999999     
   20.3000000000000        948459439.999999     
   20.3500000000000        948459439.999999     
   20.4000000000000        948459439.999999     
   20.4500000000000        948459439.999999     
   20.5000000000000        948459439.999999     
   20.5500000000000        948459439.999999     
   20.6000000000000        948459439.999999     
   20.6500000000000        948459439.999999     
   20.7000000000000        948459439.999999     
   20.7500000000000        948459439.999999     
   20.8000000000000        948459439.999999     
   20.8500000000000        948459439.999999     
   20.9000000000000        948459439.999999     
   20.9500000000000        948459439.999999     
   21.0000000000000        948459439.999999     
   21.0500000000000        948459439.999999     
   21.1000000000000        948459439.999999     
   21.1500000000000        948459439.999999     
   21.2000000000000        948459439.999999     
   21.2500000000000        948459439.999999     
   21.3000000000000        948459439.999999     
   21.3500000000000        948459439.999999     
   21.4000000000000        948459439.999999     
   21.4500000000000        948459439.999999     
   21.5000000000000        948459439.999999     
   21.5500000000000        948459439.999999     
   21.6000000000000        948459439.999999     
   21.6500000000000        948459439.999999     
   21.7000000000000        948459439.999999     
   21.7500000000000        948459439.999999     
   21.8000000000000        948459439.999999     
   21.8500000000000        948459439.999999     
   21.9000000000000        948459439.999999     
   21.9500000000000        948459439.999999     
   22.0000000000000        948459439.999999     
   22.0500000000000        948459439.999999     
   22.1000000000000        948459439.999999     
   22.1500000000000        948459439.999999     
   22.2000000000000        948459439.999999     
   22.2500000000000        948459439.999999     
   22.3000000000000        948459439.999999     
   22.3500000000000        948459439.999999     
   22.4000000000000        948459439.999999     
   22.4500000000000        948459439.999999     
   22.5000000000000        948459439.999999     
   22.5500000000000        948459439.999999     
   22.6000000000000        948459439.999999     
   22.6500000000000        948459439.999999     
   22.7000000000000        948459439.999999     
   22.7500000000000        948459439.999999     
   22.8000000000000        948459439.999999     
   22.8500000000000        948459439.999999     
   22.9000000000000        948459439.999999     
   22.9500000000000        948459439.999999     
   23.0000000000000        948459439.999999     
   23.0500000000000        948459439.999999     
   23.1000000000000        948459439.999999     
   23.1500000000000        948459439.999999     
   23.2000000000000        948459439.999999     
   23.2500000000000        948459439.999999     
   23.3000000000000        948459439.999999     
   23.3500000000000        948459439.999999     
   23.4000000000000        948459439.999999     
   23.4500000000000        948459439.999999     
   23.5000000000000        948459439.999999     
   23.5500000000000        948459439.999999     
   23.6000000000000        948459439.999999     
   23.6500000000000        948459439.999999     
   23.7000000000000        948459439.999999     
   23.7500000000000        948459439.999999     
   23.8000000000000        948459439.999999     
   23.8500000000000        948459439.999999     
   23.9000000000000        948459439.999999     
   23.9500000000000        948459439.999999     
   24.0000000000000        948459439.999999     
   24.0500000000000        948459439.999999     
   24.1000000000000        948459439.999999     
   24.1500000000000        948459439.999999     
   24.2000000000000        948459439.999999     
   24.2500000000000        948459439.999999     
   24.3000000000000        948459439.999999     
   24.3500000000000        948459439.999999     
   24.4000000000000        948459439.999999     
   24.4500000000000        948459439.999999     
   24.5000000000000        948459439.999999     
   24.5500000000000        948459439.999999     
   24.6000000000000        948459439.999999     
   24.6500000000000        948459439.999999     
   24.7000000000000        948459439.999999     
   24.7500000000000        948459439.999999     
   24.8000000000000        948459439.999999     
   24.8500000000000        948459439.999999     
   24.9000000000000        948459439.999999     
   24.9500000000000        948459439.999999     
   25.0000000000000        948459439.999999     
