  0.000000000000000E+000  0.000000000000000E+000
  5.000000000000000E-002  2.155861357020930E+047
  0.100000000000000       8.937354907542196E+047
  0.150000000000000       6.118181300536330E+048
  0.200000000000000       1.766886487717165E+049
  0.250000000000000       4.237534194413245E+049
  0.300000000000000       8.264355557344937E+049
  0.350000000000000       1.413536723734771E+050
  0.400000000000000       2.207250041968482E+050
  0.450000000000000       3.172340881785074E+050
  0.500000000000000       4.327897946757466E+050
  0.550000000000000       5.624438678934468E+050
  0.600000000000000       7.063177902072148E+050
  0.650000000000000       8.594821894260487E+050
  0.700000000000000       1.019048886384814E+051
  0.750000000000000       1.185838426046799E+051
  0.800000000000000       1.357896509689561E+051
  0.850000000000000       1.534084542614143E+051
  0.900000000000000       1.710466510949633E+051
  0.950000000000000       1.884113003057247E+051
   1.00000000000000       2.053610978146019E+051
   1.05000000000000       2.217857730944296E+051
   1.10000000000000       2.375797111032126E+051
   1.15000000000000       2.526804592947044E+051
   1.20000000000000       2.670855066606818E+051
   1.25000000000000       2.807510109852033E+051
   1.30000000000000       2.936989487472332E+051
   1.35000000000000       3.058512915044587E+051
   1.40000000000000       3.171661044242368E+051
   1.45000000000000       3.276578986862641E+051
   1.50000000000000       3.372491203641088E+051
   1.55000000000000       3.460180111465450E+051
   1.60000000000000       3.537579312904172E+051
   1.65000000000000       3.608062027387419E+051
   1.70000000000000       3.668748954433187E+051
   1.75000000000000       3.721929200858682E+051
   1.80000000000000       3.766275154733950E+051
   1.85000000000000       3.802897299123455E+051
   1.90000000000000       3.832563804731405E+051
   1.95000000000000       3.855279852792350E+051
   2.00000000000000       3.871255711935921E+051
   2.05000000000000       3.881492551353527E+051
   2.10000000000000       3.884513222796634E+051
   2.15000000000000       3.883226557346688E+051
   2.20000000000000       3.874592130267565E+051
   2.25000000000000       3.861822426311855E+051
   2.30000000000000       3.843038351549428E+051
   2.35000000000000       3.821363169865203E+051
   2.40000000000000       3.794961156097298E+051
   2.45000000000000       3.764504236393953E+051
   2.50000000000000       3.730496102773184E+051
   2.55000000000000       3.692253547558618E+051
   2.60000000000000       3.651191150413818E+051
   2.65000000000000       3.606499263343382E+051
   2.70000000000000       3.559438337829286E+051
   2.75000000000000       3.509956373403600E+051
   2.80000000000000       3.459411154852347E+051
   2.85000000000000       3.406622200486842E+051
   2.90000000000000       3.351215720075226E+051
   2.95000000000000       3.294639093038323E+051
   3.00000000000000       3.236239343582691E+051
   3.05000000000000       3.176423893622715E+051
   3.10000000000000       3.115583685307284E+051
   3.15000000000000       3.053855673804370E+051
   3.20000000000000       2.992442533100031E+051
   3.25000000000000       2.929941248393826E+051
   3.30000000000000       2.867151751681006E+051
   3.35000000000000       2.802553495045236E+051
   3.40000000000000       2.738404848805446E+051
   3.45000000000000       2.673792376214753E+051
   3.50000000000000       2.608999391090781E+051
   3.55000000000000       2.544409505050261E+051
   3.60000000000000       2.480299910637960E+051
   3.65000000000000       2.417033263483438E+051
   3.70000000000000       2.354506306233275E+051
   3.75000000000000       2.293041319867500E+051
   3.80000000000000       2.231627877755052E+051
   3.85000000000000       2.170914312640032E+051
   3.90000000000000       2.111048566449054E+051
   3.95000000000000       2.052507953752920E+051
   4.00000000000000       1.994377586197424E+051
   4.05000000000000       1.935979689517864E+051
   4.10000000000000       1.879301508970062E+051
   4.15000000000000       1.823971471282006E+051
   4.20000000000000       1.770037012121126E+051
   4.25000000000000       1.717059305111299E+051
   4.30000000000000       1.665275222301779E+051
   4.35000000000000       1.615316973814064E+051
   4.40000000000000       1.565861899357505E+051
   4.45000000000000       1.516647264956404E+051
   4.50000000000000       1.468885013576783E+051
   4.55000000000000       1.422177742707771E+051
   4.60000000000000       1.377001512375228E+051
   4.65000000000000       1.332531276507845E+051
   4.70000000000000       1.288515484777928E+051
   4.75000000000000       1.245656355460350E+051
   4.80000000000000       1.204116536339460E+051
   4.85000000000000       1.163345765378197E+051
   4.90000000000000       1.123855691652725E+051
   4.95000000000000       1.086305362970277E+051
   5.00000000000000       1.049274513420581E+051
   5.05000000000000       1.012709087176325E+051
   5.10000000000000       9.767182151067917E+050
   5.15000000000000       9.408596669501073E+050
   5.20000000000000       9.061359136272972E+050
   5.25000000000000       8.750823883671343E+050
   5.30000000000000       8.447632303064835E+050
   5.35000000000000       8.149111488904952E+050
   5.40000000000000       7.853586053897731E+050
   5.45000000000000       7.574464870445149E+050
   5.50000000000000       7.296865418329640E+050
   5.55000000000000       7.034682155738696E+050
   5.60000000000000       6.778580815036506E+050
   5.65000000000000       6.527867100931036E+050
   5.70000000000000       6.281225151076501E+050
   5.75000000000000       6.037885473596216E+050
   5.80000000000000       5.802306316692185E+050
   5.85000000000000       5.572172236409457E+050
   5.90000000000000       5.347366245698380E+050
   5.95000000000000       5.133707029932219E+050
   6.00000000000000       4.937771465045383E+050
   6.05000000000000       4.748937974937115E+050
   6.10000000000000       4.568999430986623E+050
   6.15000000000000       4.398079919949343E+050
   6.20000000000000       4.230161248265407E+050
   6.25000000000000       4.070409374550041E+050
   6.30000000000000       3.912547067003618E+050
   6.35000000000000       3.759636731879097E+050
   6.40000000000000       3.610457505816222E+050
   6.45000000000000       3.462550024645257E+050
   6.50000000000000       3.321733714398130E+050
   6.55000000000000       3.183666191045868E+050
   6.60000000000000       3.045817044676917E+050
   6.65000000000000       2.908398646033789E+050
   6.70000000000000       2.783917901454902E+050
   6.75000000000000       2.669978038403155E+050
   6.80000000000000       2.567193988924707E+050
   6.85000000000000       2.466258837059950E+050
   6.90000000000000       2.367389969701676E+050
   6.95000000000000       2.274059158677738E+050
   7.00000000000000       2.181748238686956E+050
   7.05000000000000       2.092960914611242E+050
   7.10000000000000       2.005408232049843E+050
   7.15000000000000       1.920743114476894E+050
   7.20000000000000       1.839870046886963E+050
   7.25000000000000       1.760375574276974E+050
   7.30000000000000       1.681112545119655E+050
   7.35000000000000       1.602903959839946E+050
   7.40000000000000       1.526063781117455E+050
   7.45000000000000       1.462148680699574E+050
   7.50000000000000       1.401218395337854E+050
   7.55000000000000       1.343967031253089E+050
   7.60000000000000       1.288708043498584E+050
   7.65000000000000       1.235685928330371E+050
   7.70000000000000       1.182986890577587E+050
   7.75000000000000       1.132406397900506E+050
   7.80000000000000       1.084517205232521E+050
   7.85000000000000       1.037173580369108E+050
   7.90000000000000       9.905810858904645E+049
   7.95000000000000       9.453698240529105E+049
   8.00000000000000       9.023490676897691E+049
   8.05000000000000       8.600179712719489E+049
   8.10000000000000       8.186921422873397E+049
   8.15000000000000       7.799834369381392E+049
   8.20000000000000       7.464667333534009E+049
   8.25000000000000       7.137154517255954E+049
   8.30000000000000       6.839143751954641E+049
   8.35000000000000       6.547932772873829E+049
   8.40000000000000       6.261860709245812E+049
   8.45000000000000       5.992333101143460E+049
   8.50000000000000       5.730127453562570E+049
   8.55000000000000       5.472115377281213E+049
   8.60000000000000       5.223560202028900E+049
   8.65000000000000       4.981769648950669E+049
   8.70000000000000       4.741211994535667E+049
   8.75000000000000       4.505229756109133E+049
   8.80000000000000       4.287934636715389E+049
   8.85000000000000       4.076495522573828E+049
   8.90000000000000       3.883517603279871E+049
   8.95000000000000       3.709894190844877E+049
   9.00000000000000       3.546791558315768E+049
   9.05000000000000       3.394400742526269E+049
   9.10000000000000       3.246600406667491E+049
   9.15000000000000       3.105862281508611E+049
   9.20000000000000       2.968197845907651E+049
   9.25000000000000       2.833940689446938E+049
   9.30000000000000       2.701683494717084E+049
   9.35000000000000       2.575685594857670E+049
   9.40000000000000       2.450526250005820E+049
   9.45000000000000       2.328017548608480E+049
   9.50000000000000       2.207452160832701E+049
   9.55000000000000       2.091269559052963E+049
   9.60000000000000       1.980465867983288E+049
   9.65000000000000       1.888384342441207E+049
   9.70000000000000       1.804889509891111E+049
   9.75000000000000       1.725011764737354E+049
   9.80000000000000       1.650971979980377E+049
   9.85000000000000       1.579367628347077E+049
   9.90000000000000       1.509928746216718E+049
   9.95000000000000       1.440963299261171E+049
   10.0000000000000       1.373370287011756E+049
   10.0500000000000       1.307708983139029E+049
   10.1000000000000       1.244168282018399E+049
   10.1500000000000       1.183293793682242E+049
   10.2000000000000       1.122462853767021E+049
   10.2500000000000       1.061716893677266E+049
   10.3000000000000       1.001057803687291E+049
   10.3500000000000       9.458667970018505E+048
   10.4000000000000       9.020882104428886E+048
   10.4500000000000       8.620892726975927E+048
   10.5000000000000       8.237969229582900E+048
   10.5500000000000       7.884834788168905E+048
   10.6000000000000       7.535922277623821E+048
   10.6500000000000       7.197059741233153E+048
   10.7000000000000       6.860716176672677E+048
   10.7500000000000       6.530242733258086E+048
   10.8000000000000       6.218827505061745E+048
   10.8500000000000       5.912106369055677E+048
   10.9000000000000       5.614000437976570E+048
   10.9500000000000       5.316448145620299E+048
   11.0000000000000       5.022275982727683E+048
   11.0500000000000       4.737675462926355E+048
   11.1000000000000       4.470340957445918E+048
   11.1500000000000       4.249822232069957E+048
   11.2000000000000       4.043951172996025E+048
   11.2500000000000       3.864777815094023E+048
   11.3000000000000       3.697295989693524E+048
   11.3500000000000       3.531499642251938E+048
   11.4000000000000       3.369372069896805E+048
   11.4500000000000       3.211161609629272E+048
   11.5000000000000       3.059027958211566E+048
   11.5500000000000       2.911382057935198E+048
   11.6000000000000       2.764505485776852E+048
   11.6500000000000       2.623070264791147E+048
   11.7000000000000       2.484189724892796E+048
   11.7500000000000       2.348071015090863E+048
   11.8000000000000       2.212306780573513E+048
   11.8500000000000       2.087683279277575E+048
   11.9000000000000       1.976136089611086E+048
   11.9500000000000       1.875743055740100E+048
   12.0000000000000       1.784298966944985E+048
   12.0500000000000       1.706250611068126E+048
   12.1000000000000       1.628869709210830E+048
   12.1500000000000       1.555383245188921E+048
   12.2000000000000       1.483956568543304E+048
   12.2500000000000       1.413254709207633E+048
   12.3000000000000       1.344654294522359E+048
   12.3500000000000       1.276976287208915E+048
   12.4000000000000       1.210711166822020E+048
   12.4500000000000       1.146997794389579E+048
   12.5000000000000       1.083286689878307E+048
   12.5500000000000       1.019836239334676E+048
   12.6000000000000       9.642745576879159E+047
   12.6500000000000       9.100401928133973E+047
   12.7000000000000       8.602136543010971E+047
   12.7500000000000       8.159409512282026E+047
   12.8000000000000       7.764219922425523E+047
   12.8500000000000       7.421711616874671E+047
   12.9000000000000       7.089159958183026E+047
   12.9500000000000       6.767224604628843E+047
   13.0000000000000       6.446222077218074E+047
   13.0500000000000       6.129021322434625E+047
   13.1000000000000       5.823173280886848E+047
   13.1500000000000       5.519351834495938E+047
   13.2000000000000       5.225068968560447E+047
   13.2500000000000       4.932389036017283E+047
   13.3000000000000       4.648167450501917E+047
   13.3500000000000       4.402143059900300E+047
   13.4000000000000       4.159038189971672E+047
   13.4500000000000       3.898802338937992E+047
   13.5000000000000       3.688674413059895E+047
   13.5500000000000       3.502439515855901E+047
   13.6000000000000       3.331216086001672E+047
   13.6500000000000       3.183879200246047E+047
   13.7000000000000       3.039301756835764E+047
   13.7500000000000       2.895049759200574E+047
   13.8000000000000       2.753853478621257E+047
   13.8500000000000       2.617021141853432E+047
   13.9000000000000       2.480205308822257E+047
   13.9500000000000       2.345704627012175E+047
   14.0000000000000       2.215240390000393E+047
   14.0500000000000       2.093327296562787E+047
   14.1000000000000       1.983122324823023E+047
   14.1500000000000       1.875605236697918E+047
   14.2000000000000       1.755173294902657E+047
   14.2500000000000       1.654866142021044E+047
   14.3000000000000       1.566101885977272E+047
   14.3500000000000       1.485255006257170E+047
   14.4000000000000       1.411451463420098E+047
   14.4500000000000       1.347947682789755E+047
   14.5000000000000       1.285312726422921E+047
   14.5500000000000       1.222752922894262E+047
   14.6000000000000       1.161879206189880E+047
   14.6500000000000       1.101385037712349E+047
   14.7000000000000       1.041429525598721E+047
   14.7500000000000       9.842765044263634E+046
   14.8000000000000       9.117899889375454E+046
   14.8500000000000       8.650726766020354E+046
   14.9000000000000       8.187407394929384E+046
   14.9500000000000       7.729493126216249E+046
   15.0000000000000       7.292288841620704E+046
   15.0500000000000       6.879854886507812E+046
   15.1000000000000       6.504448120902235E+046
   15.1500000000000       6.121235392509484E+046
   15.2000000000000       5.813176054133392E+046
   15.2500000000000       5.541521888228056E+046
   15.3000000000000       5.274832001154091E+046
   15.3500000000000       5.009250938049891E+046
   15.4000000000000       4.631980312873870E+046
   15.4500000000000       4.383937832156751E+046
   15.5000000000000       4.145367088097522E+046
   15.5500000000000       3.941103798558682E+046
   15.6000000000000       3.736867508292345E+046
   15.6500000000000       3.540782242639149E+046
   15.7000000000000       3.347191095080761E+046
   15.7500000000000       3.157761444322306E+046
   15.8000000000000       2.977387187885740E+046
   15.8500000000000       2.792244799096394E+046
   15.9000000000000       2.636534254017003E+046
   15.9500000000000       2.494059874857125E+046
   16.0000000000000       2.367923904359090E+046
   16.0500000000000       2.256346005104829E+046
   16.1000000000000       2.145707128956072E+046
   16.1500000000000       2.038113366190693E+046
   16.2000000000000       1.915272423051843E+046
   16.2500000000000       1.602553442815037E+046
   16.3000000000000       1.514454657027577E+046
   16.3500000000000       1.423543809675553E+046
   16.4000000000000       1.328555950575404E+046
   16.4500000000000       1.240658615559145E+046
   16.5000000000000       1.157412484293316E+046
   16.5500000000000       1.079386766474921E+046
   16.6000000000000       1.013070819435439E+046
   16.6500000000000       9.522134006918452E+045
   16.7000000000000       8.985756716218158E+045
   16.7500000000000       8.486968902451607E+045
   16.8000000000000       8.067877964099164E+045
   16.8500000000000       7.706488254450337E+045
   16.9000000000000       7.361974150113871E+045
   16.9500000000000       7.017261149856367E+045
   17.0000000000000       6.046270241541392E+045
   17.0500000000000       5.767227191213831E+045
   17.1000000000000       5.494019041638084E+045
   17.1500000000000       5.220765873043075E+045
   17.2000000000000       4.947459529722368E+045
   17.2500000000000       4.496366769359550E+045
   17.3000000000000       4.238048877213829E+045
   17.3500000000000       3.979668643140136E+045
   17.4000000000000       3.572125222407537E+045
   17.4500000000000       3.355623911628778E+045
   17.5000000000000       3.161114326457716E+045
   17.5500000000000       2.980526726368465E+045
   17.6000000000000       2.837094861492318E+045
   17.6500000000000       2.535144336576371E+045
   17.7000000000000       2.429210220093371E+045
   17.7500000000000       2.323238197116736E+045
   17.8000000000000       2.218685236086175E+045
   17.8500000000000       2.117775583487586E+045
   17.9000000000000       2.016856615072310E+045
   17.9500000000000       1.915926872570187E+045
   18.0000000000000       1.814984573101598E+045
   18.0500000000000       1.714027512589879E+045
   18.1000000000000       1.613052932127394E+045
   18.1500000000000       1.512057329397242E+045
   18.2000000000000       1.412715917280622E+045
   18.2500000000000       1.326481841659728E+045
   18.3000000000000       1.250236784016147E+045
   18.3500000000000       1.179002187444678E+045
   18.4000000000000       1.124650190218950E+045
   18.4500000000000       1.078975832624920E+045
   18.5000000000000       1.033285221512083E+045
   18.5500000000000       9.875750796837089E+044
   18.6000000000000       8.542535493974427E+044
   18.6500000000000       8.148430032730610E+044
   18.7000000000000       7.754313324850731E+044
   18.7500000000000       7.360183495176615E+044
   18.8000000000000       6.966038216786304E+044
   18.8500000000000       6.571874565062240E+044
   18.9000000000000       6.177688810940775E+044
   18.9500000000000       5.783476121422069E+044
   19.0000000000000       3.574579191317038E+044
   19.0500000000000       2.843202798480824E+044
   19.1000000000000       2.640588042766764E+044
   19.1500000000000       2.455822816392127E+044
   19.2000000000000       2.335761823713035E+044
   19.2500000000000       2.248639202412001E+044
   19.3000000000000       2.161516341081190E+044
   19.3500000000000       2.074393215979834E+044
   19.4000000000000       1.987269799496078E+044
   19.4500000000000       1.900146059287046E+044
   19.5000000000000       1.813021957175303E+044
   19.5500000000000       1.725897447715761E+044
   19.6000000000000       1.638772476313037E+044
   19.6500000000000       1.551646976712344E+044
   19.7000000000000       1.464520867606473E+044
   19.7500000000000       1.377394047970886E+044
   19.8000000000000       1.290266390528654E+044
   19.8500000000000       1.203137732405757E+044
   19.9000000000000       1.116007861450049E+044
   19.9500000000000       7.539439445950879E+043
   20.0000000000000       3.611002346661734E+043
   20.0500000000000       3.472893996438680E+043
   20.1000000000000       3.334785323680979E+043
   20.1500000000000       3.196676300724710E+043
   20.2000000000000       3.058566895574180E+043
   20.2500000000000       2.920457070945632E+043
   20.3000000000000       2.782346783037592E+043
   20.3500000000000       2.644235979931279E+043
   20.4000000000000       2.506124599481573E+043
   20.4500000000000       2.368012566497500E+043
   20.5000000000000       2.229899788911129E+043
   20.5500000000000       2.091786152482093E+043
   20.6000000000000       1.953671513330960E+043
   20.6500000000000       1.815555687178056E+043
   20.7000000000000       1.677438433441225E+043
   20.7500000000000       5.869640974170378E+042
   20.8000000000000       5.546715391218740E+042
   20.8500000000000       5.329956168951558E+042
   20.9000000000000       5.113196047951912E+042
   20.9500000000000       4.896434985107658E+042
   21.0000000000000       4.679672932848803E+042
   21.0500000000000       4.462909838404314E+042
   21.1000000000000       4.246145642881571E+042
   21.1500000000000       4.029380280114255E+042
   21.2000000000000       3.812613675198357E+042
   21.2500000000000       3.595845742608057E+042
   21.3000000000000       3.379076383726207E+042
   21.3500000000000       3.162305483549058E+042
   21.4000000000000       2.945532906192857E+042
   21.4500000000000       2.728758488617054E+042
   21.5000000000000       6.139014543380195E+041
   21.5500000000000       5.612765625648639E+041
   21.6000000000000       5.400442836296239E+041
   21.6500000000000       5.188118549323042E+041
   21.7000000000000       4.975792700224246E+041
   21.7500000000000       4.763465218702615E+041
   21.8000000000000       4.551136027848114E+041
   21.8500000000000       4.338805043152677E+041
   21.9000000000000       4.126472171317832E+041
   21.9500000000000       3.914137308796369E+041
   22.0000000000000       3.701800339990509E+041
   22.0500000000000       3.489461134996842E+041
   22.1000000000000       3.277119546744938E+041
   22.1500000000000       3.064775407310379E+041
   22.2000000000000       2.852428523077219E+041
   22.2500000000000       2.640078668259432E+041
   22.3000000000000       5.687799667630303E+040
   22.3500000000000        231449860.000000     
   22.4000000000000        231449860.000000     
   22.4500000000000        231449860.000000     
   22.5000000000000        231449860.000000     
   22.5500000000000        231449860.000000     
   22.6000000000000        231449860.000000     
   22.6500000000000        231449860.000000     
   22.7000000000000        231449860.000000     
   22.7500000000000        231449860.000000     
   22.8000000000000        231449860.000000     
   22.8500000000000        231449860.000000     
   22.9000000000000        231449860.000000     
   22.9500000000000        231449860.000000     
   23.0000000000000        231449860.000000     
   23.0500000000000        231449860.000000     
   23.1000000000000        231449860.000000     
   23.1500000000000        231449860.000000     
   23.2000000000000        231449860.000000     
   23.2500000000000        231449860.000000     
   23.3000000000000        231449860.000000     
   23.3500000000000        231449860.000000     
   23.4000000000000        231449860.000000     
   23.4500000000000        231449860.000000     
   23.5000000000000        231449860.000000     
   23.5500000000000        231449860.000000     
   23.6000000000000        231449860.000000     
   23.6500000000000        231449860.000000     
   23.7000000000000        231449860.000000     
   23.7500000000000        231449860.000000     
   23.8000000000000        231449860.000000     
   23.8500000000000        231449860.000000     
   23.9000000000000        231449860.000000     
   23.9500000000000        231449860.000000     
   24.0000000000000        231449860.000000     
   24.0500000000000        231449860.000000     
   24.1000000000000        231449860.000000     
   24.1500000000000        231449860.000000     
   24.2000000000000        231449860.000000     
   24.2500000000000        231449860.000000     
   24.3000000000000        231449860.000000     
   24.3500000000000        231449860.000000     
   24.4000000000000        231449860.000000     
   24.4500000000000        231449860.000000     
   24.5000000000000        231449860.000000     
   24.5500000000000        231449860.000000     
   24.6000000000000        231449860.000000     
   24.6500000000000        231449860.000000     
   24.7000000000000        231449860.000000     
   24.7500000000000        231449860.000000     
   24.8000000000000        231449860.000000     
   24.8500000000000        231449860.000000     
   24.9000000000000        231449860.000000     
   24.9500000000000        231449860.000000     
   25.0000000000000        231449860.000000     
