  5.000000000000000E-002  6.035392072410247E+050
  0.100000000000000       4.731778751192068E+050
  0.150000000000000       5.579953040588811E+050
  0.200000000000000       8.609349692190916E+050
  0.250000000000000       1.387062426977437E+051
  0.300000000000000       2.143001549026719E+051
  0.350000000000000       3.127217869318934E+051
  0.400000000000000       2.403780841726125E+051
  0.450000000000000       3.314708152450420E+051
  0.500000000000000       6.251667023384357E+051
  0.550000000000000       1.264631745969594E+052
  0.600000000000000       2.139166025628433E+052
  0.650000000000000       3.092406525583878E+052
  0.700000000000000       4.123767854731928E+052
  0.750000000000000       5.233054183312585E+052
  0.800000000000000       6.536832069018618E+052
  0.850000000000000       7.945258210872350E+052
  0.900000000000000       9.373705542346902E+052
  0.950000000000000       1.082174743432229E+053
   1.00000000000000       1.228918805703850E+053
   1.05000000000000       1.377592949561554E+053
   1.10000000000000       1.528185984733340E+053
   1.15000000000000       1.683390647857360E+053
   1.20000000000000       1.843776693139355E+053
   1.25000000000000       2.004700559876672E+053
   1.30000000000000       2.166166444421315E+053
   1.35000000000000       2.328168751637280E+053
   1.40000000000000       2.490704683956570E+053
   1.45000000000000       2.653771443811182E+053
   1.50000000000000       2.817387914785118E+053
   1.55000000000000       2.981541507822378E+053
   1.60000000000000       3.146224529610963E+053
   1.65000000000000       3.311445372854869E+053
   1.70000000000000       3.500965867429297E+053
   1.75000000000000       3.694217197953737E+053
   1.80000000000000       3.883872188966476E+053
   1.85000000000000       4.069942730131505E+053
   1.90000000000000       4.252421128136829E+053
   1.95000000000000       4.431316475078448E+053
   2.00000000000000       4.606628770956359E+053
   2.05000000000000       4.778361512730566E+053
   2.10000000000000       4.946516798577066E+053
   2.15000000000000       5.111107217551857E+053
   2.20000000000000       5.272129272694947E+053
   2.25000000000000       5.429586460966325E+053
   2.30000000000000       5.583478082974000E+053
   2.35000000000000       5.733813930205971E+053
   2.40000000000000       5.880586309350233E+053
   2.45000000000000       6.025044218488921E+053
   2.50000000000000       6.171311668880541E+053
   2.55000000000000       6.313424088175212E+053
   2.60000000000000       6.451375181844938E+053
   2.65000000000000       6.585169845633723E+053
   2.70000000000000       6.714812975285560E+053
   2.75000000000000       6.840310865328450E+053
   2.80000000000000       6.961657221234400E+053
   2.85000000000000       7.078858337531399E+053
   2.90000000000000       7.191917711179456E+053
   2.95000000000000       7.300838839138566E+053
   3.00000000000000       7.405619623232735E+053
   3.05000000000000       7.506261462245955E+053
   3.10000000000000       7.602771350098233E+053
   3.15000000000000       7.695148587397564E+053
   3.20000000000000       7.783395272319949E+053
   3.25000000000000       7.867513503041390E+053
   3.30000000000000       7.947503978953890E+053
   3.35000000000000       8.023367399449441E+053
   3.40000000000000       8.095104463920046E+053
   3.45000000000000       8.162716571149707E+053
   3.50000000000000       8.226205119922424E+053
   3.55000000000000       8.285575705374195E+053
   3.60000000000000       8.329096397804491E+053
   3.65000000000000       8.336129901240154E+053
   3.70000000000000       8.341782476357150E+053
   3.75000000000000       8.346058319507483E+053
   3.80000000000000       8.348957430691148E+053
   3.85000000000000       8.350479110516146E+053
   3.90000000000000       8.350628954118480E+053
   3.95000000000000       8.349403464538144E+053
   4.00000000000000       8.346801942383145E+053
   4.05000000000000       8.342825087045476E+053
   4.10000000000000       8.337478493661146E+053
   4.15000000000000       8.330762861622142E+053
   4.20000000000000       8.322673994576475E+053
   4.25000000000000       8.313210493740142E+053
   4.30000000000000       8.302370960329140E+053
   4.35000000000000       8.290159590695475E+053
   4.40000000000000       8.276580581191143E+053
   4.45000000000000       8.261631134248142E+053
   4.50000000000000       8.245311949258479E+053
   4.55000000000000       8.227621627438146E+053
   4.60000000000000       8.208561567571147E+053
   4.65000000000000       8.188133867833481E+053
   4.70000000000000       8.166337129441152E+053
   4.75000000000000       8.143169254218152E+053
   4.80000000000000       8.118628143988489E+053
   4.85000000000000       8.092712399968156E+053
   4.90000000000000       8.065423420941160E+053
   4.95000000000000       8.036761906299496E+053
   5.00000000000000       8.006728555435166E+053
   5.05000000000000       7.975321270172166E+053
   5.10000000000000       7.942540050510504E+053
   5.15000000000000       7.908390491586173E+053
   5.20000000000000       7.872870495223179E+053
   5.25000000000000       7.835980061421515E+053
   5.30000000000000       7.773386766040517E+053
   5.35000000000000       7.692869759724915E+053
   5.40000000000000       7.612710220373995E+053
   5.45000000000000       7.532907448595755E+053
   5.50000000000000       7.453460744998198E+053
   5.55000000000000       7.374372207757314E+053
   5.60000000000000       7.295641137481118E+053
   5.65000000000000       7.217262638425599E+053
   5.70000000000000       7.139236011198759E+053
   5.75000000000000       7.061561255800602E+053
   5.80000000000000       6.984240470407123E+053
   5.85000000000000       6.907272955626329E+053
   5.90000000000000       6.830658012066213E+053
   5.95000000000000       6.754394660577977E+053
   6.00000000000000       6.678484090128023E+053
   6.05000000000000       6.602926650412349E+053
   6.10000000000000       6.527721851856554E+053
   6.15000000000000       6.452871093244639E+053
   6.20000000000000       6.378377032266208E+053
   6.25000000000000       6.304238479954855E+053
   6.30000000000000       6.230453198256181E+053
   6.35000000000000       6.157022725832591E+053
   6.40000000000000       6.083943285967278E+053
   6.45000000000000       6.011215158417049E+053
   6.50000000000000       5.938837573850698E+053
   6.55000000000000       5.866810672146628E+053
   6.60000000000000       5.795135222636040E+053
   6.65000000000000       5.723810875622929E+053
   6.70000000000000       5.652837631107302E+053
   6.75000000000000       5.582216048602753E+053
   6.80000000000000       5.511946407866086E+053
   6.85000000000000       5.442028149383699E+053
   6.90000000000000       5.372460923459593E+053
   6.95000000000000       5.303245009850566E+053
   7.00000000000000       5.234380688313421E+053
   7.05000000000000       5.165867679091356E+053
   7.10000000000000       5.097705492609971E+053
   7.15000000000000       5.029894058930066E+053
   7.20000000000000       4.962431419754044E+053
   7.25000000000000       4.895317435203501E+053
   7.30000000000000       4.828552524913638E+053
   7.35000000000000       4.762136968641255E+053
   7.40000000000000       4.696070836325555E+053
   7.45000000000000       4.630354617540932E+053
   7.50000000000000       4.564988452165791E+053
   7.55000000000000       4.499971850625732E+053
   7.60000000000000       4.435305232555951E+053
   7.65000000000000       4.370988248260454E+053
   7.70000000000000       4.307021457252835E+053
   7.75000000000000       4.242931022649300E+053
   7.80000000000000       4.173835185756257E+053
   7.85000000000000       4.105250563454644E+053
   7.90000000000000       4.037177925075665E+053
   7.95000000000000       3.969616361409714E+053
   8.00000000000000       3.902565312943191E+053
   8.05000000000000       3.836025339189699E+053
   8.10000000000000       3.769996020514036E+053
   8.15000000000000       3.704477426855398E+053
   8.20000000000000       3.639469837970591E+053
   8.25000000000000       3.574973463677217E+053
   8.30000000000000       3.510988164096869E+053
   8.35000000000000       3.447513869290353E+053
   8.40000000000000       3.384550579257665E+053
   8.45000000000000       3.322098643694806E+053
   8.50000000000000       3.260157642966576E+053
   8.55000000000000       3.198728136586577E+053
   8.60000000000000       3.137809704919606E+053
   8.65000000000000       3.077402347965665E+053
   8.70000000000000       3.017505925846353E+053
   8.75000000000000       2.958119389473672E+053
   8.80000000000000       2.899242948665218E+053
   8.85000000000000       2.840876183785795E+053
   8.90000000000000       2.783019430543560E+053
   8.95000000000000       2.725672751883794E+053
   9.00000000000000       2.668836336642339E+053
   9.05000000000000       2.612509940031992E+053
   9.10000000000000       2.556693631991957E+053
   9.15000000000000       2.501387391540468E+053
   9.20000000000000       2.446591323586329E+053
   9.25000000000000       2.392305533038342E+053
   9.30000000000000       2.338530012902581E+053
   9.35000000000000       2.285264707227693E+053
   9.40000000000000       2.232509546074471E+053
   9.45000000000000       2.180264648339558E+053
   9.50000000000000       2.128530167889197E+053
   9.55000000000000       2.077305573185464E+053
   9.60000000000000       2.026590430605320E+053
   9.65000000000000       1.976384880027167E+053
   9.70000000000000       1.926688886481401E+053
   9.75000000000000       1.877502561870747E+053
   9.80000000000000       1.828825696377600E+053
   9.85000000000000       1.780658478837803E+053
   9.90000000000000       1.733000804342556E+053
   9.95000000000000       1.685852833752018E+053
   10.0000000000000       1.639214476145231E+053
   10.0500000000000       1.593085752503951E+053
   10.1000000000000       1.547466690803861E+053
   10.1500000000000       1.502357277057121E+053
   10.2000000000000       1.457757539239409E+053
   10.2500000000000       1.413667547289929E+053
   10.3000000000000       1.370087245257315E+053
   10.3500000000000       1.327016556208452E+053
   10.4000000000000       1.284455501125099E+053
   10.4500000000000       1.242403849207895E+053
   10.5000000000000       1.200861544505480E+053
   10.5500000000000       1.159828545054334E+053
   10.6000000000000       1.119304871836217E+053
   10.6500000000000       1.079290510863292E+053
   10.7000000000000       1.039785525080833E+053
   10.7500000000000       1.000789907494926E+053
   10.8000000000000       9.623036161420468E+052
   10.8500000000000       9.243267489370767E+052
   10.9000000000000       8.868592359408175E+052
   10.9500000000000       8.499010911411061E+052
   11.0000000000000       8.134523215318655E+052
   11.0500000000000       7.775129690766130E+052
   11.1000000000000       7.420829848179098E+052
   11.1500000000000       7.071623407800774E+052
   11.2000000000000       6.727510789266330E+052
   11.2500000000000       6.388492622028593E+052
   11.3000000000000       6.054567087668336E+052
   11.3500000000000       5.725733766550369E+052
   11.4000000000000       5.487269567943781E+052
   11.4500000000000       5.416280113968007E+052
   11.5000000000000       5.345673773431339E+052
   11.5500000000000       5.275450483388494E+052
   11.6000000000000       5.205610306784755E+052
   11.6500000000000       5.136153264601888E+052
   11.7000000000000       5.067079300888522E+052
   11.7500000000000       4.998388415644663E+052
   11.8000000000000       4.930080538931108E+052
   11.8500000000000       4.862155999462102E+052
   11.9000000000000       4.794614321651081E+052
   11.9500000000000       4.727455638382525E+052
   12.0000000000000       4.660680068553078E+052
   12.0500000000000       4.594287570199214E+052
   12.1000000000000       4.528278458047335E+052
   12.1500000000000       4.462652494304166E+052
   12.2000000000000       4.397408860681059E+052
   12.2500000000000       4.332547648098982E+052
   12.3000000000000       4.268068919503206E+052
   12.3500000000000       4.203972535015341E+052
   12.4000000000000       4.140258746416500E+052
   12.4500000000000       4.076927329901244E+052
   12.5000000000000       4.013978285469575E+052
   12.5500000000000       3.951411627109333E+052
   12.6000000000000       3.889227501692836E+052
   12.6500000000000       3.827425839280883E+052
   12.7000000000000       3.766006486007237E+052
   12.7500000000000       3.704969588744218E+052
   12.8000000000000       3.644315021601266E+052
   12.8500000000000       3.584042903475019E+052
   12.9000000000000       3.524153248353320E+052
   12.9500000000000       3.464646161144962E+052
   13.0000000000000       3.405521788722276E+052
   13.0500000000000       3.346779585559489E+052
   13.1000000000000       3.288419467729575E+052
   13.1500000000000       3.230441575110923E+052
   13.2000000000000       3.172845802794736E+052
   13.2500000000000       3.115632129799260E+052
   13.3000000000000       3.058800612075845E+052
   13.3500000000000       3.002351207660977E+052
   13.4000000000000       2.946283979499937E+052
   13.4500000000000       2.890598892623121E+052
   13.5000000000000       2.835295884085253E+052
   13.5500000000000       2.780374988855929E+052
   13.6000000000000       2.725836234910831E+052
   13.6500000000000       2.671679587280361E+052
   13.7000000000000       2.617905080934115E+052
   13.7500000000000       2.564512764829536E+052
   13.8000000000000       2.511502652954464E+052
   13.8500000000000       2.458874857911007E+052
   13.9000000000000       2.406629117427171E+052
   13.9500000000000       2.354765404226663E+052
   14.0000000000000       2.303283684738672E+052
   14.0500000000000       2.252183968055287E+052
   14.1000000000000       2.201466274458881E+052
   14.1500000000000       2.151130576673167E+052
   14.2000000000000       2.101176922256797E+052
   14.2500000000000       2.051605248264495E+052
   14.3000000000000       2.002415578475585E+052
   14.3500000000000       1.953607900301013E+052
   14.4000000000000       1.905182196955373E+052
   14.4500000000000       1.857138516696709E+052
   14.5000000000000       1.809476846236577E+052
   14.5500000000000       1.762197176482877E+052
   14.6000000000000       1.715299555693659E+052
   14.6500000000000       1.668783949598717E+052
   14.7000000000000       1.622650469401375E+052
   14.7500000000000       1.576898987812292E+052
   14.8000000000000       1.531529441886187E+052
   14.8500000000000       1.486541865193875E+052
   14.9000000000000       1.441936237452991E+052
   14.9500000000000       1.397712557264747E+052
   15.0000000000000       1.353870848408475E+052
   15.0500000000000       1.310411058429770E+052
   15.1000000000000       1.267333238384253E+052
   15.1500000000000       1.224637340013874E+052
   15.2000000000000       1.182323408779112E+052
   15.2500000000000       1.140391407612194E+052
   15.3000000000000       1.098841379875420E+052
   15.3500000000000       1.057673308783384E+052
   15.4000000000000       1.016887166360408E+052
   15.4500000000000       9.764830120548082E+051
   15.5000000000000       9.364608227866515E+051
   15.5500000000000       8.968206020528959E+051
   15.6000000000000       8.575623694365177E+051
   15.6500000000000       8.186860682867674E+051
   15.7000000000000       7.801916706279615E+051
   15.7500000000000       7.420792289145034E+051
   15.8000000000000       7.043487123731413E+051
   15.8500000000000       6.670000965251578E+051
   15.9000000000000       6.300334296286010E+051
   15.9500000000000       5.934486648242051E+051
   16.0000000000000       5.572458272900848E+051
   16.0500000000000       5.214249394067808E+051
   16.1000000000000       4.859859571125989E+051
   16.1500000000000       4.509289247489920E+051
   16.2000000000000       4.162537973450564E+051
   16.2500000000000       3.819606270754312E+051
   16.3000000000000       3.480493876429790E+051
   16.3500000000000       3.145200584156361E+051
   16.4000000000000       2.813726944355527E+051
   16.4500000000000       2.486072503121904E+051
   16.5000000000000       2.162237503843861E+051
   16.5500000000000       1.842221431069519E+051
   16.6000000000000       1.526024795355038E+051
   16.6500000000000       1.213647055371008E+051
   16.7000000000000       9.050887405571960E+050
   16.7500000000000       7.429489434943760E+050
   16.8000000000000       7.363034516143668E+050
   16.8500000000000       7.296822310005495E+050
   16.9000000000000       7.230858047981403E+050
   16.9500000000000       7.165136351746918E+050
   17.0000000000000       7.099661291763470E+050
   17.0500000000000       7.034433294660185E+050
   17.1000000000000       6.969447527638339E+050
   17.1500000000000       6.904709928536018E+050
   17.2000000000000       6.840215335840261E+050
   17.2500000000000       6.775967330438101E+050
   17.3000000000000       6.711966597733703E+050
   17.3500000000000       6.648211969742427E+050
   17.4000000000000       6.584702907932431E+050
   17.4500000000000       6.521438656960365E+050
   17.5000000000000       6.458418524428135E+050
   17.5500000000000       6.395643958077183E+050
   17.6000000000000       6.333114237533756E+050
   17.6500000000000       6.270828705369369E+050
   17.7000000000000       6.208788732392348E+050
   17.7500000000000       6.146992388280768E+050
   17.8000000000000       6.085441638326144E+050
   17.8500000000000       6.024135783136486E+050
   17.9000000000000       5.963075543085547E+050
   17.9500000000000       5.902259554358936E+050
   18.0000000000000       5.841689215740642E+050
   18.0500000000000       5.781363191391950E+050
   18.1000000000000       5.721282943042136E+050
   18.1500000000000       5.661447330682249E+050
   18.2000000000000       5.601857263521884E+050
   18.2500000000000       5.542511237868238E+050
   18.3000000000000       5.483410611241186E+050
   18.3500000000000       5.424554038709910E+050
   18.4000000000000       5.365942184696812E+050
   18.4500000000000       5.307575748593897E+050
   18.5000000000000       5.249453363789186E+050
   18.5500000000000       5.191575714987452E+050
   18.6000000000000       5.133943484795288E+050
   18.6500000000000       5.076555340870941E+050
   18.7000000000000       5.019411951133758E+050
   18.7500000000000       4.962513324675842E+050
   18.8000000000000       4.905860109833572E+050
   18.8500000000000       4.849451044903788E+050
   18.9000000000000       4.793286779621650E+050
   18.9500000000000       4.737367343361631E+050
   19.0000000000000       4.681692834038600E+050
   19.0500000000000       4.626263125062612E+050
   19.1000000000000       4.571078098236421E+050
   19.1500000000000       4.516137756357588E+050
   19.2000000000000       4.461442101524289E+050
   19.2500000000000       4.406991135834714E+050
   19.3000000000000       4.352785360053519E+050
   19.3500000000000       4.298824237747045E+050
   19.4000000000000       4.245107776608603E+050
   19.4500000000000       4.191635971742453E+050
   19.5000000000000       4.138408831541301E+050
   19.5500000000000       4.085426353207570E+050
   19.6000000000000       4.032688540238224E+050
   19.6500000000000       3.980195396130223E+050
   19.7000000000000       3.927946924380529E+050
   19.7500000000000       3.875943128486105E+050
   19.8000000000000       3.824184018937823E+050
   19.8500000000000       3.772669630705286E+050
   19.9000000000000       3.721399948401867E+050
   19.9500000000000       3.670374895793846E+050
   20.0000000000000       3.619594471482438E+050
   20.0500000000000       3.569058676167028E+050
   20.1000000000000       3.518767510547010E+050
   20.1500000000000       3.468720559882932E+050
   20.2000000000000       3.418918483281811E+050
   20.2500000000000       3.369361061274440E+050
   20.3000000000000       3.320048106213944E+050
   20.3500000000000       3.270980005773307E+050
   20.4000000000000       3.222156392771733E+050
   20.4500000000000       3.173577457094147E+050
   20.5000000000000       3.125243058232702E+050
   20.5500000000000       3.077153494687891E+050
   20.6000000000000       3.029308385291086E+050
   20.6500000000000       2.981708408942094E+050
   20.7000000000000       2.934353093901015E+050
   20.7500000000000       2.887242451987576E+050
   20.8000000000000       2.840376439909407E+050
   20.8500000000000       2.793755056897178E+050
   20.9000000000000       2.747378302880951E+050
   20.9500000000000       2.701246177790785E+050
   21.0000000000000       2.655358681766564E+050
   21.0500000000000       2.609715814738342E+050
   21.1000000000000       2.564317576636183E+050
   21.1500000000000       2.519163967599963E+050
   21.2000000000000       2.474254987559746E+050
   21.2500000000000       2.429590636445594E+050
   21.3000000000000       2.385170914397380E+050
   21.3500000000000       2.340995821345168E+050
   21.4000000000000       2.297065357219017E+050
   21.4500000000000       2.253379522158808E+050
   21.5000000000000       2.209938117047641E+050
   21.5500000000000       2.166741255305909E+050
   21.6000000000000       2.123789359848965E+050
   21.6500000000000       2.081082096122645E+050
   21.7000000000000       2.038619461392327E+050
   21.7500000000000       1.996401455665008E+050
   21.8000000000000       1.954428078926694E+050
   21.8500000000000       1.912699331184380E+050
   21.9000000000000       1.871215212438069E+050
   21.9500000000000       1.829975722694754E+050
   22.0000000000000       1.788980861940448E+050
   22.0500000000000       1.748230630182142E+050
   22.1000000000000       1.707725027419837E+050
   22.1500000000000       1.667464053660528E+050
   22.2000000000000       1.627447708890227E+050
   22.2500000000000       1.587675993115929E+050
   22.3000000000000       1.548148906337631E+050
   22.3500000000000       1.508866448562329E+050
   22.4000000000000       1.469828619776034E+050
   22.4500000000000       1.431035327222582E+050
   22.5000000000000       1.392486765732305E+050
   22.5500000000000       1.354182833238726E+050
   22.6000000000000       1.316123529740450E+050
   22.6500000000000       1.278308855238875E+050
   22.7000000000000       1.240738809732602E+050
   22.7500000000000       1.203413393223032E+050
   22.8000000000000       1.166332605708762E+050
   22.8500000000000       1.129496447191194E+050
   22.9000000000000       1.092904917668927E+050
   22.9500000000000       1.056558017143362E+050
   23.0000000000000       1.020455745613101E+050
   23.0500000000000       9.845981030795392E+049
   23.1000000000000       9.489850895412795E+049
   23.1500000000000       9.136167049997207E+049
   23.2000000000000       8.784929494534641E+049
   23.2500000000000       8.436138229039110E+049
   23.3000000000000       8.089793130228736E+049
   23.3500000000000       7.745894454836366E+049
   23.4000000000000       7.404442069404008E+049
   23.4500000000000       7.065435973931666E+049
   23.5000000000000       6.728876168419365E+049
   23.5500000000000       6.394762652867060E+049
   23.6000000000000       6.063095427274767E+049
   23.6500000000000       5.733874491642492E+049
   23.7000000000000       5.407099845970235E+049
   23.7500000000000       5.082771490258016E+049
   23.8000000000000       4.760889424505789E+049
   23.8500000000000       4.441453648713582E+049
   23.9000000000000       4.124464162881390E+049
   23.9500000000000       3.809920967009213E+049
   24.0000000000000       3.497824061097079E+049
   24.0500000000000       3.188173445144937E+049
   24.1000000000000       2.880969119152808E+049
   24.1500000000000       2.576211083120699E+049
   24.2000000000000       2.273899337048607E+049
   24.2500000000000       1.974033880936552E+049
   24.3000000000000       1.676614714784493E+049
   24.3500000000000       1.381641838592450E+049
   24.4000000000000       1.089115252360423E+049
   24.4500000000000       7.990349560884135E+048
   24.5000000000000       5.114009497764410E+048
   24.5500000000000       2.262132334244641E+048
   24.6000000000000       6.176700071202042E+047
   24.6500000000000       6.139088999746191E+047
   24.7000000000000       6.101572089210847E+047
   24.7500000000000       6.064149339596021E+047
   24.8000000000000       6.026820750901705E+047
   24.8500000000000       5.989586323127900E+047
   24.9000000000000       5.952446056274608E+047
   24.9500000000000       5.915399950341827E+047
   25.0000000000000       5.878448005329562E+047
   25.0500000000000       5.841590221237811E+047
   25.1000000000000       5.804826598066568E+047
   25.1500000000000       5.768157135815839E+047
   25.2000000000000       5.731581834485622E+047
   25.2500000000000       5.695100694075920E+047
   25.3000000000000       5.658713714586726E+047
   25.3500000000000       5.622420896018048E+047
   25.4000000000000       5.586222238369881E+047
   25.4500000000000       5.550117741642228E+047
   25.5000000000000       5.514107405835088E+047
   25.5500000000000       5.478191230948459E+047
   25.6000000000000       5.442369216982340E+047
   25.6500000000000       5.406641363936736E+047
   25.7000000000000       5.371007671811644E+047
   25.7500000000000       5.335468140607067E+047
   25.8000000000000       5.300022770323000E+047
   25.8500000000000       5.264671560959447E+047
   25.9000000000000       5.229414512516404E+047
   25.9500000000000       5.194251624993873E+047
   26.0000000000000       5.159182898391860E+047
   26.0500000000000       5.124208332710356E+047
   26.1000000000000       5.089327927949362E+047
   26.1500000000000       5.054541684108882E+047
   26.2000000000000       5.019849601188916E+047
   26.2500000000000       4.985251679189463E+047
   26.3000000000000       4.950747918110521E+047
   26.3500000000000       4.916338317952090E+047
   26.4000000000000       4.882022878714173E+047
   26.4500000000000       4.847801600396769E+047
   26.5000000000000       4.813674482999881E+047
   26.5500000000000       4.779641526523498E+047
   26.6000000000000       4.745702730967632E+047
   26.6500000000000       4.711858096332280E+047
   26.7000000000000       4.678107622617435E+047
   26.7500000000000       4.644451309823107E+047
   26.8000000000000       4.610889157949292E+047
   26.8500000000000       4.577421166995986E+047
   26.9000000000000       4.544047336963193E+047
   26.9500000000000       4.510767667850916E+047
   27.0000000000000       4.477582159659148E+047
   27.0500000000000       4.444490812387896E+047
   27.1000000000000       4.411493626037151E+047
   27.1500000000000       4.378590600606924E+047
   27.2000000000000       4.345781736097204E+047
   27.2500000000000       4.313067032508003E+047
   27.3000000000000       4.280446489839311E+047
   27.3500000000000       4.247920108091129E+047
   27.4000000000000       4.215487887263464E+047
   27.4500000000000       4.183149827356309E+047
   27.5000000000000       4.150905928369668E+047
   27.5500000000000       4.118756190303537E+047
   27.6000000000000       4.086700613157921E+047
   27.6500000000000       4.054739196932815E+047
   27.7000000000000       4.022871941628222E+047
   27.7500000000000       3.991098847244144E+047
   27.8000000000000       3.959419913780579E+047
   27.8500000000000       3.927835141237522E+047
   27.9000000000000       3.896344529614981E+047
   27.9500000000000       3.864948078912952E+047
   28.0000000000000       3.833645789131435E+047
   28.0500000000000       3.802437660270429E+047
   28.1000000000000       3.771323692329937E+047
   28.1500000000000       3.740303885309956E+047
   28.2000000000000       3.709378239210489E+047
   28.2500000000000       3.678546754031538E+047
   28.3000000000000       3.647809429773095E+047
   28.3500000000000       3.617166266435165E+047
   28.4000000000000       3.586617264017746E+047
   28.4500000000000       3.556162422520841E+047
   28.5000000000000       3.525801741944449E+047
   28.5500000000000       3.495535222288571E+047
   28.6000000000000       3.465362863553204E+047
   28.6500000000000       3.435284665738347E+047
   28.7000000000000       3.405300628844005E+047
   28.7500000000000       3.375410752870175E+047
   28.8000000000000       3.345615037816860E+047
   28.8500000000000       3.315913483684055E+047
   28.9000000000000       3.286306090471761E+047
   28.9500000000000       3.256792858179980E+047
   29.0000000000000       3.227373786808716E+047
   29.0500000000000       3.198048876357960E+047
   29.1000000000000       3.168818126827717E+047
   29.1500000000000       3.139681538217985E+047
   29.2000000000000       3.110639110528771E+047
   29.2500000000000       3.081690843760066E+047
   29.3000000000000       3.052836737911871E+047
   29.3500000000000       3.024076792984192E+047
   29.4000000000000       2.995411008977024E+047
   29.4500000000000       2.966839385890369E+047
   29.5000000000000       2.938361923724228E+047
   29.5500000000000       2.909978622478598E+047
   29.6000000000000       2.881689482153480E+047
   29.6500000000000       2.853494502748874E+047
   29.7000000000000       2.825393684264782E+047
   29.7500000000000       2.797387026701203E+047
   29.8000000000000       2.769474530058135E+047
   29.8500000000000       2.741656194335579E+047
   29.9000000000000       2.713932019533537E+047
   29.9500000000000       2.686302005652007E+047
   30.0000000000000       2.658766152690990E+047
   30.0500000000000       2.631324460650485E+047
   30.1000000000000       2.603976929530492E+047
   30.1500000000000       2.576723559331012E+047
   30.2000000000000       2.549564350052043E+047
   30.2500000000000       2.522499301693590E+047
   30.3000000000000       2.495528414255647E+047
   30.3500000000000       2.468651687738216E+047
   30.4000000000000       2.441869122141298E+047
   30.4500000000000       2.415180717464893E+047
   30.5000000000000       2.388586473709001E+047
   30.5500000000000       2.362086390873620E+047
   30.6000000000000       2.335680468958753E+047
   30.6500000000000       2.309368707964397E+047
   30.7000000000000       2.283151107890554E+047
   30.7500000000000       2.257027668737225E+047
   30.8000000000000       2.230998390504407E+047
   30.8500000000000       2.205063273192101E+047
   30.9000000000000       2.179222316800308E+047
   30.9500000000000       2.153475521329027E+047
   31.0000000000000       2.127822886778261E+047
   31.0500000000000       2.102264413148005E+047
   31.1000000000000       2.076800100438262E+047
   31.1500000000000       2.051429948649031E+047
   31.2000000000000       2.026153957780313E+047
   31.2500000000000       2.000972127832109E+047
   31.3000000000000       1.975884458804415E+047
   31.3500000000000       1.950890950697235E+047
   31.4000000000000       1.925991603510567E+047
   31.4500000000000       1.901186417244411E+047
   31.5000000000000       1.876475391898769E+047
   31.5500000000000       1.851858527473638E+047
   31.6000000000000       1.827335823969020E+047
   31.6500000000000       1.802907281384914E+047
   31.7000000000000       1.778572899721321E+047
   31.7500000000000       1.754332678978241E+047
   31.8000000000000       1.730186619155673E+047
   31.8500000000000       1.706134720253617E+047
   31.9000000000000       1.682176982272074E+047
   31.9500000000000       1.658313405211043E+047
   32.0000000000000       1.634543989070526E+047
   32.0500000000000       1.610868733850518E+047
   32.1000000000000       1.587287639551027E+047
   32.1500000000000       1.563800706172047E+047
   32.2000000000000       1.540407933713577E+047
   32.2500000000000       1.517109322175623E+047
   32.3000000000000       1.493904871558177E+047
   32.3500000000000       1.470794581861248E+047
   32.4000000000000       1.447778453084831E+047
   32.4500000000000       1.424856485228924E+047
   32.5000000000000       1.402028678293532E+047
   32.5500000000000       1.379295032278649E+047
   32.6000000000000       1.356655547184283E+047
   32.6500000000000       1.334110223010428E+047
   32.7000000000000       1.311659059757083E+047
   32.7500000000000       1.289302057424253E+047
   32.8000000000000       1.267039216011933E+047
   32.8500000000000       1.244870535520129E+047
   32.9000000000000       1.222796015948836E+047
   32.9500000000000       1.200815657298054E+047
   33.0000000000000       1.178929459567787E+047
   33.0500000000000       1.157137422758029E+047
   33.1000000000000       1.135439546868786E+047
   33.1500000000000       1.113835831900057E+047
   33.2000000000000       1.092326277851837E+047
   33.2500000000000       1.070910884724132E+047
   33.3000000000000       1.049589652516937E+047
   33.3500000000000       1.028362581230257E+047
   33.4000000000000       1.007229670864090E+047
   33.4500000000000       9.861909214184324E+046
   33.5000000000000       9.652463328932896E+046
   33.5500000000000       9.443959052886572E+046
   33.6000000000000       9.236396386045400E+046
   33.6500000000000       9.029775328409348E+046
   33.7000000000000       8.824095879978398E+046
   33.7500000000000       8.619358040752596E+046
   33.8000000000000       8.415561810731896E+046
   33.8500000000000       8.212707189916344E+046
   33.9000000000000       8.010794178305923E+046
   33.9500000000000       7.809822775900594E+046
   34.0000000000000       7.609792982700422E+046
   34.0500000000000       7.410704798705342E+046
   34.1000000000000       7.212558223915416E+046
   34.1500000000000       7.015353258330618E+046
   34.2000000000000       6.819089901950915E+046
   34.2500000000000       6.623768154776363E+046
   34.3000000000000       6.429388016806910E+046
   34.3500000000000       6.235949488042608E+046
   34.4000000000000       6.043452568483434E+046
   34.4500000000000       5.851897258129353E+046
   34.5000000000000       5.661283556980426E+046
   34.5500000000000       5.471611465036598E+046
   34.6000000000000       5.282880982297924E+046
   34.6500000000000       5.095092108764369E+046
   34.7000000000000       4.908244844435917E+046
   34.7500000000000       4.722339189312614E+046
   34.8000000000000       4.537375143394411E+046
   34.8500000000000       4.353352706681359E+046
   34.9000000000000       4.170271879173432E+046
   34.9500000000000       3.988132660870603E+046
   35.0000000000000       3.806935051772924E+046
   35.0500000000000       3.626679051880344E+046
   35.1000000000000       3.447364661192916E+046
   35.1500000000000       3.268991879710612E+046
   35.2000000000000       3.091560707433409E+046
   35.2500000000000       2.915071144361355E+046
   35.3000000000000       2.739523190494401E+046
   35.3500000000000       2.564916845832596E+046
   35.4000000000000       2.391252110375916E+046
   35.4500000000000       2.218528984124337E+046
   35.5000000000000       2.046747467077907E+046
   35.5500000000000       1.875907559236578E+046
   35.6000000000000       1.706009260600397E+046
   35.6500000000000       1.537052571169342E+046
   35.7000000000000       1.369037490943387E+046
   35.7500000000000       1.201964019922582E+046
   35.8000000000000       1.035832158106877E+046
   35.8500000000000       8.706419054963211E+045
   35.9000000000000       7.063932620908896E+045
   35.9500000000000       5.430862278905599E+045
   36.0000000000000       3.807208028953784E+045
   36.0500000000000       2.192969871052985E+045
   36.1000000000000       5.881478052036645E+044
   36.1500000000000       1.268322249903501E+043
   36.2000000000000       1.263064228357891E+043
   36.2500000000000       1.257815161666151E+043
   36.3000000000000       1.252575049828277E+043
   36.3500000000000       1.247343892844273E+043
   36.4000000000000       1.242121690714136E+043
   36.4500000000000       1.236908443437866E+043
   36.5000000000000       1.231704151015465E+043
   36.5500000000000       1.226508813446931E+043
   36.6000000000000       1.221322430732266E+043
   36.6500000000000       1.216145002871468E+043
   36.7000000000000       1.210976529864538E+043
   36.7500000000000       1.205817011711476E+043
   36.8000000000000       1.200666448412282E+043
   36.8500000000000       1.195524839966957E+043
   36.9000000000000       1.190392186375498E+043
   36.9500000000000       1.185268487637908E+043
   37.0000000000000       1.180153743754186E+043
   37.0500000000000       1.175047954724331E+043
   37.1000000000000       1.169951120548345E+043
   37.1500000000000       1.164863241226227E+043
   37.2000000000000       1.159784316757976E+043
   37.2500000000000       1.154714347143593E+043
   37.3000000000000       1.149653332383078E+043
   37.3500000000000       1.144601272476431E+043
   37.4000000000000       1.139558167423652E+043
   37.4500000000000       1.134524017224741E+043
   37.5000000000000       1.129498821879698E+043
   37.5500000000000       1.124482581388522E+043
   37.6000000000000       1.119475295751215E+043
   37.6500000000000       1.114476964967776E+043
   37.7000000000000       1.109487589038204E+043
   37.7500000000000       1.104507167962500E+043
   37.8000000000000       1.099535701740664E+043
   37.8500000000000       1.094573190372696E+043
   37.9000000000000       1.089619633858597E+043
   37.9500000000000       1.084675032198364E+043
   38.0000000000000       1.079739385392000E+043
   38.0500000000000       1.074812693439504E+043
   38.1000000000000       1.069894956340876E+043
   38.1500000000000       1.064986174096115E+043
   38.2000000000000       1.060086346705223E+043
   38.2500000000000       1.055195474168198E+043
   38.3000000000000       1.050313556485041E+043
   38.3500000000000       1.045440593655753E+043
   38.4000000000000       1.040576585680331E+043
   38.4500000000000       1.035721532558779E+043
   38.5000000000000       1.030875434291094E+043
   38.5500000000000       1.026038290877276E+043
   38.6000000000000       1.021210102317327E+043
   38.6500000000000       1.016390868611245E+043
   38.7000000000000       1.011580589759032E+043
   38.7500000000000       1.006779265760687E+043
   38.8000000000000       1.001986896616209E+043
   38.8500000000000       9.972034823255993E+042
   38.9000000000000       9.924290228888574E+042
   38.9500000000000       9.876635183059837E+042
   39.0000000000000       9.829069685769779E+042
   39.0500000000000       9.781593737018396E+042
   39.1000000000000       9.734207336805696E+042
   39.1500000000000       9.686910485131669E+042
   39.2000000000000       9.639703181996327E+042
   39.2500000000000       9.592585427399664E+042
   39.3000000000000       9.545557221341676E+042
   39.3500000000000       9.498618563822374E+042
   39.4000000000000       9.451769454841739E+042
   39.4500000000000       9.405009894399795E+042
   39.5000000000000       9.358339882496529E+042
   39.5500000000000       9.311759419131935E+042
   39.6000000000000       9.265268504306024E+042
   39.6500000000000       9.218867138018790E+042
   39.7000000000000       9.172555320270241E+042
   39.7500000000000       9.126333051060369E+042
   39.8000000000000       9.080200330389168E+042
   39.8500000000000       9.034157158256655E+042
   39.9000000000000       8.988203534662816E+042
   39.9500000000000       8.942339459607662E+042
   40.0000000000000       8.896564933091185E+042
   40.0500000000000       8.850879955113381E+042
   40.1000000000000       8.805284525674262E+042
   40.1500000000000       8.759778644773820E+042
   40.2000000000000       8.714362312412057E+042
   40.2500000000000       8.669035528588980E+042
   40.3000000000000       8.623798293304571E+042
   40.3500000000000       8.578650606558848E+042
   40.4000000000000       8.533592468351798E+042
   40.4500000000000       8.488623878683434E+042
   40.5000000000000       8.443744837553750E+042
   40.5500000000000       8.398955344962734E+042
   40.6000000000000       8.354255400910412E+042
   40.6500000000000       8.309645005396755E+042
   40.7000000000000       8.265124158421785E+042
   40.7500000000000       8.220692859985497E+042
   40.8000000000000       8.176351110087878E+042
   40.8500000000000       8.132098908728946E+042
   40.9000000000000       8.087936255908687E+042
   40.9500000000000       8.043863151627115E+042
   41.0000000000000       7.999879595884222E+042
   41.0500000000000       7.955985588679999E+042
   41.1000000000000       7.912181130014464E+042
   41.1500000000000       7.868466219887599E+042
   41.2000000000000       7.824840858299424E+042
   41.2500000000000       7.781305045249923E+042
   41.3000000000000       7.737858780739096E+042
   41.3500000000000       7.694502064766953E+042
   41.4000000000000       7.651234897333486E+042
   41.4500000000000       7.608057278438703E+042
   41.5000000000000       7.564969208082599E+042
   41.5500000000000       7.521970686265169E+042
   41.6000000000000       7.479061712986425E+042
   41.6500000000000       7.436242288246353E+042
   41.7000000000000       7.393512412044963E+042
   41.7500000000000       7.350872084382255E+042
   41.8000000000000       7.308321305258221E+042
   41.8500000000000       7.265860074672870E+042
   41.9000000000000       7.223488392626191E+042
   41.9500000000000       7.181206259118198E+042
   42.0000000000000       7.139013674148888E+042
   42.0500000000000       7.096910637718249E+042
   42.1000000000000       7.054897149826293E+042
   42.1500000000000       7.012973210473010E+042
   42.2000000000000       6.971138819658412E+042
   42.2500000000000       6.929393977382495E+042
   42.3000000000000       6.887738683645252E+042
   42.3500000000000       6.846172938446695E+042
   42.4000000000000       6.804696741786806E+042
   42.4500000000000       6.763310093665603E+042
   42.5000000000000       6.722012994083082E+042
   42.5500000000000       6.680805443039234E+042
   42.6000000000000       6.639687440534067E+042
   42.6500000000000       6.598658986567578E+042
   42.7000000000000       6.557720081139774E+042
   42.7500000000000       6.516870724250643E+042
   42.8000000000000       6.476110915900191E+042
   42.8500000000000       6.435440656088422E+042
   42.9000000000000       6.394859944815327E+042
   42.9500000000000       6.354368782080917E+042
   43.0000000000000       6.313967167885184E+042
   43.0500000000000       6.273655102228126E+042
   43.1000000000000       6.233432585109754E+042
   43.1500000000000       6.193299616530053E+042
   43.2000000000000       6.153256196489037E+042
   43.2500000000000       6.113302324986702E+042
   43.3000000000000       6.073438002023037E+042
   43.3500000000000       6.033663227598059E+042
   43.4000000000000       5.993978001711753E+042
   43.4500000000000       5.954382324364134E+042
   43.5000000000000       5.914876195555192E+042
   43.5500000000000       5.875459615284925E+042
   43.6000000000000       5.836132583553344E+042
   43.6500000000000       5.796895100360435E+042
   43.7000000000000       5.757747165706211E+042
   43.7500000000000       5.718688779590666E+042
   43.8000000000000       5.679719942013792E+042
   43.8500000000000       5.640840652975604E+042
   43.9000000000000       5.602050912476089E+042
   43.9500000000000       5.563350720515261E+042
   44.0000000000000       5.524740077093114E+042
   44.0500000000000       5.486218982209634E+042
   44.1000000000000       5.447787435864843E+042
   44.1500000000000       5.409445438058726E+042
   44.2000000000000       5.371192988791288E+042
   44.2500000000000       5.333030088062535E+042
   44.3000000000000       5.294956735872453E+042
   44.3500000000000       5.256972932221059E+042
   44.4000000000000       5.219078677108335E+042
   44.4500000000000       5.181273970534296E+042
   44.5000000000000       5.143558812498936E+042
   44.5500000000000       5.105933203002249E+042
   44.6000000000000       5.068397142044248E+042
   44.6500000000000       5.030950629624922E+042
   44.7000000000000       4.993593665744279E+042
   44.7500000000000       4.956326250402314E+042
   44.8000000000000       4.919148383599024E+042
   44.8500000000000       4.882060065334417E+042
   44.9000000000000       4.845061295608485E+042
   44.9500000000000       4.808152074421240E+042
   45.0000000000000       4.771332401772669E+042
   45.0500000000000       4.734602277662773E+042
   45.1000000000000       4.697961702091564E+042
   45.1500000000000       4.661410675059029E+042
   45.2000000000000       4.624949196565174E+042
   45.2500000000000       4.588577266610001E+042
   45.3000000000000       4.552294885193502E+042
   45.3500000000000       4.516102052315686E+042
   45.4000000000000       4.479998767976546E+042
   45.4500000000000       4.443985032176089E+042
   45.5000000000000       4.408060844914309E+042
   45.5500000000000       4.372226206191207E+042
   45.6000000000000       4.336481116006786E+042
   45.6500000000000       4.300825574361040E+042
   45.7000000000000       4.265259581253980E+042
   45.7500000000000       4.229783136685594E+042
   45.8000000000000       4.194396240655887E+042
   45.8500000000000       4.159098893164862E+042
   45.9000000000000       4.123891094212510E+042
   45.9500000000000       4.088772843798845E+042
   46.0000000000000       4.053744141923857E+042
   46.0500000000000       4.018804988587545E+042
   46.1000000000000       3.983955383789915E+042
   46.1500000000000       3.949195327530961E+042
   46.2000000000000       3.914524819810689E+042
   46.2500000000000       3.879943860629098E+042
   46.3000000000000       3.845452449986179E+042
   46.3500000000000       3.811050587881946E+042
   46.4000000000000       3.776738274316385E+042
   46.4500000000000       3.742515509289511E+042
   46.5000000000000       3.708382292801314E+042
   46.5500000000000       3.674338624851792E+042
   46.6000000000000       3.640384505440953E+042
   46.6500000000000       3.606519934568786E+042
   46.7000000000000       3.572744912235306E+042
   46.7500000000000       3.539059438440506E+042
   46.8000000000000       3.505463513184381E+042
   46.8500000000000       3.471957136466937E+042
   46.9000000000000       3.438540308288167E+042
   46.9500000000000       3.405213028648084E+042
   47.0000000000000       3.371975297546675E+042
   47.0500000000000       3.338827114983945E+042
   47.1000000000000       3.305768480959897E+042
   47.1500000000000       3.272799395474524E+042
   47.2000000000000       3.239919858527835E+042
   47.2500000000000       3.207129870119825E+042
   47.3000000000000       3.174429430250487E+042
   47.3500000000000       3.141818538919834E+042
   47.4000000000000       3.109297196127856E+042
   47.4500000000000       3.076865401874564E+042
   47.5000000000000       3.044523156159947E+042
   47.5500000000000       3.012270458984007E+042
   47.6000000000000       2.980107310346750E+042
   47.6500000000000       2.948033710248167E+042
   47.7000000000000       2.916049658688268E+042
   47.7500000000000       2.884155155667048E+042
   47.8000000000000       2.852350201184504E+042
   47.8500000000000       2.820634795240642E+042
   47.9000000000000       2.789008937835454E+042
   47.9500000000000       2.757472628968950E+042
   48.0000000000000       2.726025868641126E+042
   48.0500000000000       2.694668656851976E+042
   48.1000000000000       2.663400993601510E+042
   48.1500000000000       2.632222878889718E+042
   48.2000000000000       2.601134312716610E+042
   48.2500000000000       2.570135295082181E+042
   48.3000000000000       2.539225825986427E+042
   48.3500000000000       2.508405905429356E+042
   48.4000000000000       2.477675533410959E+042
   48.4500000000000       2.447034709931246E+042
   48.5000000000000       2.416483434990212E+042
   48.5500000000000       2.386021708587853E+042
   48.6000000000000       2.355649530724178E+042
   48.6500000000000       2.325366901399177E+042
   48.7000000000000       2.295173820612859E+042
   48.7500000000000       2.265070288365221E+042
   48.8000000000000       2.235056304656257E+042
   48.8500000000000       2.205131869485977E+042
   48.9000000000000       2.175296982854371E+042
   48.9500000000000       2.145551644761449E+042
   49.0000000000000       2.115895855207206E+042
   49.0500000000000       2.086329614191638E+042
   49.1000000000000       2.056852921714753E+042
   49.1500000000000       2.027465777776543E+042
   49.2000000000000       1.998168182377017E+042
   49.2500000000000       1.968960135516168E+042
   49.3000000000000       1.939841637193996E+042
   49.3500000000000       1.910812687410506E+042
   49.4000000000000       1.881873286165691E+042
   49.4500000000000       1.853023433459561E+042
   49.5000000000000       1.824263129292108E+042
   49.5500000000000       1.795592373663330E+042
   49.6000000000000       1.767011166573236E+042
   49.6500000000000       1.738519508021817E+042
   49.7000000000000       1.710117398009080E+042
   49.7500000000000       1.681804836535024E+042
   49.8000000000000       1.653581823599642E+042
   49.8500000000000       1.625448359202943E+042
   49.9000000000000       1.597404443344919E+042
   49.9500000000000       1.569450076025578E+042
   50.0000000000000       1.541585257244917E+042
   50.0500000000000       1.513809987002930E+042
   50.1000000000000       1.486124265299627E+042
   50.1500000000000       1.458528092134998E+042
   50.2000000000000       1.431021467509053E+042
   50.2500000000000       1.403604391421787E+042
   50.3000000000000       1.376276863873196E+042
   50.3500000000000       1.349038884863287E+042
   50.4000000000000       1.321890454392054E+042
   50.4500000000000       1.294831572459505E+042
   50.5000000000000       1.267862239065633E+042
   50.5500000000000       1.240982454210438E+042
   50.6000000000000       1.214192217893925E+042
   50.6500000000000       1.187491530116087E+042
   50.7000000000000       1.160880390876933E+042
   50.7500000000000       1.134358800176457E+042
   50.8000000000000       1.107926758014657E+042
   50.8500000000000       1.081584264391540E+042
   50.9000000000000       1.055331319307097E+042
   50.9500000000000       1.029167922761338E+042
   51.0000000000000       1.003094074754258E+042
   51.0500000000000       9.771097752858529E+041
   51.1000000000000       9.512150243561305E+041
   51.1500000000000       9.254098219650840E+041
   51.2000000000000       8.996941681127201E+041
   51.2500000000000       8.740680627990353E+041
   51.3000000000000       8.485315060240259E+041
   51.3500000000000       8.230844977876992E+041
   51.4000000000000       7.977270380900480E+041
   51.4500000000000       7.724591269310792E+041
   51.5000000000000       7.472807643107895E+041
   51.5500000000000       7.221919502291757E+041
   51.6000000000000       6.971926846862441E+041
   51.6500000000000       6.722829676819885E+041
   51.7000000000000       6.474627992164150E+041
   51.7500000000000       6.227321792895208E+041
   51.8000000000000       5.980911079013023E+041
   51.8500000000000       5.735395850517663E+041
   51.9000000000000       5.490776107409057E+041
   51.9500000000000       5.247051849687280E+041
   52.0000000000000       5.004223077352291E+041
   52.0500000000000       4.762289790404060E+041
   52.1000000000000       4.521251988842653E+041
   52.1500000000000       4.281109672668002E+041
   52.2000000000000       4.041862841880177E+041
   52.2500000000000       3.803511496479142E+041
   52.3000000000000       3.566055636464864E+041
   52.3500000000000       3.329495261837411E+041
   52.4000000000000       3.093830372596716E+041
   52.4500000000000       2.859060968742844E+041
   52.5000000000000       2.625187050275763E+041
   52.5500000000000       2.392208617195440E+041
   52.6000000000000       2.160125669501940E+041
   52.6500000000000       1.928938207195199E+041
   52.7000000000000       1.698646230275281E+041
   52.7500000000000       1.469249738742153E+041
   52.8000000000000       1.240748732595783E+041
   52.8500000000000       1.013143211836237E+041
   52.9000000000000       7.864331764634501E+040
   52.9500000000000       5.606186264774854E+040
   53.0000000000000       3.356995618783113E+040
   53.0500000000000       1.116759826658964E+040
   53.1000000000000       8.059798342562158E+030
   53.1500000000000       8.228940435889790E+030
   53.2000000000000       8.397823713488450E+030
   53.2500000000000       8.566448175358168E+030
   53.3000000000000       8.734813821498969E+030
   53.3500000000000       8.902920651910802E+030
   53.4000000000000       9.070768666593713E+030
   53.4500000000000       9.238357865547658E+030
   53.5000000000000       9.405688248772661E+030
   53.5500000000000       9.572759816268738E+030
   53.6000000000000       9.739572568035854E+030
   53.6500000000000       9.906126504074048E+030
   53.7000000000000       1.007242162438327E+031
   53.7500000000000       1.023845792896356E+031
   53.8000000000000       1.040423541781492E+031
   53.8500000000000       1.056975409093731E+031
   53.9000000000000       1.073501394833079E+031
   53.9500000000000       1.090001498999530E+031
   54.0000000000000       1.106475721593086E+031
   54.0500000000000       1.122924062613751E+031
   54.1000000000000       1.139346522061518E+031
   54.1500000000000       1.155743099936394E+031
   54.2000000000000       1.172113796238373E+031
   54.2500000000000       1.188458610967458E+031
   54.3000000000000       1.204777544123651E+031
   54.3500000000000       1.221070595706946E+031
   54.4000000000000       1.237337765717350E+031
   54.4500000000000       1.253579054154857E+031
   54.5000000000000       1.269794461019470E+031
   54.5500000000000       1.285983986311191E+031
   54.6000000000000       1.302147630030014E+031
   54.6500000000000       1.318285392175947E+031
   54.7000000000000       1.334397272748982E+031
   54.7500000000000       1.350483271749123E+031
   54.8000000000000       1.366543389176372E+031
   54.8500000000000       1.382577625030724E+031
   54.9000000000000       1.398585979312185E+031
   54.9500000000000       1.414568452020748E+031
   55.0000000000000       1.430525043156417E+031
   55.0500000000000       1.446455752719194E+031
   55.1000000000000       1.462360580709074E+031
   55.1500000000000       1.478239527126063E+031
   55.2000000000000       1.494092591970154E+031
   55.2500000000000       1.509919775241352E+031
   55.3000000000000       1.525721076939657E+031
   55.3500000000000       1.541496497065066E+031
   55.4000000000000       1.557246035617582E+031
   55.4500000000000       1.572969692597202E+031
   55.5000000000000       1.588667468003927E+031
   55.5500000000000       1.604339361837761E+031
   55.6000000000000       1.619985374098698E+031
   55.6500000000000       1.635605504786742E+031
   55.7000000000000       1.651199753901890E+031
   55.7500000000000       1.666768121444144E+031
   55.8000000000000       1.682310607413506E+031
   55.8500000000000       1.697827211809971E+031
   55.9000000000000       1.713317934633543E+031
   55.9500000000000       1.728782775884219E+031
   56.0000000000000       1.744221735562001E+031
   56.0500000000000       1.759634813666891E+031
   56.1000000000000       1.775022010198884E+031
   56.1500000000000       1.790383325157985E+031
   56.2000000000000       1.805718758544189E+031
   56.2500000000000       1.821028310357499E+031
   56.3000000000000       1.836311980597917E+031
   56.3500000000000       1.851569769265439E+031
   56.4000000000000       1.866801676360067E+031
   56.4500000000000       1.882007701881800E+031
   56.5000000000000       1.897187845830639E+031
   56.5500000000000       1.912342108206584E+031
   56.6000000000000       1.927470489009634E+031
   56.6500000000000       1.942572988239791E+031
   56.7000000000000       1.957649605897052E+031
   56.7500000000000       1.972700341981418E+031
   56.8000000000000       1.987725196492893E+031
   56.8500000000000       2.002724169431470E+031
   56.9000000000000       2.017697260797155E+031
   56.9500000000000       2.032644470589945E+031
   57.0000000000000       2.047565798809839E+031
   57.0500000000000       2.062461245456841E+031
   57.1000000000000       2.077330810530947E+031
   57.1500000000000       2.092174494032160E+031
   57.2000000000000       2.106992295960478E+031
   57.2500000000000       2.121784216315901E+031
   57.3000000000000       2.136550255098431E+031
   57.3500000000000       2.151290412308065E+031
   57.4000000000000       2.166004687944807E+031
   57.4500000000000       2.180693082008652E+031
   57.5000000000000       2.195355594499603E+031
   57.5500000000000       2.209992225417662E+031
   57.6000000000000       2.224602974762824E+031
   57.6500000000000       2.239187842535094E+031
   57.7000000000000       2.253746828734467E+031
   57.7500000000000       2.268279933360946E+031
   57.8000000000000       2.282787156414533E+031
   57.8500000000000       2.297268497895223E+031
   57.9000000000000       2.311723957803021E+031
   57.9500000000000       2.326153536137923E+031
   58.0000000000000       2.340557232899930E+031
   58.0500000000000       2.354935048089046E+031
   58.1000000000000       2.369286981705263E+031
   58.1500000000000       2.383613033748591E+031
   58.2000000000000       2.397913204219020E+031
   58.2500000000000       2.412187493116555E+031
   58.3000000000000       2.426435900441198E+031
   58.3500000000000       2.440658426192945E+031
   58.4000000000000       2.454855070371799E+031
   58.4500000000000       2.469025832977757E+031
   58.5000000000000       2.483170714010821E+031
   58.5500000000000       2.497289713470992E+031
   58.6000000000000       2.511382831358267E+031
   58.6500000000000       2.525450067672649E+031
   58.7000000000000       2.539491422414136E+031
   58.7500000000000       2.553506895582727E+031
   58.8000000000000       2.567496487178427E+031
   58.8500000000000       2.581460197201229E+031
   58.9000000000000       2.595398025651141E+031
   58.9500000000000       2.609309972528155E+031
   59.0000000000000       2.623196037832275E+031
   59.0500000000000       2.637056221563503E+031
   59.1000000000000       2.650890523721834E+031
   59.1500000000000       2.664698944307272E+031
   59.2000000000000       2.678481483319815E+031
   59.2500000000000       2.692238140759463E+031
   59.3000000000000       2.705968916626219E+031
   59.3500000000000       2.719673810920078E+031
   59.4000000000000       2.733352823641045E+031
   59.4500000000000       2.747005954789116E+031
   59.5000000000000       2.760633204364292E+031
   59.5500000000000       2.774234572366576E+031
   59.6000000000000       2.787810058795963E+031
   59.6500000000000       2.801359663652459E+031
   59.7000000000000       2.814883386936057E+031
   59.7500000000000       2.828381228646761E+031
   59.8000000000000       2.841853188784575E+031
   59.8500000000000       2.855299267349491E+031
   59.9000000000000       2.868719464341513E+031
   59.9500000000000       2.882113779760641E+031
   60.0000000000000       2.895482213606874E+031
   60.0500000000000       2.908824765880213E+031
   60.1000000000000       2.922141436580657E+031
   60.1500000000000       2.935432225708209E+031
   60.2000000000000       2.948697133262864E+031
   60.2500000000000       2.961936159244624E+031
   60.3000000000000       2.975149303653493E+031
   60.3500000000000       2.988336566489465E+031
   60.4000000000000       3.001497947752545E+031
   60.4500000000000       3.014633447442728E+031
   60.5000000000000       3.027743065560017E+031
   60.5500000000000       3.040826802104414E+031
   60.6000000000000       3.053884657075912E+031
   60.6500000000000       3.066916630474523E+031
   60.7000000000000       3.079922722300232E+031
   60.7500000000000       3.092902932553051E+031
   60.8000000000000       3.105857261232974E+031
   60.8500000000000       3.118785708340005E+031
   60.9000000000000       3.131688273874140E+031
   60.9500000000000       3.144564957835379E+031
   61.0000000000000       3.157415760223726E+031
   61.0500000000000       3.170240681039177E+031
   61.1000000000000       3.183039720281735E+031
   61.1500000000000       3.195812877951399E+031
   61.2000000000000       3.208560154048167E+031
   61.2500000000000       3.221281548572038E+031
   61.3000000000000       3.233977061523021E+031
   61.3500000000000       3.246646692901106E+031
   61.4000000000000       3.259290442706299E+031
   61.4500000000000       3.271908310938594E+031
   61.5000000000000       3.284500297597995E+031
   61.5500000000000       3.297066402684505E+031
   61.6000000000000       3.309606626198116E+031
   61.6500000000000       3.322120968138839E+031
   61.7000000000000       3.334609428506661E+031
   61.7500000000000       3.347072007301591E+031
   61.8000000000000       3.359508704523630E+031
   61.8500000000000       3.371919520172771E+031
   61.9000000000000       3.384304454249021E+031
   61.9500000000000       3.396663506752372E+031
   62.0000000000000       3.408996677682829E+031
   62.0500000000000       3.421303967040395E+031
   62.1000000000000       3.433585374825065E+031
   62.1500000000000       3.445840901036841E+031
   62.2000000000000       3.458070545675723E+031
   62.2500000000000       3.470274308741709E+031
   62.3000000000000       3.482452190234801E+031
   62.3500000000000       3.494604190154998E+031
   62.4000000000000       3.506730308502305E+031
   62.4500000000000       3.518830545276712E+031
   62.5000000000000       3.530904900478228E+031
   62.5500000000000       3.542953374106850E+031
   62.6000000000000       3.554975966162574E+031
   62.6500000000000       3.566972676645406E+031
   62.7000000000000       3.578943505555344E+031
   62.7500000000000       3.590888452892387E+031
   62.8000000000000       3.602807518656538E+031
   62.8500000000000       3.614700702847791E+031
   62.9000000000000       3.626568005466150E+031
   62.9500000000000       3.638409426511617E+031
   63.0000000000000       3.650224965984190E+031
   63.0500000000000       3.662014623883864E+031
   63.1000000000000       3.673778400210648E+031
   63.1500000000000       3.685516294964536E+031
   63.2000000000000       3.697228308145530E+031
   63.2500000000000       3.708914439753629E+031
   63.3000000000000       3.720574689788836E+031
   63.3500000000000       3.732209058251146E+031
   63.4000000000000       3.743817545140564E+031
   63.4500000000000       3.755400150457085E+031
   63.5000000000000       3.766956874200713E+031
   63.5500000000000       3.778487716371447E+031
   63.6000000000000       3.789992676969286E+031
   63.6500000000000       3.801471755994231E+031
   63.7000000000000       3.812924953446281E+031
   63.7500000000000       3.824352269325436E+031
   63.8000000000000       3.835753703631700E+031
   63.8500000000000       3.847129256365063E+031
   63.9000000000000       3.858478927525540E+031
   63.9500000000000       3.869802717113117E+031
   64.0000000000000       3.881100625127799E+031
   64.0500000000000       3.892372651569589E+031
   64.1000000000000       3.903618796438488E+031
   64.1500000000000       3.914839059734488E+031
   64.2000000000000       3.926033441457594E+031
   64.2500000000000       3.937201941607806E+031
   64.3000000000000       3.948344560185123E+031
   64.3500000000000       3.959461297189548E+031
   64.4000000000000       3.970552152621079E+031
   64.4500000000000       3.981617126479711E+031
   64.5000000000000       3.992656218765453E+031
   64.5500000000000       4.003669429478296E+031
   64.6000000000000       4.014656758618251E+031
   64.6500000000000       4.025618206185308E+031
   64.7000000000000       4.036553772179470E+031
   64.7500000000000       4.047463456600738E+031
   64.8000000000000       4.058347259449111E+031
   64.8500000000000       4.069205180724592E+031
   64.9000000000000       4.080037220427179E+031
   64.9500000000000       4.090843378556868E+031
   65.0000000000000       4.101623655113665E+031
   65.0500000000000       4.112378050097568E+031
   65.1000000000000       4.123106563508579E+031
   65.1500000000000       4.133809195346689E+031
   65.2000000000000       4.144485945611908E+031
   65.2500000000000       4.155136814304235E+031
   65.3000000000000       4.165761801423665E+031
   65.3500000000000       4.176360906970202E+031
   65.4000000000000       4.186934130943845E+031
   65.4500000000000       4.197481473344590E+031
   65.5000000000000       4.208002934172444E+031
   65.5500000000000       4.218498513427402E+031
   65.6000000000000       4.228968211109470E+031
   65.6500000000000       4.239412027218636E+031
   65.7000000000000       4.249829961754914E+031
   65.7500000000000       4.260222014718294E+031
   65.8000000000000       4.270588186108779E+031
   65.8500000000000       4.280928475926373E+031
   65.9000000000000       4.291242884171072E+031
   65.9500000000000       4.301531410842877E+031
   66.0000000000000       4.311794055941784E+031
   66.0500000000000       4.322030819467798E+031
   66.1000000000000       4.332241701420923E+031
   66.1500000000000       4.342426701801149E+031
   66.2000000000000       4.352585820608479E+031
   66.2500000000000       4.362719057842916E+031
   66.3000000000000       4.372826413504460E+031
   66.3500000000000       4.382907887593111E+031
   66.4000000000000       4.392963480108865E+031
   66.4500000000000       4.402993191051726E+031
   66.5000000000000       4.412997020421690E+031
   66.5500000000000       4.422974968218761E+031
   66.6000000000000       4.432927034442941E+031
   66.6500000000000       4.442853219094219E+031
   66.7000000000000       4.452753522172609E+031
   66.7500000000000       4.462627943678102E+031
   66.8000000000000       4.472476483610703E+031
   66.8500000000000       4.482299141970410E+031
   66.9000000000000       4.492095918757221E+031
   66.9500000000000       4.501866813971135E+031
   67.0000000000000       4.511611827612157E+031
   67.0500000000000       4.521330959680284E+031
   67.1000000000000       4.531024210175520E+031
   67.1500000000000       4.540691579097858E+031
   67.2000000000000       4.550333066447302E+031
   67.2500000000000       4.559948672223854E+031
   67.3000000000000       4.569538396427508E+031
   67.3500000000000       4.579102239058273E+031
   67.4000000000000       4.588640200116138E+031
   67.4500000000000       4.598152279601111E+031
   67.5000000000000       4.607638477513190E+031
   67.5500000000000       4.617098793852373E+031
   67.6000000000000       4.626533228618662E+031
   67.6500000000000       4.635941781812057E+031
   67.7000000000000       4.645324453432559E+031
   67.7500000000000       4.654681243480165E+031
   67.8000000000000       4.664012151954878E+031
   67.8500000000000       4.673317178856696E+031
   67.9000000000000       4.682596324185621E+031
   67.9500000000000       4.691849587941650E+031
   68.0000000000000       4.701076970124785E+031
   68.0500000000000       4.710278470735025E+031
   68.1000000000000       4.719454089772372E+031
   68.1500000000000       4.728603827236823E+031
   68.2000000000000       4.737727683128379E+031
   68.2500000000000       4.746825657447040E+031
   68.3000000000000       4.755897750192810E+031
   68.3500000000000       4.764943961365688E+031
   68.4000000000000       4.773964290965665E+031
   68.4500000000000       4.782958738992750E+031
   68.5000000000000       4.791927305446942E+031
   68.5500000000000       4.800869990328238E+031
   68.6000000000000       4.809786793636642E+031
   68.6500000000000       4.818677715372149E+031
   68.7000000000000       4.827542755534764E+031
   68.7500000000000       4.836381914124482E+031
   68.8000000000000       4.845195191141304E+031
   68.8500000000000       4.853982586585238E+031
   68.9000000000000       4.862744100456275E+031
   68.9500000000000       4.871479732754417E+031
   69.0000000000000       4.880189483479664E+031
   69.0500000000000       4.888873352632017E+031
   69.1000000000000       4.897531340211477E+031
   69.1500000000000       4.906163446218040E+031
   69.2000000000000       4.914769670651708E+031
   69.2500000000000       4.923350013512485E+031
   69.3000000000000       4.931904474800364E+031
   69.3500000000000       4.940433054515355E+031
   69.4000000000000       4.948935752657447E+031
   69.4500000000000       4.957412569226645E+031
   69.5000000000000       4.965863504222948E+031
   69.5500000000000       4.974288557646356E+031
   69.6000000000000       4.982687729496874E+031
   69.6500000000000       4.991061019774492E+031
   69.7000000000000       4.999408428479221E+031
   69.7500000000000       5.007729955611051E+031
   69.8000000000000       5.016025601169989E+031
   69.8500000000000       5.024295365156032E+031
   69.9000000000000       5.032539247569181E+031
   69.9500000000000       5.040757248409435E+031
   70.0000000000000       5.048949367676794E+031
   70.0500000000000       5.057115605371259E+031
   70.1000000000000       5.065255961492833E+031
   70.1500000000000       5.073370436041511E+031
   70.2000000000000       5.081459029017291E+031
   70.2500000000000       5.089521740420181E+031
   70.3000000000000       5.097558570250172E+031
   70.3500000000000       5.105569518507274E+031
   70.4000000000000       5.113554585191480E+031
   70.4500000000000       5.121513770302790E+031
   70.5000000000000       5.129447073841207E+031
   70.5500000000000       5.137354495806730E+031
   70.6000000000000       5.145236036199360E+031
   70.6500000000000       5.153091695019091E+031
   70.7000000000000       5.160921472265928E+031
   70.7500000000000       5.168725367939874E+031
   70.8000000000000       5.176503382040925E+031
   70.8500000000000       5.184255514569080E+031
   70.9000000000000       5.191981765524345E+031
   70.9500000000000       5.199682134906708E+031
   71.0000000000000       5.207356622716183E+031
   71.0500000000000       5.215005228952757E+031
   71.1000000000000       5.222627953616446E+031
   71.1500000000000       5.230224796707233E+031
   71.2000000000000       5.237795758225130E+031
   71.2500000000000       5.245340838170131E+031
   71.3000000000000       5.252860036542235E+031
   71.3500000000000       5.260353353341451E+031
   71.4000000000000       5.267820788567767E+031
   71.4500000000000       5.275262342221192E+031
   71.5000000000000       5.282678014301720E+031
   71.5500000000000       5.290067804809356E+031
   71.6000000000000       5.297431713744097E+031
   71.6500000000000       5.304769741105941E+031
   71.7000000000000       5.312081886894894E+031
   71.7500000000000       5.319368151110952E+031
   71.8000000000000       5.326628533754112E+031
   71.8500000000000       5.333863034824383E+031
   71.9000000000000       5.341071654321756E+031
   71.9500000000000       5.348254392246236E+031
   72.0000000000000       5.355411248597820E+031
   72.0500000000000       5.362542223376513E+031
   72.1000000000000       5.369647316582311E+031
   72.1500000000000       5.376726528215211E+031
   72.2000000000000       5.383779858275220E+031
   72.2500000000000       5.390807306762334E+031
   72.3000000000000       5.397808873676550E+031
   72.3500000000000       5.404784559017878E+031
   72.4000000000000       5.411734362786311E+031
   72.4500000000000       5.418658284981844E+031
   72.5000000000000       5.425556325604486E+031
   72.5500000000000       5.432428484654235E+031
   72.6000000000000       5.439274762131089E+031
   72.6500000000000       5.446095158035046E+031
   72.7000000000000       5.452889672366111E+031
   72.7500000000000       5.459658305124278E+031
   72.8000000000000       5.466401056309556E+031
   72.8500000000000       5.473117925921938E+031
   72.9000000000000       5.479808913961426E+031
   72.9500000000000       5.486474020428018E+031
   73.0000000000000       5.493113245321714E+031
   73.0500000000000       5.499726588642520E+031
   73.1000000000000       5.506314050390427E+031
   73.1500000000000       5.512875630565443E+031
   73.2000000000000       5.519411329167565E+031
   73.2500000000000       5.525921146196791E+031
   73.3000000000000       5.532405081653123E+031
   73.3500000000000       5.538863135536559E+031
   73.4000000000000       5.545295307847102E+031
   73.4500000000000       5.551701598584753E+031
   73.5000000000000       5.558082007749506E+031
   73.5500000000000       5.564436535341367E+031
   73.6000000000000       5.570765181360334E+031
   73.6500000000000       5.577067945806406E+031
   73.7000000000000       5.583344828679580E+031
   73.7500000000000       5.589595829979862E+031
   73.8000000000000       5.595820949707254E+031
   73.8500000000000       5.602020187861747E+031
   73.9000000000000       5.608193544443345E+031
   73.9500000000000       5.614341019452052E+031
   74.0000000000000       5.620462612887862E+031
   74.0500000000000       5.626558324750778E+031
   74.1000000000000       5.632628155040802E+031
   74.1500000000000       5.638672103757930E+031
   74.2000000000000       5.644690170902160E+031
   74.2500000000000       5.650682356473500E+031
   74.3000000000000       5.656648660471943E+031
   74.3500000000000       5.662589082897496E+031
   74.4000000000000       5.668503623750151E+031
   74.4500000000000       5.674392283029914E+031
   74.5000000000000       5.680255060736779E+031
   74.5500000000000       5.686091956870753E+031
   74.6000000000000       5.691902971431832E+031
   74.6500000000000       5.697688104420017E+031
   74.7000000000000       5.703447355835303E+031
   74.7500000000000       5.709180725677702E+031
   74.8000000000000       5.714888213947203E+031
   74.8500000000000       5.720569820643807E+031
   74.9000000000000       5.726225545767521E+031
   74.9500000000000       5.731855389318338E+031
   75.0000000000000       5.737459351296262E+031
   75.0500000000000       5.743037431701289E+031
   75.1000000000000       5.748589630533425E+031
   75.1500000000000       5.754115947792665E+031
   75.2000000000000       5.759616383479012E+031
   75.2500000000000       5.765090937592462E+031
   75.3000000000000       5.770539610133022E+031
   75.3500000000000       5.775962401100684E+031
   75.4000000000000       5.781359310495454E+031
   75.4500000000000       5.786730338317328E+031
   75.5000000000000       5.792075484566307E+031
   75.5500000000000       5.797394749242392E+031
   75.6000000000000       5.802688132345585E+031
   75.6500000000000       5.807955633875879E+031
   75.7000000000000       5.813197253833281E+031
   75.7500000000000       5.818412992217793E+031
   75.8000000000000       5.823602849029404E+031
   75.8500000000000       5.828766824268126E+031
   75.9000000000000       5.833904917933949E+031
   75.9500000000000       5.839017130026879E+031
   76.0000000000000       5.844103460546916E+031
   76.0500000000000       5.849163909494058E+031
   76.1000000000000       5.854198476868305E+031
   76.1500000000000       5.859207162669658E+031
   76.2000000000000       5.864189966898117E+031
   76.2500000000000       5.869146889553681E+031
   76.3000000000000       5.874077930636353E+031
   76.3500000000000       5.878983090146127E+031
   76.4000000000000       5.883862368083010E+031
   76.4500000000000       5.888715764446994E+031
   76.5000000000000       5.893543279238087E+031
   76.5500000000000       5.898344912456286E+031
   76.6000000000000       5.903120664101591E+031
   76.6500000000000       5.907870534174000E+031
   76.7000000000000       5.912594522673515E+031
   76.7500000000000       5.917292629600134E+031
   76.8000000000000       5.921964854953862E+031
   76.8500000000000       5.926611198734692E+031
   76.9000000000000       5.931231660942632E+031
   76.9500000000000       5.935826241577674E+031
   77.0000000000000       5.940394940639823E+031
   77.0500000000000       5.944937758129078E+031
   77.1000000000000       5.949454694045438E+031
   77.1500000000000       5.953945748388903E+031
   77.2000000000000       5.958410921159476E+031
   77.2500000000000       5.962850212357150E+031
   77.3000000000000       5.967263621981935E+031
   77.3500000000000       5.971651150033824E+031
   77.4000000000000       5.976012796512816E+031
   77.4500000000000       5.980348561418914E+031
   77.5000000000000       5.984658444752119E+031
   77.5500000000000       5.988942446512433E+031
   77.6000000000000       5.993200566699850E+031
   77.6500000000000       5.997432805314369E+031
   77.7000000000000       6.001639162355999E+031
   77.7500000000000       6.005819637824731E+031
   77.8000000000000       6.009974231720572E+031
   77.8500000000000       6.014102944043515E+031
   77.9000000000000       6.018205774793566E+031
   77.9500000000000       6.022282723970722E+031
   78.0000000000000       6.024588792446509E+031
   78.0500000000000       6.017725012323817E+031
   78.1000000000000       6.010865140971180E+031
   78.1500000000000       6.004009178388596E+031
   78.2000000000000       5.997157124576064E+031
   78.2500000000000       5.990308979533583E+031
   78.3000000000000       5.983464743261156E+031
   78.3500000000000       5.976624415758781E+031
   78.4000000000000       5.969787997026462E+031
   78.4500000000000       5.962955487064193E+031
   78.5000000000000       5.956126885871979E+031
   78.5500000000000       5.949302193449814E+031
   78.6000000000000       5.942481409797706E+031
   78.6500000000000       5.935664534915652E+031
   78.7000000000000       5.928851568803647E+031
   78.7500000000000       5.922042511461695E+031
   78.8000000000000       5.915237362889797E+031
   78.8500000000000       5.908436123087950E+031
   78.9000000000000       5.901638792056160E+031
   78.9500000000000       5.894845369794420E+031
   79.0000000000000       5.888055856302731E+031
   79.0500000000000       5.881270251581097E+031
   79.1000000000000       5.874488555629517E+031
   79.1500000000000       5.867710768447989E+031
   79.2000000000000       5.860936890036513E+031
   79.2500000000000       5.854166920395089E+031
   79.3000000000000       5.847400859523717E+031
   79.3500000000000       5.840638707422402E+031
   79.4000000000000       5.833880464091140E+031
   79.4500000000000       5.827126129529929E+031
   79.5000000000000       5.820375703738769E+031
   79.5500000000000       5.813629186717661E+031
   79.6000000000000       5.806886578466607E+031
   79.6500000000000       5.800147878985608E+031
   79.7000000000000       5.793413088274661E+031
   79.7500000000000       5.786682206333768E+031
   79.8000000000000       5.779955233162925E+031
   79.8500000000000       5.773232168762135E+031
   79.9000000000000       5.766513013131402E+031
   79.9500000000000       5.759797766270718E+031
   80.0000000000000       5.753086428180087E+031
   80.0500000000000       5.746378998859508E+031
   80.1000000000000       5.739675478308983E+031
   80.1500000000000       5.732975866528513E+031
   80.2000000000000       5.726280163518091E+031
   80.2500000000000       5.719588369277727E+031
   80.3000000000000       5.712900483807412E+031
   80.3500000000000       5.706216507107151E+031
   80.4000000000000       5.699536439176945E+031
   80.4500000000000       5.692860280016788E+031
   80.5000000000000       5.686188029626688E+031
   80.5500000000000       5.679519688006637E+031
   80.6000000000000       5.672855255156640E+031
   80.6500000000000       5.666194731076696E+031
   80.7000000000000       5.659538115766809E+031
   80.7500000000000       5.652885409226971E+031
   80.8000000000000       5.646236611457184E+031
   80.8500000000000       5.639591722457452E+031
   80.9000000000000       5.632950742227772E+031
   80.9500000000000       5.626313670768146E+031
   81.0000000000000       5.619680508078571E+031
   81.0500000000000       5.613051254159048E+031
   81.1000000000000       5.606425909009581E+031
   81.1500000000000       5.599804472630167E+031
   81.2000000000000       5.593186945020803E+031
   81.2500000000000       5.586573326181496E+031
   81.3000000000000       5.579963616112235E+031
   81.3500000000000       5.573357814813032E+031
   81.4000000000000       5.566755922283883E+031
   81.4500000000000       5.560157938524782E+031
   81.5000000000000       5.553563863535739E+031
   81.5500000000000       5.546973697316742E+031
   81.6000000000000       5.540387439867803E+031
   81.6500000000000       5.533805091188918E+031
   81.7000000000000       5.527226651280082E+031
   81.7500000000000       5.520652120141301E+031
   81.8000000000000       5.514081497772574E+031
   81.8500000000000       5.507514784173896E+031
   81.9000000000000       5.500951979345273E+031
   81.9500000000000       5.494393083286704E+031
   82.0000000000000       5.487838095998187E+031
   82.0500000000000       5.481287017479721E+031
   82.1000000000000       5.474739847731310E+031
   82.1500000000000       5.468196586752951E+031
   82.2000000000000       5.461657234544647E+031
   82.2500000000000       5.455121791106394E+031
   82.3000000000000       5.448590256438192E+031
   82.3500000000000       5.442062630540043E+031
   82.4000000000000       5.435538913411951E+031
   82.4500000000000       5.429019105053907E+031
   82.5000000000000       5.422503205465919E+031
   82.5500000000000       5.415991214647982E+031
   82.6000000000000       5.409483132600096E+031
   82.6500000000000       5.402978959322269E+031
   82.7000000000000       5.396478694814490E+031
   82.7500000000000       5.389982339076765E+031
   82.8000000000000       5.383489892109092E+031
   82.8500000000000       5.377001353911471E+031
   82.9000000000000       5.370516724483908E+031
   82.9500000000000       5.364036003826392E+031
   83.0000000000000       5.357559191938933E+031
   83.0500000000000       5.351086288821525E+031
   83.1000000000000       5.344617294474170E+031
   83.1500000000000       5.338152208896865E+031
   83.2000000000000       5.331691032089618E+031
   83.2500000000000       5.325233764052422E+031
   83.3000000000000       5.318780404785274E+031
   83.3500000000000       5.312330954288185E+031
   83.4000000000000       5.305885412561147E+031
   83.4500000000000       5.299443779604161E+031
   83.5000000000000       5.293006055417229E+031
   83.5500000000000       5.286572240000349E+031
   83.6000000000000       5.280142333353523E+031
   83.6500000000000       5.273716335476747E+031
   83.7000000000000       5.267294246370028E+031
   83.7500000000000       5.260876066033358E+031
   83.8000000000000       5.254461794466741E+031
   83.8500000000000       5.248051431670178E+031
   83.9000000000000       5.241644977643669E+031
   83.9500000000000       5.235242432387213E+031
   84.0000000000000       5.228843795900810E+031
   84.0500000000000       5.222449068184455E+031
   84.1000000000000       5.216058249238159E+031
   84.1500000000000       5.209671339061913E+031
   84.2000000000000       5.203288337655720E+031
   84.2500000000000       5.196909245019582E+031
   84.3000000000000       5.190534061153491E+031
   84.3500000000000       5.184162786057458E+031
   84.4000000000000       5.177795419731474E+031
   84.4500000000000       5.171431962175548E+031
   84.5000000000000       5.165072413389671E+031
   84.5500000000000       5.158716773373847E+031
   84.6000000000000       5.152365042128076E+031
   84.6500000000000       5.146017219652358E+031
   84.7000000000000       5.139673305946694E+031
   84.7500000000000       5.133333301011083E+031
   84.8000000000000       5.126997204845522E+031
   84.8500000000000       5.120665017450015E+031
   84.9000000000000       5.114336738824562E+031
   84.9500000000000       5.108012368969165E+031
   85.0000000000000       5.101691907883816E+031
   85.0500000000000       5.095375355568518E+031
   85.1000000000000       5.089062712023278E+031
   85.1500000000000       5.082753977248089E+031
   85.2000000000000       5.076449151242954E+031
   85.2500000000000       5.070148234007869E+031
   85.3000000000000       5.063851225542836E+031
   85.3500000000000       5.057558125847861E+031
   85.4000000000000       5.051268934922936E+031
   85.4500000000000       5.044983652768064E+031
   85.5000000000000       5.038702279383243E+031
   85.5500000000000       5.032424814768477E+031
   85.6000000000000       5.026151258923763E+031
   85.6500000000000       5.019881611849103E+031
   85.7000000000000       5.013615873544493E+031
   85.7500000000000       5.007354044009938E+031
   85.8000000000000       5.001096123245435E+031
   85.8500000000000       4.994842111250987E+031
   85.9000000000000       4.988592008026588E+031
   85.9500000000000       4.982345813572245E+031
   86.0000000000000       4.976103527887956E+031
   86.0500000000000       4.969865150973715E+031
   86.1000000000000       4.963630682829529E+031
   86.1500000000000       4.957400123455396E+031
   86.2000000000000       4.951173472851316E+031
   86.2500000000000       4.944950731017288E+031
   86.3000000000000       4.938731897953315E+031
   86.3500000000000       4.932516973659393E+031
   86.4000000000000       4.926305958135526E+031
   86.4500000000000       4.920098851381708E+031
   86.5000000000000       4.913895653397947E+031
   86.5500000000000       4.907696364184235E+031
   86.6000000000000       4.901500983740578E+031
   86.6500000000000       4.895309512066976E+031
   86.7000000000000       4.889121949163421E+031
   86.7500000000000       4.882938295029925E+031
   86.8000000000000       4.876758549666474E+031
   86.8500000000000       4.870582713073084E+031
   86.9000000000000       4.864410785249743E+031
   86.9500000000000       4.858242766196455E+031
   87.0000000000000       4.852078655913221E+031
   87.0500000000000       4.845918454400037E+031
   87.1000000000000       4.839762161656909E+031
   87.1500000000000       4.833609777683834E+031
   87.2000000000000       4.827461302480811E+031
   87.2500000000000       4.821316736047841E+031
   87.3000000000000       4.815176078384921E+031
   87.3500000000000       4.809039329492057E+031
   87.4000000000000       4.802906489369244E+031
   87.4500000000000       4.796777558016486E+031
   87.5000000000000       4.790652535433779E+031
   87.5500000000000       4.784531421621124E+031
   87.6000000000000       4.778414216578523E+031
   87.6500000000000       4.772300920305975E+031
   87.7000000000000       4.766191532803481E+031
   87.7500000000000       4.760086054071039E+031
   87.8000000000000       4.753984484108647E+031
   87.8500000000000       4.747886822916312E+031
   87.9000000000000       4.741793070494027E+031
   87.9500000000000       4.735703226841797E+031
   88.0000000000000       4.729617291959620E+031
   88.0500000000000       4.723535265847493E+031
   88.1000000000000       4.717457148505421E+031
   88.1500000000000       4.711382939933401E+031
   88.2000000000000       4.705312640131435E+031
   88.2500000000000       4.699246249099522E+031
   88.3000000000000       4.693183766837660E+031
   88.3500000000000       4.687125193345849E+031
   88.4000000000000       4.681070528624093E+031
   88.4500000000000       4.675019772672391E+031
   88.5000000000000       4.668972925490745E+031
   88.5500000000000       4.662929987079145E+031
   88.6000000000000       4.656890957437601E+031
   88.6500000000000       4.650855836566110E+031
   88.7000000000000       4.644824624464669E+031
   88.7500000000000       4.638797321133287E+031
   88.8000000000000       4.632773926571950E+031
   88.8500000000000       4.626754440780671E+031
   88.9000000000000       4.620738863759444E+031
   88.9500000000000       4.614727195508271E+031
   89.0000000000000       4.608719436027150E+031
   89.0500000000000       4.602715585316077E+031
   89.1000000000000       4.596715643375062E+031
   89.1500000000000       4.590719610204100E+031
   89.2000000000000       4.584727485803191E+031
   89.2500000000000       4.578739270172331E+031
   89.3000000000000       4.572754963311526E+031
   89.3500000000000       4.566774565220776E+031
   89.4000000000000       4.560798075900076E+031
   89.4500000000000       4.554825495349432E+031
   89.5000000000000       4.548856823568837E+031
   89.5500000000000       4.542892060558296E+031
   89.6000000000000       4.536931206317806E+031
   89.6500000000000       4.530974260847374E+031
   89.7000000000000       4.525021224146992E+031
   89.7500000000000       4.519072096216663E+031
   89.8000000000000       4.513126877056383E+031
   89.8500000000000       4.507185566666162E+031
   89.9000000000000       4.501248165045991E+031
   89.9500000000000       4.495314672195873E+031
   90.0000000000000       4.489385088115809E+031
   90.0500000000000       4.483459412805793E+031
   90.1000000000000       4.477537646265834E+031
   90.1500000000000       4.471619788495929E+031
   90.2000000000000       4.465705839496075E+031
   90.2500000000000       4.459795799266275E+031
   90.3000000000000       4.453889667806526E+031
   90.3500000000000       4.447987445116830E+031
   90.4000000000000       4.442089131197188E+031
   90.4500000000000       4.436194726047598E+031
   90.5000000000000       4.430304229668062E+031
   90.5500000000000       4.424417642058578E+031
   90.6000000000000       4.418534963219146E+031
   90.6500000000000       4.412656193149769E+031
   90.7000000000000       4.406781331850442E+031
   90.7500000000000       4.400910379321171E+031
   90.8000000000000       4.395043335561948E+031
   90.8500000000000       4.389180200572780E+031
   90.9000000000000       4.383320974353667E+031
   90.9500000000000       4.377465656904607E+031
   91.0000000000000       4.371614248225598E+031
   91.0500000000000       4.365766748316643E+031
   91.1000000000000       4.359923157177738E+031
   91.1500000000000       4.354083474808890E+031
   91.2000000000000       4.348247701210092E+031
   91.2500000000000       4.342415836381349E+031
   91.3000000000000       4.336587880322656E+031
   91.3500000000000       4.330763833034015E+031
   91.4000000000000       4.324943694515431E+031
   91.4500000000000       4.319127464766897E+031
   91.5000000000000       4.313315143788416E+031
   91.5500000000000       4.307506731579988E+031
   91.6000000000000       4.301702228141613E+031
   91.6500000000000       4.295901633473293E+031
   91.7000000000000       4.290104947575023E+031
   91.7500000000000       4.284312170446807E+031
   91.8000000000000       4.278523302088643E+031
   91.8500000000000       4.272738342500532E+031
   91.9000000000000       4.266957291682473E+031
   91.9500000000000       4.261180149634471E+031
   92.0000000000000       4.255406916356519E+031
   92.0500000000000       4.249637591848617E+031
   92.1000000000000       4.243872176110771E+031
   92.1500000000000       4.238110669142978E+031
   92.2000000000000       4.232353070945237E+031
   92.2500000000000       4.226599381517549E+031
   92.3000000000000       4.220849600859914E+031
   92.3500000000000       4.215103728972332E+031
   92.4000000000000       4.209361765854801E+031
   92.4500000000000       4.203623711507325E+031
   92.5000000000000       4.197889565929904E+031
   92.5500000000000       4.192159329122531E+031
   92.6000000000000       4.186433001085213E+031
   92.6500000000000       4.180710581817949E+031
   92.7000000000000       4.174992071320733E+031
   92.7500000000000       4.169277469593576E+031
   92.8000000000000       4.163566776636467E+031
   92.8500000000000       4.157859992449413E+031
   92.9000000000000       4.152157117032414E+031
   92.9500000000000       4.146458150385467E+031
   93.0000000000000       4.140763092508570E+031
   93.0500000000000       4.135071943401726E+031
   93.1000000000000       4.129384703064936E+031
   93.1500000000000       4.123701371498201E+031
   93.2000000000000       4.118021948701515E+031
   93.2500000000000       4.112346434674885E+031
   93.3000000000000       4.106674829418306E+031
   93.3500000000000       4.101007132931780E+031
   93.4000000000000       4.095343345215306E+031
   93.4500000000000       4.089683466268887E+031
   93.5000000000000       4.084027496092519E+031
   93.5500000000000       4.078375434686203E+031
   93.6000000000000       4.072727282049942E+031
   93.6500000000000       4.067083038183733E+031
   93.7000000000000       4.061442703087578E+031
   93.7500000000000       4.055806276761474E+031
   93.8000000000000       4.050173759205422E+031
   93.8500000000000       4.044545150419426E+031
   93.9000000000000       4.038920450403480E+031
   93.9500000000000       4.033299659157589E+031
   94.0000000000000       4.027682776681753E+031
   94.0500000000000       4.022069802975963E+031
   94.1000000000000       4.016460738040230E+031
   94.1500000000000       4.010855581874552E+031
   94.2000000000000       4.005254334478923E+031
   94.2500000000000       3.999656995853347E+031
   94.3000000000000       3.994063565997825E+031
   94.3500000000000       3.988474044912356E+031
   94.4000000000000       3.982888432596939E+031
   94.4500000000000       3.977306729051577E+031
   94.5000000000000       3.971728934276267E+031
   94.5500000000000       3.966155048271007E+031
   94.6000000000000       3.960585071035803E+031
   94.6500000000000       3.955019002570651E+031
   94.7000000000000       3.949456842875550E+031
   94.7500000000000       3.943898591950503E+031
   94.8000000000000       3.938344249795509E+031
   94.8500000000000       3.932793816410569E+031
   94.9000000000000       3.927247291795680E+031
   94.9500000000000       3.921704675950846E+031
   95.0000000000000       3.916165968876065E+031
   95.0500000000000       3.910631170571331E+031
   95.1000000000000       3.905100281036655E+031
   95.1500000000000       3.899573300272031E+031
   95.2000000000000       3.894050228277461E+031
   95.2500000000000       3.888531065052944E+031
   95.3000000000000       3.883015810598475E+031
   95.3500000000000       3.877504464914063E+031
   95.4000000000000       3.871997027999704E+031
   95.4500000000000       3.866493499855398E+031
   95.5000000000000       3.860993880481145E+031
   95.5500000000000       3.855498169876940E+031
   95.6000000000000       3.850006368042792E+031
   95.6500000000000       3.844518474978697E+031
   95.7000000000000       3.839034490684656E+031
   95.7500000000000       3.833554415160664E+031
   95.8000000000000       3.828078248406726E+031
   95.8500000000000       3.822605990422843E+031
   95.9000000000000       3.817137641209011E+031
   95.9500000000000       3.811673200765232E+031
   96.0000000000000       3.806212669091507E+031
   96.0500000000000       3.800756046187830E+031
   96.1000000000000       3.795303332054211E+031
   96.1500000000000       3.789854526690644E+031
   96.2000000000000       3.784409630097129E+031
   96.2500000000000       3.778968642273668E+031
   96.3000000000000       3.773531563220259E+031
   96.3500000000000       3.768098392936902E+031
   96.4000000000000       3.762669131423599E+031
   96.4500000000000       3.757243778680348E+031
   96.5000000000000       3.751822334707151E+031
   96.5500000000000       3.746404799504006E+031
   96.6000000000000       3.740991173070913E+031
   96.6500000000000       3.735581455407874E+031
   96.7000000000000       3.730175646514887E+031
   96.7500000000000       3.724773746391955E+031
   96.8000000000000       3.719375755039072E+031
   96.8500000000000       3.713981672456246E+031
   96.9000000000000       3.708591498643471E+031
   96.9500000000000       3.703205233600748E+031
   97.0000000000000       3.697822877328080E+031
   97.0500000000000       3.692444429825461E+031
   97.1000000000000       3.687069891092896E+031
   97.1500000000000       3.681699261130386E+031
   97.2000000000000       3.676332539937928E+031
   97.2500000000000       3.670969727515524E+031
   97.3000000000000       3.665610823863172E+031
   97.3500000000000       3.660255828980871E+031
   97.4000000000000       3.654904742868626E+031
   97.4500000000000       3.649557565526431E+031
   97.5000000000000       3.644214296954289E+031
   97.5500000000000       3.638874937152201E+031
   97.6000000000000       3.633539486120164E+031
   97.6500000000000       3.628207943858180E+031
   97.7000000000000       3.622880310366253E+031
   97.7500000000000       3.617556585644374E+031
   97.8000000000000       3.612236769692551E+031
   97.8500000000000       3.606920862510779E+031
   97.9000000000000       3.601608864099062E+031
   97.9500000000000       3.596300774457396E+031
   98.0000000000000       3.590996593585782E+031
   98.0500000000000       3.585696321484223E+031
   98.1000000000000       3.580399958152715E+031
   98.1500000000000       3.575107503591261E+031
   98.2000000000000       3.569818957799857E+031
   98.2500000000000       3.564534320778511E+031
   98.3000000000000       3.559253592527212E+031
   98.3500000000000       3.553976773045972E+031
   98.4000000000000       3.548703862334780E+031
   98.4500000000000       3.543434860393643E+031
   98.5000000000000       3.538169767222557E+031
   98.5500000000000       3.532908582821526E+031
   98.6000000000000       3.527651307190547E+031
   98.6500000000000       3.522397940329620E+031
   98.7000000000000       3.517148482238747E+031
   98.7500000000000       3.511902932917928E+031
   98.8000000000000       3.506661292367159E+031
   98.8500000000000       3.501423560586444E+031
   98.9000000000000       3.496189737575780E+031
   98.9500000000000       3.490959823335172E+031
   99.0000000000000       3.485733817864618E+031
   99.0500000000000       3.480511721164112E+031
   99.1000000000000       3.475293533233662E+031
   99.1500000000000       3.470079254073263E+031
   99.2000000000000       3.464868883682918E+031
   99.2500000000000       3.459662422062628E+031
   99.3000000000000       3.454459869212387E+031
   99.3500000000000       3.449261225132201E+031
   99.4000000000000       3.444066489822066E+031
   99.4500000000000       3.438875663281986E+031
   99.5000000000000       3.433688745511957E+031
   99.5500000000000       3.428505736511981E+031
   99.6000000000000       3.423326636282058E+031
   99.6500000000000       3.418151444822190E+031
   99.7000000000000       3.412980162132374E+031
   99.7500000000000       3.407812788212610E+031
   99.8000000000000       3.402649323062898E+031
   99.8500000000000       3.397489766683239E+031
   99.9000000000000       3.392334119073633E+031
   99.9500000000000       3.387182380234081E+031
   100.000000000000       3.382034550164582E+031
