  0.000000000000000E+000  0.000000000000000E+000
  5.000000000000000E-002  1.439507692012459E+049
  0.100000000000000       5.811711351562757E+049
  0.150000000000000       1.352732883998801E+050
  0.200000000000000       2.646592959117049E+050
  0.250000000000000       4.615384560900047E+050
  0.300000000000000       7.279105586433354E+050
  0.350000000000000       1.062272046468987E+051
  0.400000000000000       1.452426770885682E+051
  0.450000000000000       1.876744510011074E+051
  0.500000000000000       2.327249626408735E+051
  0.550000000000000       2.792206886400600E+051
  0.600000000000000       3.260331731023608E+051
  0.650000000000000       3.721662742306498E+051
  0.700000000000000       4.168892077541217E+051
  0.750000000000000       4.595126890030250E+051
  0.800000000000000       4.997014909426643E+051
  0.850000000000000       5.372173048200181E+051
  0.900000000000000       5.717608885094392E+051
  0.950000000000000       6.029156260159933E+051
   1.00000000000000       6.305058463052782E+051
   1.05000000000000       6.544294575025531E+051
   1.10000000000000       6.748867427299528E+051
   1.15000000000000       6.920637535368295E+051
   1.20000000000000       7.057375708037196E+051
   1.25000000000000       7.163629587075135E+051
   1.30000000000000       7.241299640174473E+051
   1.35000000000000       7.288896471714282E+051
   1.40000000000000       7.308764700526074E+051
   1.45000000000000       7.304598890944293E+051
   1.50000000000000       7.276900852439256E+051
   1.55000000000000       7.226205672350767E+051
   1.60000000000000       7.154378368072095E+051
   1.65000000000000       7.062730653961339E+051
   1.70000000000000       6.953699319623537E+051
   1.75000000000000       6.829716211314944E+051
   1.80000000000000       6.691019713143855E+051
   1.85000000000000       6.538918988098856E+051
   1.90000000000000       6.375785703960219E+051
   1.95000000000000       6.202023417767370E+051
   2.00000000000000       6.019539759250156E+051
   2.05000000000000       5.830372642019068E+051
   2.10000000000000       5.634759491680270E+051
   2.15000000000000       5.433692365216917E+051
   2.20000000000000       5.229540641441247E+051
   2.25000000000000       5.022589015818584E+051
   2.30000000000000       4.814529466420254E+051
   2.35000000000000       4.607330676784228E+051
   2.40000000000000       4.400326878579364E+051
   2.45000000000000       4.193973992898663E+051
   2.50000000000000       3.991373704905470E+051
   2.55000000000000       3.793294034517878E+051
   2.60000000000000       3.599018855362751E+051
   2.65000000000000       3.408963278893166E+051
   2.70000000000000       3.223393563354198E+051
   2.75000000000000       3.043016216739975E+051
   2.80000000000000       2.868586459671973E+051
   2.85000000000000       2.700482597331867E+051
   2.90000000000000       2.540020735929294E+051
   2.95000000000000       2.385570649033687E+051
   3.00000000000000       2.237056263763495E+051
   3.05000000000000       2.093760990232298E+051
   3.10000000000000       1.958325315630157E+051
   3.15000000000000       1.829451288190200E+051
   3.20000000000000       1.706409563308990E+051
   3.25000000000000       1.588973829947861E+051
   3.30000000000000       1.478162545772271E+051
   3.35000000000000       1.373629047905999E+051
   3.40000000000000       1.276687518151829E+051
   3.45000000000000       1.186179284094255E+051
   3.50000000000000       1.101336892843414E+051
   3.55000000000000       1.021208815551403E+051
   3.60000000000000       9.456284878854568E+050
   3.65000000000000       8.743542055838287E+050
   3.70000000000000       8.077305070924260E+050
   3.75000000000000       7.444919284307712E+050
   3.80000000000000       6.857381091327334E+050
   3.85000000000000       6.333004683062370E+050
   3.90000000000000       5.851992533751148E+050
   3.95000000000000       5.403718342607668E+050
   4.00000000000000       4.983439786729391E+050
   4.05000000000000       4.590872618150525E+050
   4.10000000000000       4.228191721357408E+050
   4.15000000000000       3.886456986101482E+050
   4.20000000000000       3.561622616177525E+050
   4.25000000000000       3.265706971937309E+050
   4.30000000000000       3.000130593313698E+050
   4.35000000000000       2.763403581883196E+050
   4.40000000000000       2.545108704080681E+050
   4.45000000000000       2.341956976453857E+050
   4.50000000000000       2.155464921378799E+050
   4.55000000000000       1.981684182108767E+050
   4.60000000000000       1.817916568714569E+050
   4.65000000000000       1.663805192313235E+050
   4.70000000000000       1.523311112365067E+050
   4.75000000000000       1.392623233767820E+050
   4.80000000000000       1.280657253559352E+050
   4.85000000000000       1.179481908904673E+050
   4.90000000000000       1.076916884876695E+050
   4.95000000000000       9.935678028418897E+049
   5.00000000000000       9.155450280943517E+049
   5.05000000000000       8.423871949812019E+049
   5.10000000000000       7.735976952116503E+049
   5.15000000000000       7.085491447447780E+049
   5.20000000000000       6.483070608379748E+049
   5.25000000000000       5.954723394857757E+049
   5.30000000000000       5.493984456878591E+049
   5.35000000000000       5.071422933457089E+049
   5.40000000000000       4.682268995526490E+049
   5.45000000000000       4.313765640133156E+049
   5.50000000000000       3.967286687239810E+049
   5.55000000000000       3.650030643153624E+049
   5.60000000000000       3.340797364183851E+049
   5.65000000000000       3.057634277740960E+049
   5.70000000000000       2.801422457888202E+049
   5.75000000000000       2.583940428881618E+049
   5.80000000000000       2.389069965827508E+049
   5.85000000000000       2.206242268220082E+049
   5.90000000000000       2.034591800414628E+049
   5.95000000000000       1.875670370754347E+049
   6.00000000000000       1.723605767212690E+049
   6.05000000000000       1.580433984698071E+049
   6.10000000000000       1.449856086463591E+049
   6.15000000000000       1.327174152170712E+049
   6.20000000000000       1.222503615843907E+049
   6.25000000000000       1.130477985392848E+049
   6.30000000000000       1.047096195635889E+049
   6.35000000000000       9.686948381565430E+048
   6.40000000000000       8.947587709189212E+048
   6.45000000000000       8.223090189850187E+048
   6.50000000000000       7.555339624479587E+048
   6.55000000000000       6.952538490008685E+048
   6.60000000000000       6.383210682435773E+048
   6.65000000000000       5.877145440877175E+048
   6.70000000000000       5.443487518346229E+048
   6.75000000000000       5.048346990116260E+048
   6.80000000000000       4.694310353033633E+048
   6.85000000000000       4.354777202743949E+048
   6.90000000000000       4.027422431152862E+048
   6.95000000000000       3.713166615338415E+048
   7.00000000000000       3.420807353299206E+048
   7.05000000000000       3.163800688114825E+048
   7.10000000000000       2.922114268282383E+048
   7.15000000000000       2.715262683827060E+048
   7.20000000000000       2.537670163992159E+048
   7.25000000000000       2.377892195176305E+048
   7.30000000000000       2.226953527577616E+048
   7.35000000000000       2.079158798829921E+048
   7.40000000000000       1.937489305645561E+048
   7.45000000000000       1.798872965834766E+048
   7.50000000000000       1.678964055748697E+048
   7.55000000000000       1.571561367040732E+048
   7.60000000000000       1.476059782406160E+048
   7.65000000000000       1.398603295922113E+048
   7.70000000000000       1.328061502799881E+048
   7.75000000000000       1.262431721679342E+048
   7.80000000000000       1.199622774391688E+048
   7.85000000000000       1.137853814969232E+048
   7.90000000000000       1.076940978542648E+048
   7.95000000000000       1.019898873643075E+048
   8.00000000000000       9.703434024178595E+047
   8.05000000000000       9.298237503858309E+047
   8.10000000000000       8.950529593324247E+047
   8.15000000000000       8.640072763604535E+047
   8.20000000000000       8.361488138483333E+047
   8.25000000000000       8.092187275894882E+047
   8.30000000000000       7.823878230624731E+047
   8.35000000000000       7.554820943177313E+047
   8.40000000000000       7.280127521034403E+047
   8.45000000000000       7.040577334504377E+047
   8.50000000000000       6.816339411140732E+047
   8.55000000000000       6.643764027903182E+047
   8.60000000000000       6.492466912499085E+047
   8.65000000000000       6.349359603117389E+047
   8.70000000000000       6.212251306781843E+047
   8.75000000000000       6.072005586252343E+047
   8.80000000000000       5.923237757697292E+047
   8.85000000000000       5.777194097609243E+047
   8.90000000000000       5.601920417084606E+047
   8.95000000000000       5.466819347937786E+047
   9.00000000000000       5.345759540936626E+047
   9.05000000000000       5.236673717925401E+047
   9.10000000000000       5.121710929970680E+047
   9.15000000000000       5.016579545088918E+047
   9.20000000000000       4.907604403728341E+047
   9.25000000000000       4.771691060893945E+047
   9.30000000000000       4.655454120156179E+047
   9.35000000000000       4.542569013002735E+047
   9.40000000000000       4.429797067347434E+047
   9.45000000000000       4.317795583845409E+047
   9.50000000000000       4.210954203563669E+047
   9.55000000000000       4.108906820860732E+047
   9.60000000000000       4.005941880466621E+047
   9.65000000000000       3.902847985412541E+047
   9.70000000000000       3.798318651390675E+047
   9.75000000000000       3.692477148945638E+047
   9.80000000000000       3.520597024392174E+047
   9.85000000000000       3.421515397859917E+047
   9.90000000000000       3.321946439870327E+047
   9.95000000000000       3.223408226328671E+047
   10.0000000000000       3.113430468584792E+047
   10.0500000000000       3.019340258275256E+047
   10.1000000000000       2.921667539935451E+047
   10.1500000000000       2.830869104557455E+047
   10.2000000000000       2.740862877907721E+047
   10.2500000000000       2.651511716961436E+047
   10.3000000000000       2.563007446868227E+047
   10.3500000000000       2.475705097309785E+047
   10.4000000000000       2.378896288637923E+047
   10.4500000000000       2.295481220790061E+047
   10.5000000000000       2.214527622267330E+047
   10.5500000000000       2.135215462198610E+047
   10.6000000000000       2.057349372823785E+047
   10.6500000000000       1.980815494709480E+047
   10.7000000000000       1.906008401933653E+047
   10.7500000000000       1.832599841105806E+047
   10.8000000000000       1.760903991751253E+047
   10.8500000000000       1.690896089952854E+047
   10.9000000000000       1.622486631155566E+047
   10.9500000000000       1.555250016709519E+047
   11.0000000000000       1.490994297035799E+047
   11.0500000000000       1.427544021240323E+047
   11.1000000000000       1.366941377612705E+047
   11.1500000000000       1.307215011103909E+047
   11.2000000000000       1.250115835857474E+047
   11.2500000000000       1.194716318550667E+047
   11.3000000000000       1.139535650478165E+047
   11.3500000000000       1.087624289709684E+047
   11.4000000000000       1.037412871140995E+047
   11.4500000000000       9.868072000548722E+046
   11.5000000000000       9.403326057379688E+046
   11.5500000000000       8.954937498349092E+046
   11.6000000000000       8.522648929666299E+046
   11.6500000000000       8.105960350368432E+046
   11.7000000000000       7.704671759282856E+046
   11.7500000000000       7.318383154793168E+046
   11.8000000000000       6.947094535403205E+046
   11.8500000000000       6.590205898474381E+046
   11.9000000000000       6.247517240714590E+046
   11.9500000000000       5.914331002526811E+046
   12.0000000000000       5.597254738557898E+046
   12.0500000000000       5.296478120029055E+046
   12.1000000000000       5.008701500353593E+046
   12.1500000000000       4.733524879442623E+046
   12.2000000000000       4.470448257192367E+046
   12.2500000000000       4.219371633450129E+046
   12.3000000000000       3.979795008135450E+046
   12.3500000000000       3.751418381026573E+046
   12.4000000000000       3.533841751893955E+046
   12.4500000000000       3.326765120438380E+046
   12.5000000000000       3.128767063725625E+046
   12.5500000000000       2.941863071979222E+046
   12.6000000000000       2.764459080216705E+046
   12.6500000000000       2.596155088436920E+046
   12.7000000000000       2.436551096638540E+046
   12.7500000000000       2.285447104820027E+046
   12.8000000000000       2.142543112979560E+046
   12.8500000000000       2.007439121114964E+046
   12.9000000000000       1.879735129223587E+046
   12.9500000000000       1.759231137302118E+046
   13.0000000000000       1.645600000003054E+046
   13.0500000000000       1.538400000002826E+046
   13.1000000000000       1.437600000002620E+046
   13.1500000000000       1.342700000002434E+046
   13.2000000000000       1.253400000002266E+046
   13.2500000000000       1.169600000002114E+046
   13.3000000000000       1.090900000001975E+046
   13.3500000000000       1.017000000001849E+046
   13.4000000000000       9.477900000017347E+045
   13.4500000000000       8.829000000016295E+045
   13.5000000000000       8.221400000015333E+045
   13.5500000000000       7.652800000014451E+045
   13.6000000000000       7.120900000013637E+045
   13.6500000000000       6.623800000012883E+045
   13.7000000000000       6.159400000012188E+045
   13.7500000000000       5.725800000011544E+045
   13.8000000000000       5.321100000010945E+045
   13.8500000000000       4.943500000010386E+045
   13.9000000000000       4.591500000009862E+045
   13.9500000000000       4.263300000009372E+045
   14.0000000000000       3.957700000008910E+045
   14.0500000000000       3.673100000008476E+045
   14.1000000000000       3.408000000008064E+045
   14.1500000000000       3.161400000007676E+045
   14.2000000000000       2.932000000007307E+045
   14.2500000000000       2.718600000006957E+045
   14.3000000000000       2.520300000006624E+045
   14.3500000000000       2.335900000006306E+045
   14.4000000000000       2.164500000006003E+045
   14.4500000000000       2.005300000005713E+045
   14.5000000000000       1.857500000005435E+045
   14.5500000000000       1.720100000005170E+045
   14.6000000000000       1.592700000004884E+045
   14.6500000000000       1.474400000004648E+045
   14.7000000000000       1.364600000004421E+045
   14.7500000000000       1.262700000004201E+045
   14.8000000000000       1.168200000003989E+045
   14.8500000000000       1.080600000003785E+045
   14.9000000000000       9.993400000035882E+044
   14.9500000000000       9.240000000033985E+044
   15.0000000000000       8.541700000032162E+044
   15.0500000000000       7.894700000030391E+044
   15.1000000000000       7.295300000028712E+044
   15.1500000000000       6.740000000027100E+044
   15.2000000000000       6.225800000025554E+044
   15.2500000000000       5.749700000024072E+044
   15.3000000000000       5.309000000022652E+044
   15.3500000000000       4.901000000021295E+044
   15.4000000000000       4.523700000019998E+044
   15.4500000000000       4.174500000018761E+044
   15.5000000000000       3.851700000017559E+044
   15.5500000000000       3.553200000016441E+044
   15.6000000000000       3.277200000015376E+044
   15.6500000000000       3.022200000014364E+044
   15.7000000000000       2.786500000013402E+044
   15.7500000000000       2.568800000012490E+044
   15.8000000000000       2.367700000011627E+044
   15.8500000000000       2.182100000010810E+044
   15.9000000000000       2.010700000010039E+044
   15.9500000000000       1.852400000009312E+044
   16.0000000000000       1.706400000008627E+044
   16.0500000000000       1.571700000007983E+044
   16.1000000000000       1.447500000007377E+044
   16.1500000000000       1.332800000006803E+044
   16.2000000000000       1.227200000006274E+044
   16.2500000000000       1.129700000005778E+044
   16.3000000000000       1.039900000005314E+044
   16.3500000000000       9.570900000048818E+043
   16.4000000000000       8.807800000044785E+043
   16.4500000000000       8.104700000041028E+043
   16.5000000000000       7.457000000037534E+043
   16.5500000000000       6.860300000034287E+043
   16.6000000000000       6.310800000031275E+043
   16.6500000000000       5.804700000028483E+043
   16.7000000000000       5.338700000025901E+043
   16.7500000000000       4.909700000023328E+043
   16.8000000000000       4.514700000021174E+043
   16.8500000000000       4.151100000019182E+043
   16.9000000000000       3.816500000017344E+043
   16.9500000000000       3.508600000015651E+043
   17.0000000000000       3.225200000014094E+043
   17.0500000000000       2.964500000012666E+043
   17.1000000000000       2.724700000011359E+043
   17.1500000000000       2.504000000010164E+043
   17.2000000000000       2.301100000009076E+043
   17.2500000000000       2.114400000008087E+043
   17.3000000000000       1.942800000007189E+043
   17.3500000000000       1.784900000006377E+043
   17.4000000000000       1.639700000005627E+043
   17.4500000000000       1.506300000004972E+043
   17.5000000000000       1.383600000004384E+043
   17.5500000000000       1.270800000003856E+043
   17.6000000000000       1.167200000003384E+043
   17.6500000000000       1.071900000002963E+043
   17.7000000000000       9.843000000025891E+042
   17.7500000000000       9.038300000022572E+042
   17.8000000000000       8.298800000019633E+042
   17.8500000000000       7.619400000017037E+042
   17.9000000000000       6.995100000014750E+042
   17.9500000000000       6.421600000012742E+042
   18.0000000000000       5.894700000009998E+042
   18.0500000000000       5.410700000008720E+042
   18.1000000000000       4.966200000007583E+042
   18.1500000000000       4.557900000006573E+042
   18.2000000000000       4.182900000005681E+042
   18.2500000000000       3.838600000004893E+042
   18.3000000000000       3.522400000004200E+042
   18.3500000000000       3.232000000003592E+042
   18.4000000000000       2.965400000003061E+042
   18.4500000000000       2.720700000002598E+042
   18.5000000000000       2.496000000002196E+042
   18.5500000000000       2.289700000001848E+042
   18.6000000000000       2.100400000001548E+042
   18.6500000000000       1.926600000001238E+042
   18.7000000000000       1.767100000001033E+042
   18.7500000000000       1.620800000000856E+042
   18.8000000000000       1.486400000000706E+042
   18.8500000000000       1.363200000000578E+042
   18.9000000000000       1.250000000000470E+042
   18.9500000000000       1.146200000000380E+042
   19.0000000000000       1.051000000000304E+042
   19.0500000000000       9.636600000002414E+041
   19.1000000000000       8.835100000001894E+041
   19.1500000000000       8.100000000001470E+041
   19.2000000000000       7.425500000001123E+041
   19.2500000000000       6.807000000000033E+041
   19.3000000000000       6.239600000000027E+041
   19.3500000000000       5.719300000000022E+041
   19.4000000000000       5.242000000000018E+041
   19.4500000000000       4.804400000000015E+041
   19.5000000000000       4.403100000000012E+041
   19.5500000000000       4.035200000000010E+041
   19.6000000000000       3.697800000000008E+041
   19.6500000000000       3.388400000000006E+041
   19.7000000000000       3.104800000000005E+041
   19.7500000000000       2.844800000000004E+041
   19.8000000000000       2.606500000000003E+041
   19.8500000000000       2.388000000000002E+041
   19.9000000000000       2.187700000000000E+041
   19.9500000000000       2.004100000000000E+041
   20.0000000000000       1.835900000000000E+041
   20.0500000000000       1.681700000000000E+041
   20.1000000000000       1.540400000000000E+041
   20.1500000000000       1.410900000000000E+041
   20.2000000000000       1.292200000000000E+041
   20.2500000000000       1.183500000000000E+041
   20.3000000000000       1.083900000000000E+041
   20.3500000000000       9.925900000000000E+040
   20.4000000000000       9.089500000000001E+040
   20.4500000000000       8.323300000000000E+040
   20.5000000000000       7.621300000000000E+040
   20.5500000000000       6.978200000000000E+040
   20.6000000000000       6.389200000000000E+040
   20.6500000000000       5.849600000000000E+040
   20.7000000000000       5.355400000000000E+040
   20.7500000000000       4.902800000000000E+040
   20.8000000000000       4.488200000000000E+040
   20.8500000000000       4.108500000000000E+040
   20.9000000000000       3.760800000000000E+040
   20.9500000000000       3.442400000000000E+040
   21.0000000000000       3.150800000000000E+040
   21.0500000000000       2.883800000000000E+040
   21.1000000000000       2.639300000000000E+040
   21.1500000000000       2.415500000000000E+040
   21.2000000000000       2.210600000000000E+040
   21.2500000000000       2.023000000000000E+040
   21.3000000000000       1.851200000000000E+040
   21.3500000000000       1.693900000000000E+040
   21.4000000000000       1.550000000000000E+040
   21.4500000000000       1.418200000000000E+040
   21.5000000000000       1.297600000000000E+040
   21.5500000000000       1.187200000000000E+040
   21.6000000000000       1.086200000000000E+040
   21.6500000000000       9.937000000000000E+039
   21.7000000000000       9.090600000000000E+039
   21.7500000000000       8.316099999999999E+039
   21.8000000000000       7.607299999999999E+039
   21.8500000000000       6.958600000000000E+039
   21.9000000000000       6.365000000000000E+039
   21.9500000000000       5.821900000000000E+039
   22.0000000000000       5.324900000000000E+039
   22.0500000000000       4.870200000000000E+039
   22.1000000000000       4.454100000000000E+039
   22.1500000000000       4.073500000000000E+039
   22.2000000000000       3.725300000000000E+039
   22.2500000000000       3.406700000000000E+039
   22.3000000000000       3.115300000000000E+039
   22.3500000000000       2.848700000000000E+039
   22.4000000000000       2.604800000000000E+039
   22.4500000000000       2.381800000000000E+039
   22.5000000000000       2.177700000000000E+039
   22.5500000000000       1.991100000000000E+039
   22.6000000000000       1.820400000000000E+039
   22.6500000000000       1.664300000000000E+039
   22.7000000000000       1.521600000000000E+039
   22.7500000000000       1.391000000000000E+039
   22.8000000000000       1.271600000000000E+039
   22.8500000000000       1.162400000000000E+039
   22.9000000000000       1.062600000000000E+039
   22.9500000000000       9.712800000000000E+038
   23.0000000000000       8.878000000000000E+038
   23.0500000000000       8.114700000000000E+038
   23.1000000000000       7.416800000000001E+038
   23.1500000000000       6.778700000000000E+038
   23.2000000000000       6.195400000000000E+038
   23.2500000000000       5.662100000000000E+038
   23.3000000000000       5.174500000000000E+038
   23.3500000000000       4.728800000000000E+038
   23.4000000000000       4.321300000000000E+038
   23.4500000000000       3.948900000000000E+038
   23.5000000000000       3.608400000000000E+038
   23.5500000000000       3.297300000000000E+038
   23.6000000000000       3.012800000000000E+038
   23.6500000000000       2.752800000000000E+038
   23.7000000000000       2.515200000000000E+038
   23.7500000000000       2.298000000000000E+038
   23.8000000000000       2.099600000000000E+038
   23.8500000000000       1.918200000000000E+038
   23.9000000000000       1.752400000000000E+038
   23.9500000000000       1.600900000000000E+038
   24.0000000000000       1.462500000000000E+038
   24.0500000000000       1.336000000000000E+038
   24.1000000000000       1.220400000000000E+038
   24.1500000000000       1.114800000000000E+038
   24.2000000000000       1.018300000000000E+038
   24.2500000000000       9.301100000000000E+037
   24.3000000000000       8.495500000000000E+037
   24.3500000000000       7.759500000000000E+037
   24.4000000000000       7.087000000000000E+037
   24.4500000000000       6.472800000000000E+037
   24.5000000000000       5.911400000000000E+037
   24.5500000000000       5.398800000000000E+037
   24.6000000000000       4.930400000000000E+037
   24.6500000000000       4.502600000000000E+037
   24.7000000000000       4.111800000000000E+037
   24.7500000000000       3.754800000000000E+037
   24.8000000000000       3.428700000000000E+037
   24.8500000000000       3.130800000000000E+037
   24.9000000000000       2.858800000000000E+037
   24.9500000000000       2.610300000000000E+037
   25.0000000000000       2.383400000000000E+037
