  0.000000000000000E+000  0.000000000000000E+000
  5.000000000000000E-002  1.065236890261819E+045
  0.100000000000000       1.172892674249570E+047
  0.150000000000000       1.838930648201929E+048
  0.200000000000000       1.164683041563220E+049
  0.250000000000000       4.044555435631084E+049
  0.300000000000000       9.425685970257905E+049
  0.350000000000000       1.621257299607459E+050
  0.400000000000000       2.366633956480217E+050
  0.450000000000000       3.167966045328870E+050
  0.500000000000000       4.000223249047548E+050
  0.550000000000000       4.839546253634892E+050
  0.600000000000000       5.630313198123732E+050
  0.650000000000000       6.323526899016268E+050
  0.700000000000000       6.904027518597222E+050
  0.750000000000000       7.367078892757010E+050
  0.800000000000000       7.703300879418783E+050
  0.850000000000000       7.931577756355485E+050
  0.900000000000000       8.046528851190492E+050
  0.950000000000000       8.064504452823364E+050
   1.00000000000000       7.994064469877184E+050
   1.05000000000000       7.874185380332031E+050
   1.10000000000000       7.711382543027663E+050
   1.15000000000000       7.503016759147246E+050
   1.20000000000000       7.262617189639206E+050
   1.25000000000000       7.000011251380316E+050
   1.30000000000000       6.716470142867100E+050
   1.35000000000000       6.424141330921420E+050
   1.40000000000000       6.124805263601480E+050
   1.45000000000000       5.826820978845853E+050
   1.50000000000000       5.529416812620066E+050
   1.55000000000000       5.238237903644280E+050
   1.60000000000000       4.951654570910487E+050
   1.65000000000000       4.675352258052403E+050
   1.70000000000000       4.406083089083687E+050
   1.75000000000000       4.145002756131884E+050
   1.80000000000000       3.895491357297629E+050
   1.85000000000000       3.653783615365961E+050
   1.90000000000000       3.428398040828473E+050
   1.95000000000000       3.213442633041745E+050
   2.00000000000000       3.006983753731859E+050
   2.05000000000000       2.810780172868826E+050
   2.10000000000000       2.620519862775119E+050
   2.15000000000000       2.447135939794932E+050
   2.20000000000000       2.281801309986183E+050
   2.25000000000000       2.126012357717928E+050
   2.30000000000000       1.979226137032707E+050
   2.35000000000000       1.839078995879401E+050
   2.40000000000000       1.709663144866032E+050
   2.45000000000000       1.588984705519840E+050
   2.50000000000000       1.474872422594421E+050
   2.55000000000000       1.368258608934482E+050
   2.60000000000000       1.266165618514773E+050
   2.65000000000000       1.171099853982946E+050
   2.70000000000000       1.081931769726448E+050
   2.75000000000000       1.000026656046058E+050
   2.80000000000000       9.223779281510630E+049
   2.85000000000000       8.501039371380758E+049
   2.90000000000000       7.827177322096555E+049
   2.95000000000000       7.211917235229039E+049
   3.00000000000000       6.637187489043052E+049
   3.05000000000000       6.099687751733649E+049
   3.10000000000000       5.591517361547423E+049
   3.15000000000000       5.115107584416720E+049
   3.20000000000000       4.680353189263154E+049
   3.25000000000000       4.282087980917840E+049
   3.30000000000000       3.917098390762611E+049
   3.35000000000000       3.584673689981894E+049
   3.40000000000000       3.269921967614929E+049
   3.45000000000000       2.985404113039206E+049
   3.50000000000000       2.722615463602685E+049
   3.55000000000000       2.477871248522857E+049
   3.60000000000000       2.252539041671711E+049
   3.65000000000000       2.045517755301098E+049
   3.70000000000000       1.856499939738135E+049
   3.75000000000000       1.687395346632985E+049
   3.80000000000000       1.534551992264133E+049
   3.85000000000000       1.395573468528594E+049
   3.90000000000000       1.263088249979375E+049
   3.95000000000000       1.143623781889087E+049
   4.00000000000000       1.033459985891540E+049
   4.05000000000000       9.314707686883173E+048
   4.10000000000000       8.446799158909410E+048
   4.15000000000000       7.636838606218725E+048
   4.20000000000000       6.922996244322013E+048
   4.25000000000000       6.255050687578866E+048
   4.30000000000000       5.645305479685511E+048
   4.35000000000000       5.077558528556437E+048
   4.40000000000000       4.561360354228030E+048
   4.45000000000000       4.114639497121989E+048
   4.50000000000000       3.706351901872542E+048
   4.55000000000000       3.351191400659649E+048
   4.60000000000000       3.020258191857159E+048
   4.65000000000000       2.720842799383274E+048
   4.70000000000000       2.439445571711646E+048
   4.75000000000000       2.184872992006020E+048
   4.80000000000000       1.962045186041049E+048
   4.85000000000000       1.764739086577803E+048
   4.90000000000000       1.586871900701170E+048
   4.95000000000000       1.427226588205618E+048
   5.00000000000000       1.285071501353521E+048
   5.05000000000000       1.150182181655551E+048
   5.10000000000000       1.029347720546449E+048
   5.15000000000000       9.203267981998267E+047
   5.20000000000000       8.259516698894363E+047
   5.25000000000000       7.408647062765058E+047
   5.30000000000000       6.633848654209462E+047
   5.35000000000000       5.967338738115597E+047
   5.40000000000000       5.339335309717432E+047
   5.45000000000000       4.776416288117027E+047
   5.50000000000000       4.259089925208052E+047
   5.55000000000000       3.805801434349456E+047
   5.60000000000000       3.415679765306434E+047
   5.65000000000000       3.041637209199087E+047
   5.70000000000000       2.730254217064644E+047
   5.75000000000000       2.445113705151964E+047
   5.80000000000000       2.183565878677615E+047
   5.85000000000000       1.945511998381727E+047
   5.90000000000000       1.730424959053176E+047
   5.95000000000000       1.554301554648975E+047
   6.00000000000000       1.383238319857981E+047
   6.05000000000000       1.232777664284620E+047
   6.10000000000000       1.104981926619557E+047
   6.15000000000000       9.877033879955542E+046
   6.20000000000000       8.788588225853120E+046
   6.25000000000000       7.804081652542910E+046
   6.30000000000000       7.000813445568029E+046
   6.35000000000000       6.238116804832872E+046
   6.40000000000000       5.532075260322594E+046
   6.45000000000000       4.946301977370838E+046
   6.50000000000000       4.426309668514147E+046
   6.55000000000000       3.941375222854244E+046
   6.60000000000000       3.498001057014148E+046
   6.65000000000000       3.120123956379266E+046
   6.70000000000000       2.784107530252674E+046
   6.75000000000000       2.465235368176675E+046
   6.80000000000000       2.196022429893510E+046
   6.85000000000000       1.964584826360050E+046
   6.90000000000000       1.744073612114557E+046
   6.95000000000000       1.549659902582848E+046
   7.00000000000000       1.377707010401469E+046
   7.05000000000000       1.230781740091869E+046
   7.10000000000000       1.090209424250214E+046
   7.15000000000000       9.662054313926910E+045
   7.20000000000000       8.559014236382618E+045
   7.25000000000000       7.629516819592237E+045
   7.30000000000000       6.738832172075435E+045
   7.35000000000000       5.979976548800503E+045
   7.40000000000000       5.316038437971932E+045
   7.45000000000000       4.676696228542485E+045
   7.50000000000000       4.144348446850685E+045
   7.55000000000000       3.635403728253089E+045
   7.60000000000000       3.156173774540539E+045
   7.65000000000000       2.818827890935956E+045
   7.70000000000000       2.503305826210541E+045
   7.75000000000000       2.179707923222917E+045
   7.80000000000000       1.944391631084486E+045
   7.85000000000000       1.637501798371516E+045
   7.90000000000000       1.441654226435918E+045
   7.95000000000000       1.285273971647166E+045
   8.00000000000000       1.044044777501350E+045
   8.05000000000000       9.280196650985308E+044
   8.10000000000000       8.217239595308755E+044
   8.15000000000000       7.375823147964694E+044
   8.20000000000000       6.583747021191791E+044
   8.25000000000000       5.790674243399626E+044
   8.30000000000000       5.136041557349842E+044
   8.35000000000000       4.597179574157431E+044
   8.40000000000000       4.092627153216472E+044
   8.45000000000000       3.624209032297756E+044
   8.50000000000000       3.171910939015104E+044
   8.55000000000000       2.582898372711299E+044
   8.60000000000000       2.282702034046976E+044
   8.65000000000000       1.853033521832244E+044
   8.70000000000000       1.483772973157994E+044
   8.75000000000000       1.258411176563537E+044
   8.80000000000000       1.035021842861510E+044
   8.85000000000000       2.904531181913073E+043
   8.90000000000000       2.593170561918512E+043
   8.95000000000000       2.282265758192866E+043
   9.00000000000000       1.971757274262192E+043
   9.05000000000000       6.601854830487151E+042
   9.10000000000000       2.308900000000000E+041
   9.15000000000000       2.058100000000000E+041
   9.20000000000000       1.834300000000000E+041
   9.25000000000000       1.634600000000000E+041
   9.30000000000000       1.456600000000000E+041
   9.35000000000000       1.297800000000000E+041
   9.40000000000000       1.156300000000000E+041
   9.45000000000000       1.030100000000000E+041
   9.50000000000000       9.175300000000000E+040
   9.55000000000000       8.172300000000000E+040
   9.60000000000000       7.278200000000000E+040
   9.65000000000000       6.481400000000000E+040
   9.70000000000000       5.771300000000000E+040
   9.75000000000000       5.138600000000000E+040
   9.80000000000000       4.574800000000000E+040
   9.85000000000000       4.072500000000000E+040
   9.90000000000000       3.625100000000000E+040
   9.95000000000000       3.226600000000000E+040
   10.0000000000000       2.871600000000000E+040
   10.0500000000000       2.555500000000000E+040
   10.1000000000000       2.274000000000000E+040
   10.1500000000000       2.023400000000000E+040
   10.2000000000000       1.800200000000000E+040
   10.2500000000000       1.601500000000000E+040
   10.3000000000000       1.424600000000000E+040
   10.3500000000000       1.267200000000000E+040
   10.4000000000000       1.127100000000000E+040
   10.4500000000000       1.002400000000000E+040
   10.5000000000000       8.914200000000000E+039
   10.5500000000000       7.926800000000000E+039
   10.6000000000000       7.048200000000000E+039
   10.6500000000000       6.266600000000000E+039
   10.7000000000000       5.571200000000000E+039
   10.7500000000000       4.952600000000000E+039
   10.8000000000000       4.402400000000000E+039
   10.8500000000000       3.913100000000000E+039
   10.9000000000000       3.477900000000000E+039
   10.9500000000000       3.090900000000000E+039
   11.0000000000000       2.746800000000000E+039
   11.0500000000000       2.440800000000000E+039
   11.1000000000000       2.168700000000000E+039
   11.1500000000000       1.926900000000000E+039
   11.2000000000000       1.711900000000000E+039
   11.2500000000000       1.520800000000000E+039
   11.3000000000000       1.350900000000000E+039
   11.3500000000000       1.200000000000000E+039
   11.4000000000000       1.065800000000000E+039
   11.4500000000000       9.466000000000000E+038
   11.5000000000000       8.406600000000000E+038
   11.5500000000000       7.465400000000000E+038
   11.6000000000000       6.629100000000000E+038
   11.6500000000000       5.886100000000000E+038
   11.7000000000000       5.226100000000000E+038
   11.7500000000000       4.639800000000000E+038
   11.8000000000000       4.119100000000000E+038
   11.8500000000000       3.656500000000000E+038
   11.9000000000000       3.245800000000000E+038
   11.9500000000000       2.881000000000000E+038
   12.0000000000000       2.557000000000000E+038
   12.0500000000000       2.269400000000000E+038
   12.1000000000000       2.014000000000000E+038
   12.1500000000000       1.787200000000000E+038
   12.2000000000000       1.585900000000000E+038
   12.2500000000000       1.407200000000000E+038
   12.3000000000000       1.248600000000000E+038
   12.3500000000000       1.107700000000000E+038
   12.4000000000000       9.827500000000000E+037
   12.4500000000000       8.718200000000000E+037
   12.5000000000000       7.733700000000000E+037
   12.5500000000000       6.860000000000000E+037
   12.6000000000000       6.084700000000000E+037
   12.6500000000000       5.396700000000000E+037
   12.7000000000000       4.786300000000000E+037
   12.7500000000000       4.244700000000000E+037
   12.8000000000000       3.764200000000000E+037
   12.8500000000000       3.337900000000000E+037
   12.9000000000000       2.959800000000000E+037
   12.9500000000000       2.624300000000000E+037
   13.0000000000000       2.326800000000000E+037
   13.0500000000000       2.062900000000000E+037
   13.1000000000000       1.828900000000000E+037
   13.1500000000000       1.621300000000000E+037
   13.2000000000000       1.437200000000000E+037
   13.2500000000000       1.273900000000000E+037
   13.3000000000000       1.129200000000000E+037
   13.3500000000000       1.000800000000000E+037
   13.4000000000000       8.870400000000000E+036
   13.4500000000000       7.861400000000000E+036
   13.5000000000000       6.966900000000000E+036
   13.5500000000000       6.173799999999999E+036
   13.6000000000000       5.470800000000000E+036
   13.6500000000000       4.847700000000000E+036
   13.7000000000000       4.295300000000000E+036
   13.7500000000000       3.805700000000000E+036
   13.8000000000000       3.371800000000000E+036
   13.8500000000000       2.987200000000000E+036
   13.9000000000000       2.646400000000000E+036
   13.9500000000000       2.344300000000000E+036
   14.0000000000000       2.076700000000000E+036
   14.0500000000000       1.839500000000000E+036
   14.1000000000000       1.629300000000000E+036
   14.1500000000000       1.443100000000000E+036
   14.2000000000000       1.278200000000000E+036
   14.2500000000000       1.132000000000000E+036
   14.3000000000000       1.002500000000000E+036
   14.3500000000000       8.878000000000000E+035
   14.4000000000000       7.861800000000000E+035
   14.4500000000000       6.961700000000000E+035
   14.5000000000000       6.164400000000000E+035
   14.5500000000000       5.458200000000000E+035
   14.6000000000000       4.832700000000000E+035
   14.6500000000000       4.278700000000000E+035
   14.7000000000000       3.788100000000000E+035
   14.7500000000000       3.353600000000000E+035
   14.8000000000000       2.968800000000000E+035
   14.8500000000000       2.628100000000000E+035
   14.9000000000000       2.326400000000000E+035
   14.9500000000000       2.059300000000000E+035
   15.0000000000000       1.822700000000000E+035
   15.0500000000000       1.613300000000000E+035
   15.1000000000000       1.427900000000000E+035
   15.1500000000000       1.263800000000000E+035
   15.2000000000000       1.118400000000000E+035
   15.2500000000000       9.897999999999999E+034
   15.3000000000000       8.759299999999999E+034
   15.3500000000000       7.751200000000000E+034
   15.4000000000000       6.859000000000000E+034
   15.4500000000000       6.069200000000000E+034
   15.5000000000000       5.370200000000000E+034
   15.5500000000000       4.751600000000000E+034
   15.6000000000000       4.204000000000000E+034
   15.6500000000000       3.719500000000000E+034
   15.7000000000000       3.290600000000000E+034
   15.7500000000000       2.911200000000000E+034
   15.8000000000000       2.575400000000000E+034
   15.8500000000000       2.278200000000000E+034
   15.9000000000000       2.015300000000000E+034
   15.9500000000000       1.782700000000000E+034
   16.0000000000000       1.576800000000000E+034
   16.0500000000000       1.394700000000000E+034
   16.1000000000000       1.233600000000000E+034
   16.1500000000000       1.091100000000000E+034
   16.2000000000000       9.649700000000000E+033
   16.2500000000000       8.534200000000001E+033
   16.3000000000000       7.547400000000000E+033
   16.3500000000000       6.674499999999999E+033
   16.4000000000000       5.902400000000000E+033
   16.4500000000000       5.219399999999999E+033
   16.5000000000000       4.615300000000000E+033
   16.5500000000000       4.081000000000000E+033
   16.6000000000000       3.608500000000000E+033
   16.6500000000000       3.190600000000000E+033
   16.7000000000000       2.821000000000000E+033
   16.7500000000000       2.494100000000000E+033
   16.8000000000000       2.205100000000000E+033
   16.8500000000000       1.949500000000000E+033
   16.9000000000000       1.723400000000000E+033
   16.9500000000000       1.523600000000000E+033
   17.0000000000000       1.346900000000000E+033
   17.0500000000000       1.190600000000000E+033
   17.1000000000000       1.052400000000000E+033
   17.1500000000000       9.302899999999999E+032
   17.2000000000000       8.222900000000000E+032
   17.2500000000000       7.268100000000000E+032
   17.3000000000000       6.424000000000000E+032
   17.3500000000000       5.677800000000000E+032
   17.4000000000000       5.018100000000000E+032
   17.4500000000000       4.434900000000000E+032
   17.5000000000000       3.919400000000000E+032
   17.5500000000000       3.463800000000000E+032
   17.6000000000000       3.061000000000000E+032
   17.6500000000000       2.705000000000000E+032
   17.7000000000000       2.390300000000000E+032
   17.7500000000000       2.112200000000000E+032
   17.8000000000000       1.866400000000000E+032
   17.8500000000000       1.649200000000000E+032
   17.9000000000000       1.457200000000000E+032
   17.9500000000000       1.287500000000000E+032
   18.0000000000000       1.137600000000000E+032
   18.0500000000000       1.005100000000000E+032
   18.1000000000000       8.879700000000000E+031
   18.1500000000000       7.844900000000000E+031
   18.2000000000000       6.930600000000000E+031
   18.2500000000000       6.122700000000000E+031
   18.3000000000000       5.408800000000000E+031
   18.3500000000000       4.778100000000000E+031
   18.4000000000000       4.220800000000000E+031
   18.4500000000000       3.728400000000000E+031
   18.5000000000000       3.293400000000000E+031
   18.5500000000000       2.909100000000000E+031
   18.6000000000000       2.569500000000000E+031
   18.6500000000000       2.269600000000000E+031
   18.7000000000000       2.004600000000000E+031
   18.7500000000000       1.770500000000000E+031
   18.8000000000000       1.563700000000000E+031
   18.8500000000000       1.381000000000000E+031
   18.9000000000000       1.219700000000000E+031
   18.9500000000000       1.077100000000000E+031
   19.0000000000000       9.512400000000000E+030
   19.0500000000000       8.400400000000000E+030
   19.1000000000000       7.418200000000000E+030
   19.1500000000000       6.550800000000000E+030
   19.2000000000000       5.784600000000000E+030
   19.2500000000000       5.107900000000000E+030
   19.3000000000000       4.510300000000000E+030
   19.3500000000000       3.982500000000000E+030
   19.4000000000000       3.516500000000000E+030
   19.4500000000000       3.104800000000000E+030
   19.5000000000000       2.741300000000000E+030
   19.5500000000000       2.420400000000000E+030
   19.6000000000000       2.136900000000000E+030
   19.6500000000000       1.886600000000000E+030
   19.7000000000000       1.665600000000000E+030
   19.7500000000000       1.470500000000000E+030
   19.8000000000000       1.298100000000000E+030
   19.8500000000000       1.146000000000000E+030
   19.9000000000000       1.011700000000000E+030
   19.9500000000000       8.930600000000000E+029
   20.0000000000000       7.883500000000000E+029
   20.0500000000000       6.959000000000000E+029
   20.1000000000000       6.142700000000000E+029
   20.1500000000000       5.422100000000000E+029
   20.2000000000000       4.786000000000000E+029
   20.2500000000000       4.224400000000000E+029
   20.3000000000000       3.728600000000000E+029
   20.3500000000000       3.291000000000000E+029
   20.4000000000000       2.904600000000000E+029
   20.4500000000000       2.563600000000000E+029
   20.5000000000000       2.262500000000000E+029
   20.5500000000000       1.996800000000000E+029
   20.6000000000000       1.762300000000000E+029
   20.6500000000000       1.555200000000000E+029
   20.7000000000000       1.372500000000000E+029
   20.7500000000000       1.211200000000000E+029
   20.8000000000000       1.068900000000000E+029
   20.8500000000000       9.432299999999999E+028
   20.9000000000000       8.323399999999999E+028
   20.9500000000000       7.344800000000000E+028
   21.0000000000000       6.481100000000000E+028
   21.0500000000000       5.718900000000000E+028
   21.1000000000000       5.046200000000000E+028
   21.1500000000000       4.452500000000000E+028
   21.2000000000000       3.928700000000000E+028
   21.2500000000000       3.466400000000000E+028
   21.3000000000000       3.058400000000000E+028
   21.3500000000000       2.698400000000000E+028
   21.4000000000000       2.380800000000000E+028
   21.4500000000000       2.100500000000000E+028
   21.5000000000000       1.853100000000000E+028
   21.5500000000000       1.634900000000000E+028
   21.6000000000000       1.442300000000000E+028
   21.6500000000000       1.272400000000000E+028
   21.7000000000000       1.122500000000000E+028
   21.7500000000000       9.902699999999999E+027
   21.8000000000000       8.735800000000001E+027
   21.8500000000000       7.706200000000000E+027
   21.9000000000000       6.797900000000000E+027
   21.9500000000000       5.996500000000000E+027
   22.0000000000000       5.289500000000000E+027
   22.0500000000000       4.665800000000000E+027
   22.1000000000000       4.115600000000000E+027
   22.1500000000000       3.630200000000000E+027
   22.2000000000000       3.202000000000000E+027
   22.2500000000000       2.824200000000000E+027
   22.3000000000000       2.491000000000000E+027
   22.3500000000000       2.197100000000000E+027
   22.4000000000000       1.937800000000000E+027
   22.4500000000000       1.709100000000000E+027
   22.5000000000000       1.507300000000000E+027
   22.5500000000000       1.329400000000000E+027
   22.6000000000000       1.172400000000000E+027
   22.6500000000000       1.034000000000000E+027
   22.7000000000000       9.118600000000000E+026
   22.7500000000000       8.041600000000000E+026
   22.8000000000000       7.091700000000000E+026
   22.8500000000000       6.253900000000000E+026
   22.9000000000000       5.515000000000000E+026
   22.9500000000000       4.863300000000000E+026
   23.0000000000000       4.288600000000000E+026
   23.0500000000000       3.781700000000000E+026
   23.1000000000000       3.334700000000000E+026
   23.1500000000000       2.940500000000000E+026
   23.2000000000000       2.592800000000000E+026
   23.2500000000000       2.286200000000000E+026
   23.3000000000000       2.015900000000000E+026
   23.3500000000000       1.777400000000000E+026
   23.4000000000000       1.567200000000000E+026
   23.4500000000000       1.381800000000000E+026
   23.5000000000000       1.218300000000000E+026
   23.5500000000000       1.074200000000000E+026
   23.6000000000000       9.470600000000000E+025
   23.6500000000000       8.349800000000001E+025
   23.7000000000000       7.361500000000000E+025
   23.7500000000000       6.490100000000000E+025
   23.8000000000000       5.721800000000000E+025
   23.8500000000000       5.044300000000000E+025
   23.9000000000000       4.447000000000000E+025
   23.9500000000000       3.920400000000000E+025
   24.0000000000000       3.456100000000000E+025
   24.0500000000000       3.046700000000000E+025
   24.1000000000000       2.685800000000000E+025
   24.1500000000000       2.367600000000000E+025
   24.2000000000000       2.087100000000000E+025
   24.2500000000000       1.839800000000000E+025
   24.3000000000000       1.621800000000000E+025
   24.3500000000000       1.429600000000000E+025
   24.4000000000000       1.260100000000000E+025
   24.4500000000000       1.110700000000000E+025
   24.5000000000000       9.790700000000003E+024
   24.5500000000000       8.629800000000001E+024
   24.6000000000000       7.606600000000001E+024
   24.6500000000000       6.704500000000001E+024
   24.7000000000000       5.909400000000001E+024
   24.7500000000000       5.208400000000001E+024
   24.8000000000000       4.590600000000001E+024
   24.8500000000000       4.046000000000002E+024
   24.9000000000000       3.566000000000002E+024
   24.9500000000000       3.142800000000002E+024
   25.0000000000000       2.769900000000002E+024
