  0.000000000000000E+000  0.000000000000000E+000
  5.000000000000000E-002  3.769223796583974E+044
  0.100000000000000       3.982481799073132E+046
  0.150000000000000       7.883903652619559E+047
  0.200000000000000       5.830512107559303E+048
  0.250000000000000       2.311569015436867E+049
  0.300000000000000       5.313230581784905E+049
  0.350000000000000       8.722596323032938E+049
  0.400000000000000       1.260413088228577E+050
  0.450000000000000       1.698544147386677E+050
  0.500000000000000       2.168673374905078E+050
  0.550000000000000       2.624887831211467E+050
  0.600000000000000       3.031015222541219E+050
  0.650000000000000       3.367774621871845E+050
  0.700000000000000       3.633618345742719E+050
  0.750000000000000       3.824798045354854E+050
  0.800000000000000       3.936912699509275E+050
  0.850000000000000       3.991689597682079E+050
  0.900000000000000       3.987233614455890E+050
  0.950000000000000       3.940309018104568E+050
   1.00000000000000       3.850152859188250E+050
   1.05000000000000       3.743359384019980E+050
   1.10000000000000       3.621812200953023E+050
   1.15000000000000       3.486513441034003E+050
   1.20000000000000       3.337244868595463E+050
   1.25000000000000       3.180175734652127E+050
   1.30000000000000       3.020155677108697E+050
   1.35000000000000       2.860664522024052E+050
   1.40000000000000       2.702747381365225E+050
   1.45000000000000       2.547684522809027E+050
   1.50000000000000       2.395166700903687E+050
   1.55000000000000       2.247040222905510E+050
   1.60000000000000       2.102995938423001E+050
   1.65000000000000       1.968002440734249E+050
   1.70000000000000       1.838222673361466E+050
   1.75000000000000       1.712819912204727E+050
   1.80000000000000       1.594063869152006E+050
   1.85000000000000       1.481174401086564E+050
   1.90000000000000       1.375239951571526E+050
   1.95000000000000       1.274876158331368E+050
   2.00000000000000       1.179708587104795E+050
   2.05000000000000       1.088575549411371E+050
   2.10000000000000       1.006005071461471E+050
   2.15000000000000       9.286048563107794E+049
   2.20000000000000       8.556791550411064E+049
   2.25000000000000       7.871318505052470E+049
   2.30000000000000       7.227724751659637E+049
   2.35000000000000       6.630953669791320E+049
   2.40000000000000       6.067506836898922E+049
   2.45000000000000       5.547465299682795E+049
   2.50000000000000       5.062020386569996E+049
   2.55000000000000       4.622907401595474E+049
   2.60000000000000       4.211579041986633E+049
   2.65000000000000       3.837875323490360E+049
   2.70000000000000       3.483764107549525E+049
   2.75000000000000       3.154947391781982E+049
   2.80000000000000       2.856781716199141E+049
   2.85000000000000       2.584350383747964E+049
   2.90000000000000       2.333973441853206E+049
   2.95000000000000       2.108287115096382E+049
   3.00000000000000       1.901126349599094E+049
   3.05000000000000       1.713528716040867E+049
   3.10000000000000       1.544446304374347E+049
   3.15000000000000       1.387969152125481E+049
   3.20000000000000       1.243026591874517E+049
   3.25000000000000       1.118418705638231E+049
   3.30000000000000       1.000240794038568E+049
   3.35000000000000       8.964127464605138E+048
   3.40000000000000       8.044015388872419E+048
   3.45000000000000       7.195183122468936E+048
   3.50000000000000       6.417161653329578E+048
   3.55000000000000       5.749565684284283E+048
   3.60000000000000       5.102877690354061E+048
   3.65000000000000       4.552131049081578E+048
   3.70000000000000       4.064177173194572E+048
   3.75000000000000       3.624796837469538E+048
   3.80000000000000       3.227884564684269E+048
   3.85000000000000       2.874577699961591E+048
   3.90000000000000       2.549011925949041E+048
   3.95000000000000       2.259556499278911E+048
   4.00000000000000       2.003343276535565E+048
   4.05000000000000       1.782578054293513E+048
   4.10000000000000       1.584799296885637E+048
   4.15000000000000       1.406763925551718E+048
   4.20000000000000       1.247772028096476E+048
   4.25000000000000       1.099942254544881E+048
   4.30000000000000       9.699464651201823E+047
   4.35000000000000       8.593120850451733E+047
   4.40000000000000       7.651512011034220E+047
   4.45000000000000       6.768238990410072E+047
   4.50000000000000       5.995862381002549E+047
   4.55000000000000       5.289612470812828E+047
   4.60000000000000       4.632236655173780E+047
   4.65000000000000       4.087984960468128E+047
   4.70000000000000       3.630950117473844E+047
   4.75000000000000       3.209789661684638E+047
   4.80000000000000       2.834165562552423E+047
   4.85000000000000       2.505393905504834E+047
   4.90000000000000       2.184999512751855E+047
   4.95000000000000       1.923300090658536E+047
   5.00000000000000       1.701277254816226E+047
   5.05000000000000       1.499129119087259E+047
   5.10000000000000       1.319895420538511E+047
   5.15000000000000       1.169872235096914E+047
   5.20000000000000       1.023620684579855E+047
   5.25000000000000       8.953815027041974E+046
   5.30000000000000       7.891106384009583E+046
   5.35000000000000       6.936789163672833E+046
   5.40000000000000       6.097597063099868E+046
   5.45000000000000       5.396323402225615E+046
   5.50000000000000       4.740556104778808E+046
   5.55000000000000       4.139309553184013E+046
   5.60000000000000       3.642223721369845E+046
   5.65000000000000       3.189577776592899E+046
   5.70000000000000       2.788778084335128E+046
   5.75000000000000       2.460113337912191E+046
   5.80000000000000       2.172870033206349E+046
   5.85000000000000       1.905569702231044E+046
   5.90000000000000       1.661630996136149E+046
   5.95000000000000       1.452396929531629E+046
   6.00000000000000       1.264688723544771E+046
   6.05000000000000       1.108777271737740E+046
   6.10000000000000       9.847036975942345E+045
   6.15000000000000       8.668792415681036E+045
   6.20000000000000       7.544502602485735E+045
   6.25000000000000       6.587127047962695E+045
   6.30000000000000       5.689054906643014E+045
   6.35000000000000       4.957987970485713E+045
   6.40000000000000       4.388831400135768E+045
   6.45000000000000       3.800995355994943E+045
   6.50000000000000       3.331949785900720E+045
   6.55000000000000       2.899408302175055E+045
   6.60000000000000       2.512267173486536E+045
   6.65000000000000       2.178695020378065E+045
   6.70000000000000       1.803785830843145E+045
   6.75000000000000       1.602724314894472E+045
   6.80000000000000       1.412129257532200E+045
   6.85000000000000       1.230299983592104E+045
   6.90000000000000       1.071209766524645E+045
   6.95000000000000       8.839191867364669E+044
   7.00000000000000       7.698548184575194E+044
   7.05000000000000       6.839816330816558E+044
   7.10000000000000       6.052563026253907E+044
   7.15000000000000       5.313795967784569E+044
   7.20000000000000       4.608686910186670E+044
   7.25000000000000       3.998232361897889E+044
   7.30000000000000       3.477314699063271E+044
   7.35000000000000       3.012396504569231E+044
   7.40000000000000       2.607240818121654E+044
   7.45000000000000       2.035402543766455E+044
   7.50000000000000       1.765078814386438E+044
   7.55000000000000       1.535124826553456E+044
   7.60000000000000       1.209882242552938E+044
   7.65000000000000       6.507400850442023E+043
   7.70000000000000       5.762427913021025E+043
   7.75000000000000       5.139500758533048E+043
   7.80000000000000       4.532623715518078E+043
   7.85000000000000       2.669170630166351E+043
   7.90000000000000       2.308091541829849E+043
   7.95000000000000       1.408762530176747E+043
   8.00000000000000       6.154024057218416E+042
   8.05000000000000       3.293500320390708E+041
   8.10000000000000       6.103400000000000E+039
   8.15000000000000       5.360800000000000E+039
   8.20000000000000       4.708100000000000E+039
   8.25000000000000       4.134300000000000E+039
   8.30000000000000       3.630000000000000E+039
   8.35000000000000       3.186800000000000E+039
   8.40000000000000       2.797400000000000E+039
   8.45000000000000       2.455300000000000E+039
   8.50000000000000       2.154900000000000E+039
   8.55000000000000       1.890900000000000E+039
   8.60000000000000       1.659100000000000E+039
   8.65000000000000       1.455600000000000E+039
   8.70000000000000       1.276900000000000E+039
   8.75000000000000       1.120000000000000E+039
   8.80000000000000       9.822899999999999E+038
   8.85000000000000       8.614200000000000E+038
   8.90000000000000       7.553399999999999E+038
   8.95000000000000       6.622600000000000E+038
   9.00000000000000       5.805900000000000E+038
   9.05000000000000       5.089400000000000E+038
   9.10000000000000       4.460900000000000E+038
   9.15000000000000       3.909600000000000E+038
   9.20000000000000       3.426200000000000E+038
   9.25000000000000       3.002200000000000E+038
   9.30000000000000       2.630400000000000E+038
   9.35000000000000       2.304500000000000E+038
   9.40000000000000       2.018700000000000E+038
   9.45000000000000       1.768200000000000E+038
   9.50000000000000       1.548700000000000E+038
   9.55000000000000       1.356300000000000E+038
   9.60000000000000       1.187700000000000E+038
   9.65000000000000       1.040000000000000E+038
   9.70000000000000       9.105200000000001E+037
   9.75000000000000       7.971200000000000E+037
   9.80000000000000       6.977900000000000E+037
   9.85000000000000       6.107800000000000E+037
   9.90000000000000       5.345800000000000E+037
   9.95000000000000       4.678400000000000E+037
   10.0000000000000       4.094100000000000E+037
   10.0500000000000       3.582400000000000E+037
   10.1000000000000       3.134400000000000E+037
   10.1500000000000       2.742200000000000E+037
   10.2000000000000       2.398900000000000E+037
   10.2500000000000       2.098500000000000E+037
   10.3000000000000       1.835500000000000E+037
   10.3500000000000       1.605300000000000E+037
   10.4000000000000       1.403900000000000E+037
   10.4500000000000       1.227700000000000E+037
   10.5000000000000       1.073500000000000E+037
   10.5500000000000       9.386100000000000E+036
   10.6000000000000       8.206100000000000E+036
   10.6500000000000       7.174000000000000E+036
   10.7000000000000       6.271200000000000E+036
   10.7500000000000       5.481600000000000E+036
   10.8000000000000       4.791100000000000E+036
   10.8500000000000       4.187300000000000E+036
   10.9000000000000       3.659300000000000E+036
   10.9500000000000       3.197700000000000E+036
   11.0000000000000       2.794100000000000E+036
   11.0500000000000       2.441300000000000E+036
   11.1000000000000       2.132900000000000E+036
   11.1500000000000       1.863400000000000E+036
   11.2000000000000       1.627800000000000E+036
   11.2500000000000       1.421900000000000E+036
   11.3000000000000       1.241900000000000E+036
   11.3500000000000       1.084700000000000E+036
   11.4000000000000       9.473000000000000E+035
   11.4500000000000       8.272600000000000E+035
   11.5000000000000       7.223900000000000E+035
   11.5500000000000       6.307700000000000E+035
   11.6000000000000       5.507400000000000E+035
   11.6500000000000       4.808300000000000E+035
   11.7000000000000       4.197800000000000E+035
   11.7500000000000       3.664500000000000E+035
   11.8000000000000       3.198800000000000E+035
   11.8500000000000       2.792100000000000E+035
   11.9000000000000       2.437000000000000E+035
   11.9500000000000       2.126900000000000E+035
   12.0000000000000       1.856200000000000E+035
   12.0500000000000       1.619800000000000E+035
   12.1000000000000       1.413500000000000E+035
   12.1500000000000       1.233300000000000E+035
   12.2000000000000       1.076100000000000E+035
   12.2500000000000       9.388800000000000E+034
   12.3000000000000       8.191000000000000E+034
   12.3500000000000       7.145600000000000E+034
   12.4000000000000       6.233300000000000E+034
   12.4500000000000       5.437200000000000E+034
   12.5000000000000       4.742600000000000E+034
   12.5500000000000       4.136400000000000E+034
   12.6000000000000       3.607600000000000E+034
   12.6500000000000       3.146200000000000E+034
   12.7000000000000       2.743600000000000E+034
   12.7500000000000       2.392500000000000E+034
   12.8000000000000       2.086200000000000E+034
   12.8500000000000       1.819000000000000E+034
   12.9000000000000       1.586000000000000E+034
   12.9500000000000       1.382700000000000E+034
   13.0000000000000       1.205400000000000E+034
   13.0500000000000       1.050900000000000E+034
   13.1000000000000       9.160500000000000E+033
   13.1500000000000       7.985000000000000E+033
   13.2000000000000       6.960000000000000E+033
   13.2500000000000       6.066299999999999E+033
   13.3000000000000       5.287100000000000E+033
   13.3500000000000       4.607800000000000E+033
   13.4000000000000       4.015500000000000E+033
   13.4500000000000       3.499300000000000E+033
   13.5000000000000       3.049300000000000E+033
   13.5500000000000       2.657000000000000E+033
   13.6000000000000       2.315100000000000E+033
   13.6500000000000       2.017100000000000E+033
   13.7000000000000       1.757400000000000E+033
   13.7500000000000       1.531000000000000E+033
   13.8000000000000       1.333800000000000E+033
   13.8500000000000       1.161900000000000E+033
   13.9000000000000       1.012100000000000E+033
   13.9500000000000       8.816100000000001E+032
   14.0000000000000       7.679000000000000E+032
   14.0500000000000       6.688300000000001E+032
   14.1000000000000       5.825200000000000E+032
   14.1500000000000       5.073200000000000E+032
   14.2000000000000       4.418100000000000E+032
   14.2500000000000       3.847500000000000E+032
   14.3000000000000       3.350400000000000E+032
   14.3500000000000       2.917500000000000E+032
   14.4000000000000       2.540300000000000E+032
   14.4500000000000       2.211900000000000E+032
   14.5000000000000       1.925800000000000E+032
   14.5500000000000       1.676700000000000E+032
   14.6000000000000       1.459700000000000E+032
   14.6500000000000       1.270800000000000E+032
   14.7000000000000       1.106300000000000E+032
   14.7500000000000       9.630300000000001E+031
   14.8000000000000       8.382899999999999E+031
   14.8500000000000       7.296800000000000E+031
   14.9000000000000       6.351200000000000E+031
   14.9500000000000       5.528000000000000E+031
   15.0000000000000       4.811200000000000E+031
   15.0500000000000       4.187300000000000E+031
   15.1000000000000       3.644100000000000E+031
   15.1500000000000       3.171300000000000E+031
   15.2000000000000       2.759700000000000E+031
   15.2500000000000       2.401500000000000E+031
   15.3000000000000       2.089700000000000E+031
   15.3500000000000       1.818300000000000E+031
   15.4000000000000       1.582100000000000E+031
   15.4500000000000       1.376600000000000E+031
   15.5000000000000       1.197700000000000E+031
   15.5500000000000       1.042000000000000E+031
   15.6000000000000       9.065000000000000E+030
   15.6500000000000       7.886200000000000E+030
   15.7000000000000       6.860400000000000E+030
   15.7500000000000       5.967800000000000E+030
   15.8000000000000       5.191200000000000E+030
   15.8500000000000       4.515500000000000E+030
   15.9000000000000       3.927700000000000E+030
   15.9500000000000       3.416200000000000E+030
   16.0000000000000       2.971300000000000E+030
   16.0500000000000       2.584200000000000E+030
   16.1000000000000       2.247500000000000E+030
   16.1500000000000       1.954600000000000E+030
   16.2000000000000       1.699800000000000E+030
   16.2500000000000       1.478200000000000E+030
   16.3000000000000       1.285400000000000E+030
   16.3500000000000       1.117800000000000E+030
   16.4000000000000       9.719500000000000E+029
   16.4500000000000       8.451300000000000E+029
   16.5000000000000       7.348300000000000E+029
   16.5500000000000       6.389100000000000E+029
   16.6000000000000       5.555000000000000E+029
   16.6500000000000       4.829600000000000E+029
   16.7000000000000       4.198800000000000E+029
   16.7500000000000       3.650300000000000E+029
   16.8000000000000       3.173300000000000E+029
   16.8500000000000       2.758600000000000E+029
   16.9000000000000       2.398000000000000E+029
   16.9500000000000       2.084500000000000E+029
   17.0000000000000       1.811900000000000E+029
   17.0500000000000       1.575000000000000E+029
   17.1000000000000       1.369000000000000E+029
   17.1500000000000       1.189800000000000E+029
   17.2000000000000       1.034200000000000E+029
   17.2500000000000       8.987999999999999E+028
   17.3000000000000       7.811500000000000E+028
   17.3500000000000       6.788700000000000E+028
   17.4000000000000       5.899800000000000E+028
   17.4500000000000       5.127000000000000E+028
   17.5000000000000       4.455400000000000E+028
   17.5500000000000       3.871700000000000E+028
   17.6000000000000       3.364300000000000E+028
   17.6500000000000       2.923400000000000E+028
   17.7000000000000       2.540200000000000E+028
   17.7500000000000       2.207100000000000E+028
   17.8000000000000       1.917700000000000E+028
   17.8500000000000       1.666200000000000E+028
   17.9000000000000       1.447600000000000E+028
   17.9500000000000       1.257700000000000E+028
   18.0000000000000       1.092700000000000E+028
   18.0500000000000       9.492800000000000E+027
   18.1000000000000       8.246700000000000E+027
   18.1500000000000       7.164100000000000E+027
   18.2000000000000       6.223400000000000E+027
   18.2500000000000       5.406100000000000E+027
   18.3000000000000       4.696100000000000E+027
   18.3500000000000       4.079200000000000E+027
   18.4000000000000       3.543200000000000E+027
   18.4500000000000       3.077600000000000E+027
   18.5000000000000       2.673100000000000E+027
   18.5500000000000       2.321700000000000E+027
   18.6000000000000       2.016500000000000E+027
   18.6500000000000       1.751400000000000E+027
   18.7000000000000       1.521000000000000E+027
   18.7500000000000       1.321000000000000E+027
   18.8000000000000       1.147200000000000E+027
   18.8500000000000       9.962700000000000E+026
   18.9000000000000       8.651700000000001E+026
   18.9500000000000       7.513100000000000E+026
   19.0000000000000       6.524200000000000E+026
   19.0500000000000       5.665300000000000E+026
   19.1000000000000       4.919400000000000E+026
   19.1500000000000       4.271600000000000E+026
   19.2000000000000       3.709000000000000E+026
   19.2500000000000       3.220400000000000E+026
   19.3000000000000       2.796200000000000E+026
   19.3500000000000       2.427700000000000E+026
   19.4000000000000       2.107800000000000E+026
   19.4500000000000       1.830000000000000E+026
   19.5000000000000       1.588800000000000E+026
   19.5500000000000       1.379300000000000E+026
   19.6000000000000       1.197500000000000E+026
   19.6500000000000       1.039600000000000E+026
   19.7000000000000       9.024600000000001E+025
   19.7500000000000       7.834200000000001E+025
   19.8000000000000       6.800700000000000E+025
   19.8500000000000       5.903400000000000E+025
   19.9000000000000       5.124400000000000E+025
   19.9500000000000       4.448100000000000E+025
   20.0000000000000       3.861000000000000E+025
   20.0500000000000       3.351300000000000E+025
   20.1000000000000       2.908800000000000E+025
   20.1500000000000       2.524700000000000E+025
   20.2000000000000       2.191300000000000E+025
   20.2500000000000       1.901900000000000E+025
   20.3000000000000       1.650600000000000E+025
   20.3500000000000       1.432600000000000E+025
   20.4000000000000       1.243300000000000E+025
   20.4500000000000       1.079000000000000E+025
   20.5000000000000       9.363900000000002E+024
   20.5500000000000       8.126200000000003E+024
   20.6000000000000       7.051900000000002E+024
   20.6500000000000       6.119600000000002E+024
   20.7000000000000       5.310400000000002E+024
   20.7500000000000       4.608100000000002E+024
   20.8000000000000       3.998700000000002E+024
   20.8500000000000       3.469700000000002E+024
   20.9000000000000       3.010700000000001E+024
   20.9500000000000       2.612400000000002E+024
   21.0000000000000       2.266700000000002E+024
   21.0500000000000       1.966700000000002E+024
   21.1000000000000       1.706400000000002E+024
   21.1500000000000       1.480500000000002E+024
   21.2000000000000       1.284500000000002E+024
   21.2500000000000       1.114500000000002E+024
   21.3000000000000       9.668800000000016E+023
   21.3500000000000       8.388300000000016E+023
   21.4000000000000       7.277300000000016E+023
   21.4500000000000       6.313400000000017E+023
   21.5000000000000       5.477000000000016E+023
   21.5500000000000       4.751300000000016E+023
   21.6000000000000       4.121700000000016E+023
   21.6500000000000       3.575500000000016E+023
   21.7000000000000       3.101600000000016E+023
   21.7500000000000       2.690500000000016E+023
   21.8000000000000       2.333800000000016E+023
   21.8500000000000       2.024400000000016E+023
   21.9000000000000       1.756000000000016E+023
   21.9500000000000       1.523100000000016E+023
   22.0000000000000       1.321100000000016E+023
   22.0500000000000       1.145900000000016E+023
   22.1000000000000       9.938900000000163E+022
   22.1500000000000       8.620300000000163E+022
   22.2000000000000       7.476600000000162E+022
   22.2500000000000       6.484500000000162E+022
   22.3000000000000       5.623900000000162E+022
   22.3500000000000       4.877500000000162E+022
   22.4000000000000       4.230100000000162E+022
   22.4500000000000       3.668500000000162E+022
   22.5000000000000       3.181500000000162E+022
   22.5500000000000       2.759100000000162E+022
   22.6000000000000       2.392700000000162E+022
   22.6500000000000       2.074900000000162E+022
   22.7000000000000       1.799300000000162E+022
   22.7500000000000       1.560300000000162E+022
   22.8000000000000       1.353100000000162E+022
   22.8500000000000       1.173300000000162E+022
   22.9000000000000       1.017400000000162E+022
   22.9500000000000       8.822000000001624E+021
   23.0000000000000       7.649600000001623E+021
   23.0500000000000       6.632900000001624E+021
   23.1000000000000       5.751200000001623E+021
   23.1500000000000       4.986700000001623E+021
   23.2000000000000       4.323700000001623E+021
   23.2500000000000       3.748800000001623E+021
   23.3000000000000       3.250300000001623E+021
   23.3500000000000       2.818100000001623E+021
   23.4000000000000       2.443300000001623E+021
   23.4500000000000       2.118300000001623E+021
   23.5000000000000       1.836500000001623E+021
   23.5500000000000       1.592200000001623E+021
   23.6000000000000       1.380400000001623E+021
   23.6500000000000       1.196700000001623E+021
   23.7000000000000       1.037400000001623E+021
   23.7500000000000       8.993700000016231E+020
   23.8000000000000       7.796700000016233E+020
   23.8500000000000       6.758900000016231E+020
   23.9000000000000       5.859100000016231E+020
   23.9500000000000       5.079100000016231E+020
   24.0000000000000       4.402800000016231E+020
   24.0500000000000       3.816500000016231E+020
   24.1000000000000       3.308300000016231E+020
   24.1500000000000       2.867700000016231E+020
   24.2000000000000       2.485700000016231E+020
   24.2500000000000       2.154600000016231E+020
   24.3000000000000       1.867600000016231E+020
   24.3500000000000       1.618800000016231E+020
   24.4000000000000       1.403100000016231E+020
   24.4500000000000       1.216100000016231E+020
   24.5000000000000       1.054100000016231E+020
   24.5500000000000       9.135900000162313E+019
   24.6000000000000       7.918200000162313E+019
   24.6500000000000       6.862700000162313E+019
   24.7000000000000       5.947900000162313E+019
   24.7500000000000       5.154900000162313E+019
   24.8000000000000       4.467600000162313E+019
   24.8500000000000       3.871900000162313E+019
   24.9000000000000       3.355600000162313E+019
   24.9500000000000       2.908100000162313E+019
   25.0000000000000       2.520200000162313E+019
