  0.000000000000000E+000  0.000000000000000E+000
  5.000000000000000E-002  4.450858901650358E+044
  0.100000000000000       5.191225953646206E+046
  0.150000000000000       9.905674799218211E+047
  0.200000000000000       7.286532387134798E+048
  0.250000000000000       2.761850897939938E+049
  0.300000000000000       6.512530682337786E+049
  0.350000000000000       1.083805545367057E+050
  0.400000000000000       1.565639522324417E+050
  0.450000000000000       2.100038450833939E+050
  0.500000000000000       2.669001217118637E+050
  0.550000000000000       3.233141655316103E+050
  0.600000000000000       3.740248226009547E+050
  0.650000000000000       4.168548518333502E+050
  0.700000000000000       4.511978483398747E+050
  0.750000000000000       4.762758050609427E+050
  0.800000000000000       4.930708040898417E+050
  0.850000000000000       5.016439835780574E+050
  0.900000000000000       5.030084274505021E+050
  0.950000000000000       4.987018538844861E+050
   1.00000000000000       4.887819019120905E+050
   1.05000000000000       4.763820127031503E+050
   1.10000000000000       4.621169115334044E+050
   1.15000000000000       4.458582619479150E+050
   1.20000000000000       4.275646751810403E+050
   1.25000000000000       4.083185168133813E+050
   1.30000000000000       3.884725136245952E+050
   1.35000000000000       3.683883490866883E+050
   1.40000000000000       3.484179697544277E+050
   1.45000000000000       3.288610897607512E+050
   1.50000000000000       3.098034144128569E+050
   1.55000000000000       2.912033852442364E+050
   1.60000000000000       2.730212507251291E+050
   1.65000000000000       2.557066254926445E+050
   1.70000000000000       2.391178415930483E+050
   1.75000000000000       2.234903104559019E+050
   1.80000000000000       2.084527569455185E+050
   1.85000000000000       1.942443660012330E+050
   1.90000000000000       1.805333525308002E+050
   1.95000000000000       1.677099698268191E+050
   2.00000000000000       1.557463595802579E+050
   2.05000000000000       1.444031515134167E+050
   2.10000000000000       1.337338815349034E+050
   2.15000000000000       1.235091455663126E+050
   2.20000000000000       1.142871270570491E+050
   2.25000000000000       1.056277851816328E+050
   2.30000000000000       9.749769687613906E+049
   2.35000000000000       8.982804780968354E+049
   2.40000000000000       8.262463675165491E+049
   2.45000000000000       7.594836225835280E+049
   2.50000000000000       6.968789170747364E+049
   2.55000000000000       6.392997120359257E+049
   2.60000000000000       5.849921285188666E+049
   2.65000000000000       5.352812437063656E+049
   2.70000000000000       4.896134875572594E+049
   2.75000000000000       4.469690147462123E+049
   2.80000000000000       4.074292628077501E+049
   2.85000000000000       3.704833411327336E+049
   2.90000000000000       3.363377666940160E+049
   2.95000000000000       3.053914256674882E+049
   3.00000000000000       2.772779847189999E+049
   3.05000000000000       2.512603082687474E+049
   3.10000000000000       2.273765482852257E+049
   3.15000000000000       2.060605398931141E+049
   3.20000000000000       1.861947633781088E+049
   3.25000000000000       1.684568968365621E+049
   3.30000000000000       1.517171446520456E+049
   3.35000000000000       1.364028603117890E+049
   3.40000000000000       1.228274789488478E+049
   3.45000000000000       1.105317617373076E+049
   3.50000000000000       9.969060088824036E+048
   3.55000000000000       8.972115584957218E+048
   3.60000000000000       8.054339132605427E+048
   3.65000000000000       7.205021179087561E+048
   3.70000000000000       6.460800477951443E+048
   3.75000000000000       5.776076350009391E+048
   3.80000000000000       5.177764702600274E+048
   3.85000000000000       4.645957419717303E+048
   3.90000000000000       4.168764794206625E+048
   3.95000000000000       3.715120630739272E+048
   4.00000000000000       3.315778573786311E+048
   4.05000000000000       2.959393328815875E+048
   4.10000000000000       2.633102875961093E+048
   4.15000000000000       2.352145749601726E+048
   4.20000000000000       2.105434269769899E+048
   4.25000000000000       1.877523174822528E+048
   4.30000000000000       1.671362575655064E+048
   4.35000000000000       1.484985586581132E+048
   4.40000000000000       1.320421835532195E+048
   4.45000000000000       1.173031721724198E+048
   4.50000000000000       1.041805310391534E+048
   4.55000000000000       9.302328614864078E+047
   4.60000000000000       8.273745679586465E+047
   4.65000000000000       7.347586621881138E+047
   4.70000000000000       6.515344929642758E+047
   4.75000000000000       5.785186497212386E+047
   4.80000000000000       5.101549915491285E+047
   4.85000000000000       4.532867501915915E+047
   4.90000000000000       4.039038656422017E+047
   4.95000000000000       3.579542871888957E+047
   5.00000000000000       3.169009394678823E+047
   5.05000000000000       2.818201050342035E+047
   5.10000000000000       2.481498424347911E+047
   5.15000000000000       2.185453604963531E+047
   5.20000000000000       1.942855725473340E+047
   5.25000000000000       1.717405760601795E+047
   5.30000000000000       1.526844732879342E+047
   5.35000000000000       1.350639994026044E+047
   5.40000000000000       1.197100070854394E+047
   5.45000000000000       1.047074468444850E+047
   5.50000000000000       9.253548212815312E+046
   5.55000000000000       8.181295098830601E+046
   5.60000000000000       7.248982574564405E+046
   5.65000000000000       6.425124577367758E+046
   5.70000000000000       5.691823659019910E+046
   5.75000000000000       5.003987791508503E+046
   5.80000000000000       4.386663737304833E+046
   5.85000000000000       3.870213668445402E+046
   5.90000000000000       3.415727521921838E+046
   5.95000000000000       3.030060557582803E+046
   6.00000000000000       2.672801969529452E+046
   6.05000000000000       2.363654816660816E+046
   6.10000000000000       2.075493421884977E+046
   6.15000000000000       1.816510775563973E+046
   6.20000000000000       1.599716773096919E+046
   6.25000000000000       1.408881813334414E+046
   6.30000000000000       1.250487160003573E+046
   6.35000000000000       1.099182627944359E+046
   6.40000000000000       9.712594029833087E+045
   6.45000000000000       8.508246936066389E+045
   6.50000000000000       7.441949803267433E+045
   6.55000000000000       6.526945467617187E+045
   6.60000000000000       5.747735102689138E+045
   6.65000000000000       5.067100512100300E+045
   6.70000000000000       4.456091135392318E+045
   6.75000000000000       3.826652337789123E+045
   6.80000000000000       3.350956691287244E+045
   6.85000000000000       2.938451767321198E+045
   6.90000000000000       2.571357484418677E+045
   6.95000000000000       2.262849490647103E+045
   7.00000000000000       1.943568056714361E+045
   7.05000000000000       1.724651184628867E+045
   7.10000000000000       1.470715189952482E+045
   7.15000000000000       1.284582716410411E+045
   7.20000000000000       1.121747086442053E+045
   7.25000000000000       9.228953062198856E+044
   7.30000000000000       8.159093830439219E+044
   7.35000000000000       7.209785991110400E+044
   7.40000000000000       6.407365714324261E+044
   7.45000000000000       5.646169006644046E+044
   7.50000000000000       4.917645065914678E+044
   7.55000000000000       4.294729872966518E+044
   7.60000000000000       3.779651858112110E+044
   7.65000000000000       3.327049656466528E+044
   7.70000000000000       2.878095687221495E+044
   7.75000000000000       2.252195693017885E+044
   7.80000000000000       1.971693197353958E+044
   7.85000000000000       1.714991474522375E+044
   7.90000000000000       1.239318064232715E+044
   7.95000000000000       1.088066642145548E+044
   8.00000000000000       6.087024678815121E+043
   8.05000000000000       5.466406275697896E+043
   8.10000000000000       4.852892725144438E+043
   8.15000000000000       4.239354311570481E+043
   8.20000000000000       2.691994723611242E+043
   8.25000000000000       1.674486992831891E+043
   8.30000000000000       3.391576825384780E+042
   8.35000000000000       9.332045008236334E+040
   8.40000000000000       1.965500000000000E+040
   8.45000000000000       1.734400000000000E+040
   8.50000000000000       1.530300000000000E+040
   8.55000000000000       1.350100000000000E+040
   8.60000000000000       1.190900000000000E+040
   8.65000000000000       1.050500000000000E+040
   8.70000000000000       9.264400000000000E+039
   8.75000000000000       8.169700000000000E+039
   8.80000000000000       7.203600000000000E+039
   8.85000000000000       6.351100000000000E+039
   8.90000000000000       5.598900000000000E+039
   8.95000000000000       4.935300000000000E+039
   9.00000000000000       4.349900000000000E+039
   9.05000000000000       3.833600000000000E+039
   9.10000000000000       3.378200000000000E+039
   9.15000000000000       2.976600000000000E+039
   9.20000000000000       2.622500000000000E+039
   9.25000000000000       2.310300000000000E+039
   9.30000000000000       2.035100000000000E+039
   9.35000000000000       1.792400000000000E+039
   9.40000000000000       1.578600000000000E+039
   9.45000000000000       1.390200000000000E+039
   9.50000000000000       1.224100000000000E+039
   9.55000000000000       1.077800000000000E+039
   9.60000000000000       9.488499999999999E+038
   9.65000000000000       8.352800000000001E+038
   9.70000000000000       7.352300000000000E+038
   9.75000000000000       6.471200000000000E+038
   9.80000000000000       5.695100000000000E+038
   9.85000000000000       5.011700000000000E+038
   9.90000000000000       4.410000000000000E+038
   9.95000000000000       3.880100000000000E+038
   10.0000000000000       3.413700000000000E+038
   10.0500000000000       3.003000000000000E+038
   10.1000000000000       2.641600000000000E+038
   10.1500000000000       2.323500000000000E+038
   10.2000000000000       2.043500000000000E+038
   10.2500000000000       1.797100000000000E+038
   10.3000000000000       1.580300000000000E+038
   10.3500000000000       1.389500000000000E+038
   10.4000000000000       1.221700000000000E+038
   10.4500000000000       1.074100000000000E+038
   10.5000000000000       9.442300000000000E+037
   10.5500000000000       8.300100000000000E+037
   10.6000000000000       7.295500000000000E+037
   10.6500000000000       6.412000000000000E+037
   10.7000000000000       5.635100000000000E+037
   10.7500000000000       4.952000000000000E+037
   10.8000000000000       4.351400000000000E+037
   10.8500000000000       3.823400000000000E+037
   10.9000000000000       3.359200000000000E+037
   10.9500000000000       2.951200000000000E+037
   11.0000000000000       2.592500000000000E+037
   11.0500000000000       2.277300000000000E+037
   11.1000000000000       2.000300000000000E+037
   11.1500000000000       1.756800000000000E+037
   11.2000000000000       1.542900000000000E+037
   11.2500000000000       1.355000000000000E+037
   11.3000000000000       1.189800000000000E+037
   11.3500000000000       1.044700000000000E+037
   11.4000000000000       9.172900000000000E+036
   11.4500000000000       8.053400000000000E+036
   11.5000000000000       7.070100000000000E+036
   11.5500000000000       6.206500000000000E+036
   11.6000000000000       5.448000000000000E+036
   11.6500000000000       4.782000000000000E+036
   11.7000000000000       4.197100000000000E+036
   11.7500000000000       3.683500000000000E+036
   11.8000000000000       3.232600000000000E+036
   11.8500000000000       2.836700000000000E+036
   11.9000000000000       2.489100000000000E+036
   11.9500000000000       2.184000000000000E+036
   12.0000000000000       1.916200000000000E+036
   12.0500000000000       1.681200000000000E+036
   12.1000000000000       1.474900000000000E+036
   12.1500000000000       1.293800000000000E+036
   12.2000000000000       1.134900000000000E+036
   12.2500000000000       9.954600000000001E+035
   12.3000000000000       8.731099999999999E+035
   12.3500000000000       7.657500000000000E+035
   12.4000000000000       6.715599999999999E+035
   12.4500000000000       5.889200000000000E+035
   12.5000000000000       5.164300000000000E+035
   12.5500000000000       4.528300000000000E+035
   12.6000000000000       3.970500000000000E+035
   12.6500000000000       3.481200000000000E+035
   12.7000000000000       3.052000000000000E+035
   12.7500000000000       2.675600000000000E+035
   12.8000000000000       2.345500000000000E+035
   12.8500000000000       2.056100000000000E+035
   12.9000000000000       1.802200000000000E+035
   12.9500000000000       1.579700000000000E+035
   13.0000000000000       1.384500000000000E+035
   13.0500000000000       1.213400000000000E+035
   13.1000000000000       1.063400000000000E+035
   13.1500000000000       9.319000000000000E+034
   13.2000000000000       8.166200000000000E+034
   13.2500000000000       7.155600000000000E+034
   13.3000000000000       6.269800000000000E+034
   13.3500000000000       5.493400000000000E+034
   13.4000000000000       4.813000000000000E+034
   13.4500000000000       4.216600000000000E+034
   13.5000000000000       3.693900000000000E+034
   13.5500000000000       3.235900000000000E+034
   13.6000000000000       2.834600000000000E+034
   13.6500000000000       2.482900000000000E+034
   13.7000000000000       2.174800000000000E+034
   13.7500000000000       1.904800000000000E+034
   13.8000000000000       1.668300000000000E+034
   13.8500000000000       1.461000000000000E+034
   13.9000000000000       1.279500000000000E+034
   13.9500000000000       1.120500000000000E+034
   14.0000000000000       9.811500000000000E+033
   14.0500000000000       8.591300000000000E+033
   14.1000000000000       7.522500000000000E+033
   14.1500000000000       6.586500000000000E+033
   14.2000000000000       5.766600000000000E+033
   14.2500000000000       5.048600000000000E+033
   14.3000000000000       4.419900000000000E+033
   14.3500000000000       3.869300000000000E+033
   14.4000000000000       3.387100000000000E+033
   14.4500000000000       2.964900000000000E+033
   14.5000000000000       2.595200000000000E+033
   14.5500000000000       2.271600000000000E+033
   14.6000000000000       1.988200000000000E+033
   14.6500000000000       1.740100000000000E+033
   14.7000000000000       1.522900000000000E+033
   14.7500000000000       1.332800000000000E+033
   14.8000000000000       1.166300000000000E+033
   14.8500000000000       1.020700000000000E+033
   14.9000000000000       8.931300000000000E+032
   14.9500000000000       7.815100000000000E+032
   15.0000000000000       6.838100000000000E+032
   15.0500000000000       5.983100000000000E+032
   15.1000000000000       5.234700000000000E+032
   15.1500000000000       4.579900000000000E+032
   15.2000000000000       4.006800000000000E+032
   15.2500000000000       3.505300000000000E+032
   15.3000000000000       3.066400000000000E+032
   15.3500000000000       2.682400000000000E+032
   15.4000000000000       2.346400000000000E+032
   15.4500000000000       2.052500000000000E+032
   15.5000000000000       1.795200000000000E+032
   15.5500000000000       1.570200000000000E+032
   15.6000000000000       1.373400000000000E+032
   15.6500000000000       1.201100000000000E+032
   15.7000000000000       1.050500000000000E+032
   15.7500000000000       9.186700000000000E+031
   15.8000000000000       8.033900000000000E+031
   15.8500000000000       7.025500000000000E+031
   15.9000000000000       6.143400000000000E+031
   15.9500000000000       5.372000000000000E+031
   16.0000000000000       4.697200000000000E+031
   16.0500000000000       4.107100000000000E+031
   16.1000000000000       3.591000000000000E+031
   16.1500000000000       3.139700000000000E+031
   16.2000000000000       2.745000000000000E+031
   16.2500000000000       2.399800000000000E+031
   16.3000000000000       2.098000000000000E+031
   16.3500000000000       1.834100000000000E+031
   16.4000000000000       1.603300000000000E+031
   16.4500000000000       1.401600000000000E+031
   16.5000000000000       1.225100000000000E+031
   16.5500000000000       1.070900000000000E+031
   16.6000000000000       9.360400000000000E+030
   16.6500000000000       8.181500000000000E+030
   16.7000000000000       7.150800000000001E+030
   16.7500000000000       6.249800000000000E+030
   16.8000000000000       5.462100000000000E+030
   16.8500000000000       4.773600000000000E+030
   16.9000000000000       4.171800000000000E+030
   16.9500000000000       3.645700000000000E+030
   17.0000000000000       3.185900000000000E+030
   17.0500000000000       2.784000000000000E+030
   17.1000000000000       2.432700000000000E+030
   17.1500000000000       2.125700000000000E+030
   17.2000000000000       1.857400000000000E+030
   17.2500000000000       1.622900000000000E+030
   17.3000000000000       1.418000000000000E+030
   17.3500000000000       1.238900000000000E+030
   17.4000000000000       1.082400000000000E+030
   17.4500000000000       9.456499999999999E+029
   17.5000000000000       8.261600000000000E+029
   17.5500000000000       7.217400000000000E+029
   17.6000000000000       6.305000000000000E+029
   17.6500000000000       5.507900000000000E+029
   17.7000000000000       4.811400000000000E+029
   17.7500000000000       4.202800000000000E+029
   17.8000000000000       3.671200000000000E+029
   17.8500000000000       3.206700000000000E+029
   17.9000000000000       2.800900000000000E+029
   17.9500000000000       2.446400000000000E+029
   18.0000000000000       2.136700000000000E+029
   18.0500000000000       1.866200000000000E+029
   18.1000000000000       1.629900000000000E+029
   18.1500000000000       1.423400000000000E+029
   18.2000000000000       1.243100000000000E+029
   18.2500000000000       1.085600000000000E+029
   18.3000000000000       9.480500000000000E+028
   18.3500000000000       8.279000000000001E+028
   18.4000000000000       7.229500000000000E+028
   18.4500000000000       6.313000000000000E+028
   18.5000000000000       5.512500000000000E+028
   18.5500000000000       4.813400000000000E+028
   18.6000000000000       4.202800000000000E+028
   18.6500000000000       3.669600000000000E+028
   18.7000000000000       3.204000000000000E+028
   18.7500000000000       2.797400000000000E+028
   18.8000000000000       2.442400000000000E+028
   18.8500000000000       2.132300000000000E+028
   18.9000000000000       1.861600000000000E+028
   18.9500000000000       1.625200000000000E+028
   19.0000000000000       1.418800000000000E+028
   19.0500000000000       1.238600000000000E+028
   19.1000000000000       1.081200000000000E+028
   19.1500000000000       9.438500000000000E+027
   19.2000000000000       8.239100000000000E+027
   19.2500000000000       7.191900000000000E+027
   19.3000000000000       6.277700000000000E+027
   19.3500000000000       5.479600000000000E+027
   19.4000000000000       4.782800000000000E+027
   19.4500000000000       4.174600000000000E+027
   19.5000000000000       3.643600000000000E+027
   19.5500000000000       3.180100000000000E+027
   19.6000000000000       2.775500000000000E+027
   19.6500000000000       2.422300000000000E+027
   19.7000000000000       2.114000000000000E+027
   19.7500000000000       1.845000000000000E+027
   19.8000000000000       1.610100000000000E+027
   19.8500000000000       1.405100000000000E+027
   19.9000000000000       1.226200000000000E+027
   19.9500000000000       1.070000000000000E+027
   20.0000000000000       9.337199999999999E+026
   20.0500000000000       8.147700000000000E+026
   20.1000000000000       7.109700000000000E+026
   20.1500000000000       6.203700000000000E+026
   20.2000000000000       5.413100000000000E+026
   20.2500000000000       4.723100000000000E+026
   20.3000000000000       4.121100000000000E+026
   20.3500000000000       3.595600000000000E+026
   20.4000000000000       3.137200000000000E+026
   20.4500000000000       2.737100000000000E+026
   20.5000000000000       2.388000000000000E+026
   20.5500000000000       2.083400000000000E+026
   20.6000000000000       1.817600000000000E+026
   20.6500000000000       1.585700000000000E+026
   20.7000000000000       1.383300000000000E+026
   20.7500000000000       1.206800000000000E+026
   20.8000000000000       1.052700000000000E+026
   20.8500000000000       9.183499999999999E+025
   20.9000000000000       8.011000000000000E+025
   20.9500000000000       6.988100000000000E+025
   21.0000000000000       6.095600000000000E+025
   21.0500000000000       5.317100000000000E+025
   21.1000000000000       4.637900000000000E+025
   21.1500000000000       4.045400000000000E+025
   21.2000000000000       3.528500000000000E+025
   21.2500000000000       3.077600000000000E+025
   21.3000000000000       2.684300000000000E+025
   21.3500000000000       2.341200000000000E+025
   21.4000000000000       2.041900000000000E+025
   21.4500000000000       1.780900000000000E+025
   21.5000000000000       1.553200000000000E+025
   21.5500000000000       1.354500000000000E+025
   21.6000000000000       1.181300000000000E+025
   21.6500000000000       1.030200000000000E+025
   21.7000000000000       8.984300000000003E+024
   21.7500000000000       7.834900000000003E+024
   21.8000000000000       6.832400000000002E+024
   21.8500000000000       5.958100000000003E+024
   21.9000000000000       5.195500000000003E+024
   21.9500000000000       4.530500000000002E+024
   22.0000000000000       3.950600000000002E+024
   22.0500000000000       3.444800000000002E+024
   22.1000000000000       3.003800000000002E+024
   22.1500000000000       2.619100000000002E+024
   22.2000000000000       2.283700000000002E+024
   22.2500000000000       1.991200000000002E+024
   22.3000000000000       1.736100000000002E+024
   22.3500000000000       1.513700000000002E+024
   22.4000000000000       1.319800000000002E+024
   22.4500000000000       1.150700000000002E+024
   22.5000000000000       1.003200000000002E+024
   22.5500000000000       8.746300000000016E+023
   22.6000000000000       7.625200000000016E+023
   22.6500000000000       6.647700000000016E+023
   22.7000000000000       5.795500000000016E+023
   22.7500000000000       5.052400000000016E+023
   22.8000000000000       4.404500000000016E+023
   22.8500000000000       3.839600000000016E+023
   22.9000000000000       3.347200000000016E+023
   22.9500000000000       2.917800000000016E+023
   23.0000000000000       2.543500000000016E+023
   23.0500000000000       2.217200000000016E+023
   23.1000000000000       1.932700000000016E+023
   23.1500000000000       1.684700000000016E+023
   23.2000000000000       1.468500000000016E+023
   23.2500000000000       1.280000000000016E+023
   23.3000000000000       1.115700000000016E+023
   23.3500000000000       9.724700000000161E+022
   23.4000000000000       8.476100000000161E+022
   23.4500000000000       7.387800000000161E+022
   23.5000000000000       6.439100000000161E+022
   23.5500000000000       5.612200000000161E+022
   23.6000000000000       4.891300000000161E+022
   23.6500000000000       4.263000000000161E+022
   23.7000000000000       3.715400000000161E+022
   23.7500000000000       3.238100000000161E+022
   23.8000000000000       2.822000000000161E+022
   23.8500000000000       2.459400000000161E+022
   23.9000000000000       2.143300000000161E+022
   23.9500000000000       1.867800000000161E+022
   24.0000000000000       1.627800000000161E+022
   24.0500000000000       1.418500000000161E+022
   24.1000000000000       1.236100000000161E+022
   24.1500000000000       1.077200000000161E+022
   24.2000000000000       9.387000000001612E+021
   24.2500000000000       8.179900000001611E+021
   24.3000000000000       7.127900000001611E+021
   24.3500000000000       6.211100000001611E+021
   24.4000000000000       5.412100000001612E+021
   24.4500000000000       4.715900000001611E+021
   24.5000000000000       4.109200000001611E+021
   24.5500000000000       3.580500000001611E+021
   24.6000000000000       3.119700000001611E+021
   24.6500000000000       2.718300000001611E+021
   24.7000000000000       2.368400000001611E+021
   24.7500000000000       2.063600000001611E+021
   24.8000000000000       1.798000000001611E+021
   24.8500000000000       1.566500000001611E+021
   24.9000000000000       1.364800000001611E+021
   24.9500000000000       1.189100000001611E+021
   25.0000000000000       1.036000000001611E+021
