  0.100000000000000       9.281800000000000E+050
  0.242440000000000       3.125100000000000E+051
  0.356270000000000       7.824200000000000E+051
  0.523520000000000       2.032100000000000E+052
  0.769310000000000       3.585100000000000E+053
   1.13050000000000       1.135300000000000E+054
   1.66120000000000       2.498200000000000E+054
   2.44110000000000       4.831400000000000E+054
   3.58720000000000       7.111300000000000E+054
   5.27120000000000       6.538400000000000E+054
   7.74600000000000       3.738100000000000E+054
   11.3830000000000       6.300700000000000E+053
   16.7260000000000       8.209199999999999E+051
   24.5790000000000       5.238600000000000E+048
   36.1180000000000       4.367100000000000E+044
   53.0750000000000       1.513900000000000E+031
   77.9920000000000       1.680000000000000E+032
   114.610000000000       5.850600000000000E+031
   168.410000000000       9.071200000000000E+017
   247.480000000000       1.400500000000000E+018
