  0.100000000000000       1.263700000000000E+051
  0.242440000000000       4.649400000000000E+051
  0.356270000000000       1.219500000000000E+052
  0.523520000000000       3.307600000000000E+052
  0.769310000000000       5.946800000000000E+053
   1.13050000000000       1.943300000000000E+054
   1.66120000000000       4.576500000000000E+054
   2.44110000000000       9.940000000000000E+054
   3.58720000000000       1.806600000000000E+055
   5.27120000000000       2.258300000000000E+055
   7.74600000000000       1.747800000000000E+055
   11.3830000000000       4.351800000000000E+054
   16.7260000000000       6.958300000000000E+052
   24.5790000000000       5.459400000000000E+049
   36.1180000000000       7.310099999999999E+045
   53.0750000000000       2.082000000000000E+031
   77.9920000000000       1.459100000000000E+032
   114.610000000000       5.287900000000000E+031
   168.410000000000      -2.876000000000000E+017
   247.480000000000      -5.120200000000000E+017
