  0.100000000000000       1.167900000000000E+051
  0.242440000000000       4.191200000000000E+051
  0.356270000000000       1.086600000000000E+052
  0.523520000000000       2.925000000000000E+052
  0.769310000000000       5.407600000000000E+053
   1.13050000000000       1.760500000000000E+054
   1.66120000000000       4.093000000000000E+054
   2.44110000000000       8.716800000000000E+054
   3.58720000000000       1.524200000000000E+055
   5.27120000000000       1.784200000000000E+055
   7.74600000000000       1.282100000000000E+055
   11.3830000000000       2.922800000000000E+054
   16.7260000000000       4.558300000000000E+052
   24.5790000000000       3.414200000000000E+049
   36.1180000000000       4.106500000000000E+045
   53.0750000000000       1.547000000000000E+031
   77.9920000000000       1.489300000000000E+032
   114.610000000000       5.428500000000000E+031
   168.410000000000       1.149100000000000E+018
   247.480000000000      -1.115700000000000E+018
