  0.100000000000000       8.914100000000000E+050
  0.242440000000000       2.973400000000000E+051
  0.356270000000000       7.400599999999999E+051
  0.523520000000000       1.906600000000000E+052
  0.769310000000000       3.200500000000000E+053
   1.13050000000000       1.004000000000000E+054
   1.66120000000000       2.170500000000000E+054
   2.44110000000000       4.081700000000000E+054
   3.58720000000000       5.760500000000000E+054
   5.27120000000000       5.066400000000000E+054
   7.74600000000000       2.773900000000000E+054
   11.3830000000000       4.358400000000000E+053
   16.7260000000000       5.403300000000000E+051
   24.5790000000000       3.322800000000000E+048
   36.1180000000000       2.367800000000000E+044
   53.0750000000000       1.511200000000000E+031
   77.9920000000000       1.722800000000000E+032
   114.610000000000       5.938800000000000E+031
   168.410000000000      -1.029900000000000E+018
   247.480000000000       1.037200000000000E+018
