  0.100000000000000       8.290599999999999E+050
  0.242440000000000       2.723600000000000E+051
  0.356270000000000       6.710700000000000E+051
  0.523520000000000       1.703500000000000E+052
  0.769310000000000       2.403600000000000E+053
   1.13050000000000       7.308300000000000E+053
   1.66120000000000       1.520200000000000E+054
   2.44110000000000       2.684600000000000E+054
   3.58720000000000       3.442200000000000E+054
   5.27120000000000       2.736300000000000E+054
   7.74600000000000       1.331700000000000E+054
   11.3830000000000       1.753100000000000E+053
   16.7260000000000       1.883200000000000E+051
   24.5790000000000       1.078400000000000E+048
   36.1180000000000       4.807300000000000E+043
   53.0750000000000       1.505700000000000E+031
   77.9920000000000       1.825300000000000E+032
   114.610000000000       6.209300000000000E+031
   168.410000000000      -1.254000000000000E+017
   247.480000000000      -7.179600000000000E+017
