  0.100000000000000       8.172200000000000E+050
  0.242440000000000       2.677400000000000E+051
  0.356270000000000       6.584800000000000E+051
  0.523520000000000       1.667900000000000E+052
  0.769310000000000       2.209800000000000E+053
   1.13050000000000       6.647900000000000E+053
   1.66120000000000       1.366700000000000E+054
   2.44110000000000       2.374300000000000E+054
   3.58720000000000       2.980600000000000E+054
   5.27120000000000       2.303100000000000E+054
   7.74600000000000       1.063400000000000E+054
   11.3830000000000       1.326000000000000E+053
   16.7260000000000       1.401500000000000E+051
   24.5790000000000       7.869200000000001E+047
   36.1180000000000       2.281400000000000E+043
   53.0750000000000       1.505900000000000E+031
   77.9920000000000       1.852600000000000E+032
   114.610000000000       6.300500000000000E+031
   168.410000000000      -3.324900000000000E+017
   247.480000000000      -1.402800000000000E+018
