  0.100000000000000       8.217900000000000E+050
  0.242440000000000       2.694300000000000E+051
  0.356270000000000       6.630300000000000E+051
  0.523520000000000       1.680100000000000E+052
  0.769310000000000       2.276000000000000E+053
   1.13050000000000       6.874700000000000E+053
   1.66120000000000       1.419400000000000E+054
   2.44110000000000       2.480700000000000E+054
   3.58720000000000       3.137400000000000E+054
   5.27120000000000       2.450600000000000E+054
   7.74600000000000       1.155100000000000E+054
   11.3830000000000       1.461000000000000E+053
   16.7260000000000       1.533200000000000E+051
   24.5790000000000       8.673899999999999E+047
   36.1180000000000       2.971800000000000E+043
   53.0750000000000       1.505100000000000E+031
   77.9920000000000       1.843600000000000E+032
   114.610000000000       6.267800000000000E+031
   168.410000000000       2.871000000000000E+017
   247.480000000000      -5.253100000000000E+017
