  0.100000000000000       8.278800000000001E+050
  0.242440000000000       2.718800000000000E+051
  0.356270000000000       6.697600000000000E+051
  0.523520000000000       1.699600000000000E+052
  0.769310000000000       2.383000000000000E+053
   1.13050000000000       7.238800000000000E+053
   1.66120000000000       1.504000000000000E+054
   2.44110000000000       2.651700000000000E+054
   3.58720000000000       3.392800000000000E+054
   5.27120000000000       2.690000000000000E+054
   7.74600000000000       1.303100000000000E+054
   11.3830000000000       1.704900000000000E+053
   16.7260000000000       1.823000000000000E+051
   24.5790000000000       1.041500000000000E+048
   36.1180000000000       4.504100000000000E+043
   53.0750000000000       1.505600000000000E+031
   77.9920000000000       1.828200000000000E+032
   114.610000000000       6.218400000000000E+031
   168.410000000000      -2.173800000000000E+017
   247.480000000000      -5.851200000000000E+017
