  0.100000000000000       8.216399999999999E+050
  0.242440000000000       2.693800000000000E+051
  0.356270000000000       6.628899999999999E+051
  0.523520000000000       1.679700000000000E+052
  0.769310000000000       2.273800000000000E+053
   1.13050000000000       6.867000000000000E+053
   1.66120000000000       1.417700000000000E+054
   2.44110000000000       2.477200000000000E+054
   3.58720000000000       3.131900000000000E+054
   5.27120000000000       2.445400000000000E+054
   7.74600000000000       1.151900000000000E+054
   11.3830000000000       1.456100000000000E+053
   16.7260000000000       1.528000000000000E+051
   24.5790000000000       8.642200000000000E+047
   36.1180000000000       2.944400000000000E+043
   53.0750000000000       1.505100000000000E+031
   77.9920000000000       1.843900000000000E+032
   114.610000000000       6.268800000000000E+031
   168.410000000000       3.476800000000000E+017
   247.480000000000       1.358200000000000E+017
