  0.100000000000000       9.858899999999999E+050
  0.242440000000000       3.369900000000000E+051
  0.356270000000000       8.515000000000000E+051
  0.523520000000000       2.234000000000000E+052
  0.769310000000000       4.109500000000000E+053
   1.13050000000000       1.315500000000000E+054
   1.66120000000000       2.952400000000000E+054
   2.44110000000000       5.903500000000000E+054
   3.58720000000000       9.189500000000000E+054
   5.27120000000000       9.057100000000001E+054
   7.74600000000000       5.529300000000000E+054
   11.3830000000000       1.023800000000000E+054
   16.7260000000000       1.423300000000000E+052
   24.5790000000000       9.478000000000001E+048
   36.1180000000000       9.488000000000000E+044
   53.0750000000000       1.517900000000000E+031
   77.9920000000000       1.625500000000000E+032
   114.610000000000       5.733800000000000E+031
   168.410000000000      -5.236800000000000E+017
   247.480000000000      -6.040800000000000E+016
