  0.100000000000000       8.141199999999999E+050
  0.242440000000000       2.666900000000000E+051
  0.356270000000000       6.558200000000001E+051
  0.523520000000000       1.661400000000000E+052
  0.769310000000000       2.180700000000000E+053
   1.13050000000000       6.547800000000000E+053
   1.66120000000000       1.343500000000000E+054
   2.44110000000000       2.328500000000000E+054
   3.58720000000000       2.915900000000000E+054
   5.27120000000000       2.242000000000000E+054
   7.74600000000000       1.023400000000000E+054
   11.3830000000000       1.273400000000000E+053
   16.7260000000000       1.357900000000000E+051
   24.5790000000000       7.654500000000000E+047
   36.1180000000000       1.688600000000000E+043
   53.0750000000000       1.508600000000000E+031
   77.9920000000000       1.857900000000000E+032
   114.610000000000       6.315100000000000E+031
   168.410000000000       1.778000000000000E+017
   247.480000000000       1.160300000000000E+018
