  0.100000000000000       8.227800000000000E+050
  0.242440000000000       2.698300000000000E+051
  0.356270000000000       6.641200000000001E+051
  0.523520000000000       1.683200000000000E+052
  0.769310000000000       2.293200000000000E+053
   1.13050000000000       6.933400000000000E+053
   1.66120000000000       1.433100000000000E+054
   2.44110000000000       2.508400000000000E+054
   3.58720000000000       3.178400000000000E+054
   5.27120000000000       2.489300000000000E+054
   7.74600000000000       1.179100000000000E+054
   11.3830000000000       1.499400000000000E+053
   16.7260000000000       1.575200000000000E+051
   24.5790000000000       8.926200000000000E+047
   36.1180000000000       3.192800000000000E+043
   53.0750000000000       1.505200000000000E+031
   77.9920000000000       1.841100000000000E+032
   114.610000000000       6.259700000000000E+031
   168.410000000000       1.083900000000000E+018
   247.480000000000      -1.329700000000000E+018
