  0.100000000000000       9.131400000000000E+050
  0.242440000000000       3.062400000000000E+051
  0.356270000000000       7.648699999999999E+051
  0.523520000000000       1.980300000000000E+052
  0.769310000000000       3.431400000000000E+053
   1.13050000000000       1.082500000000000E+054
   1.66120000000000       2.366500000000000E+054
   2.44110000000000       4.527500000000000E+054
   3.58720000000000       6.553799999999999E+054
   5.27120000000000       5.916100000000000E+054
   7.74600000000000       3.322100000000000E+054
   11.3830000000000       5.444500000000000E+053
   16.7260000000000       6.963800000000000E+051
   24.5790000000000       4.383400000000000E+048
   36.1180000000000       3.435600000000000E+044
   53.0750000000000       1.512700000000000E+031
   77.9920000000000       1.697000000000000E+032
   114.610000000000       5.885900000000000E+031
   168.410000000000      -8.488400000000000E+017
   247.480000000000       2.185900000000000E+017
