  0.100000000000000       1.581200000000000E+051
  0.242440000000000       6.287700000000000E+051
  0.356270000000000       1.703700000000000E+052
  0.523520000000000       4.666700000000000E+052
  0.769310000000000       7.416800000000000E+053
   1.13050000000000       2.437500000000000E+054
   1.66120000000000       5.874600000000000E+054
   2.44110000000000       1.332400000000000E+055
   3.58720000000000       2.633400000000000E+055
   5.27120000000000       3.829600000000000E+055
   7.74600000000000       3.534400000000000E+055
   11.3830000000000       1.091200000000000E+055
   16.7260000000000       1.798500000000000E+053
   24.5790000000000       1.571000000000000E+050
   36.1180000000000       2.705800000000000E+046
   53.0750000000000       8.050400000000000E+031
   77.9920000000000       1.294000000000000E+032
   114.610000000000       4.859400000000000E+031
   168.410000000000       3.489200000000000E+028
   247.480000000000      -6.706500000000000E+017
