  0.100000000000000       1.013900000000000E+051
  0.242440000000000       3.491300000000000E+051
  0.356270000000000       8.859200000000000E+051
  0.523520000000000       2.335400000000000E+052
  0.769310000000000       4.337500000000000E+053
   1.13050000000000       1.393900000000000E+054
   1.66120000000000       3.151500000000000E+054
   2.44110000000000       6.382400000000000E+054
   3.58720000000000       1.016500000000000E+055
   5.27120000000000       1.033100000000000E+055
   7.74600000000000       6.485400000000001E+054
   11.3830000000000       1.246900000000000E+054
   16.7260000000000       1.784800000000000E+052
   24.5790000000000       1.217200000000000E+049
   36.1180000000000       1.258400000000000E+045
   53.0750000000000       1.519000000000000E+031
   77.9920000000000       1.599900000000000E+032
   114.610000000000       5.684400000000000E+031
   168.410000000000      -4.112700000000000E+017
   247.480000000000       4.325600000000000E+017
