  0.100000000000000       8.180799999999999E+050
  0.242440000000000       2.680500000000000E+051
  0.356270000000000       6.592700000000000E+051
  0.523520000000000       1.670000000000000E+052
  0.769310000000000       2.220400000000000E+053
   1.13050000000000       6.684200000000000E+053
   1.66120000000000       1.375100000000000E+054
   2.44110000000000       2.391100000000000E+054
   3.58720000000000       3.005100000000000E+054
   5.27120000000000       2.325900000000000E+054
   7.74600000000000       1.077800000000000E+054
   11.3830000000000       1.345900000000000E+053
   16.7260000000000       1.419100000000000E+051
   24.5790000000000       7.976500000000000E+047
   36.1180000000000       2.399500000000000E+043
   53.0750000000000       1.505600000000000E+031
   77.9920000000000       1.851200000000000E+032
   114.610000000000       6.295000000000000E+031
   168.410000000000       1.902100000000000E+018
   247.480000000000       5.228100000000000E+017
