  0.100000000000000       1.665000000000000E+051
  0.242440000000000       6.744500000000001E+051
  0.356270000000000       1.840300000000000E+052
  0.523520000000000       5.047300000000000E+052
  0.769310000000000       7.744900000000000E+053
   1.13050000000000       2.545600000000000E+054
   1.66120000000000       6.162000000000000E+054
   2.44110000000000       1.408000000000000E+055
   3.58720000000000       2.823700000000000E+055
   5.27120000000000       4.219500000000000E+055
   7.74600000000000       4.031800000000000E+055
   11.3830000000000       1.301700000000000E+055
   16.7260000000000       2.152400000000000E+053
   24.5790000000000       1.916300000000000E+050
   36.1180000000000       3.422000000000000E+046
   53.0750000000000       1.468000000000000E+032
   77.9920000000000       1.260700000000000E+032
   114.610000000000       4.884600000000000E+031
   168.410000000000      -9.731800000000000E+017
   247.480000000000       1.388700000000000E+018
