  0.100000000000000       1.774900000000000E+051
  0.242440000000000       7.357000000000000E+051
  0.356270000000000       2.024600000000000E+052
  0.523520000000000       5.557500000000000E+052
  0.769310000000000       8.147900000000000E+053
   1.13050000000000       2.676800000000000E+054
   1.66120000000000       6.512700000000000E+054
   2.44110000000000       1.500400000000000E+055
   3.58720000000000       3.057900000000000E+055
   5.27120000000000       4.710700000000000E+055
   7.74600000000000       4.685500000000000E+055
   11.3830000000000       1.597300000000000E+055
   16.7260000000000       2.651600000000000E+053
   24.5790000000000       2.410700000000000E+050
   36.1180000000000       4.464600000000000E+046
   53.0750000000000       2.286100000000000E+032
   77.9920000000000       1.253200000000000E+032
   114.610000000000       4.833000000000000E+031
   168.410000000000       3.007500000000000E+017
   247.480000000000      -1.101700000000000E+018
