  0.100000000000000       8.908400000000000E+050
  0.242440000000000       2.971200000000000E+051
  0.356270000000000       7.394400000000001E+051
  0.523520000000000       1.904900000000000E+052
  0.769310000000000       3.194600000000000E+053
   1.13050000000000       1.002000000000000E+054
   1.66120000000000       2.165500000000000E+054
   2.44110000000000       4.070600000000000E+054
   3.58720000000000       5.740900000000000E+054
   5.27120000000000       5.045600000000000E+054
   7.74600000000000       2.760700000000000E+054
   11.3830000000000       4.332900000000000E+053
   16.7260000000000       5.367400000000000E+051
   24.5790000000000       3.298400000000000E+048
   36.1180000000000       2.344500000000000E+044
   53.0750000000000       1.511200000000000E+031
   77.9920000000000       1.723500000000000E+032
   114.610000000000       5.940300000000000E+031
   168.410000000000      -2.818200000000000E+018
   247.480000000000       8.825200000000000E+017
