  0.100000000000000       8.846199999999999E+050
  0.242440000000000       2.946200000000000E+051
  0.356270000000000       7.324900000000000E+051
  0.523520000000000       1.884500000000000E+052
  0.769310000000000       3.127900000000000E+053
   1.13050000000000       9.792900000000001E+053
   1.66120000000000       2.108500000000000E+054
   2.44110000000000       3.944700000000000E+054
   3.58720000000000       5.519700000000000E+054
   5.27120000000000       4.814500000000000E+054
   7.74600000000000       2.614400000000000E+054
   11.3830000000000       4.052900000000000E+053
   16.7260000000000       4.974600000000000E+051
   24.5790000000000       3.033400000000000E+048
   36.1180000000000       2.094200000000000E+044
   53.0750000000000       1.510700000000000E+031
   77.9920000000000       1.731300000000000E+032
   114.610000000000       5.955900000000000E+031
   168.410000000000       6.949200000000000E+017
   247.480000000000      -7.927100000000000E+017
