  0.100000000000000       1.061200000000000E+051
  0.242440000000000       3.700900000000000E+051
  0.356270000000000       9.456900000000000E+051
  0.523520000000000       2.512100000000000E+052
  0.769310000000000       4.698200000000000E+053
   1.13050000000000       1.517800000000000E+054
   1.66120000000000       3.468200000000000E+054
   2.44110000000000       7.155400000000001E+054
   3.58720000000000       1.179000000000000E+055
   5.27120000000000       1.257700000000000E+055
   7.74600000000000       8.253300000000000E+054
   11.3830000000000       1.679500000000000E+054
   16.7260000000000       2.488300000000000E+052
   24.5790000000000       1.761300000000000E+049
   36.1180000000000       1.890100000000000E+045
   53.0750000000000       1.520400000000000E+031
   77.9920000000000       1.558200000000000E+032
   114.610000000000       5.608300000000000E+031
   168.410000000000       5.373600000000000E+016
   247.480000000000       6.444500000000000E+017
