  0.100000000000000       2.661000000000000E+051
  0.242440000000000       1.260900000000000E+052
  0.356270000000000       3.626500000000000E+052
  0.523520000000000       9.995199999999999E+052
  0.769310000000000       1.079500000000000E+054
   1.13050000000000       3.511900000000000E+054
   1.66120000000000       8.732300000000000E+054
   2.44110000000000       2.098300000000000E+055
   3.58720000000000       4.573200000000000E+055
   5.27120000000000       8.012100000000000E+055
   7.74600000000000       9.485200000000000E+055
   11.3830000000000       4.295900000000000E+055
   16.7260000000000       7.285300000000000E+053
   24.5790000000000       7.537400000000000E+050
   36.1180000000000       1.486300000000000E+047
   53.0750000000000       2.016600000000000E+033
   77.9920000000000       1.171400000000000E+032
   114.610000000000       4.628400000000000E+031
   168.410000000000      -5.976200000000000E+017
   247.480000000000      -2.384800000000000E+017
