  0.100000000000000       8.537200000000000E+050
  0.242440000000000       2.822900000000000E+051
  0.356270000000000       6.984400000000000E+051
  0.523520000000000       1.784800000000000E+052
  0.769310000000000       2.768800000000000E+053
   1.13050000000000       8.546699999999999E+053
   1.66120000000000       1.811000000000000E+054
   2.44110000000000       3.293900000000000E+054
   3.58720000000000       4.412700000000000E+054
   5.27120000000000       3.685200000000000E+054
   7.74600000000000       1.912200000000000E+054
   11.3830000000000       2.765100000000000E+053
   16.7260000000000       3.205400000000000E+051
   24.5790000000000       1.880500000000000E+048
   36.1180000000000       1.100000000000000E+044
   53.0750000000000       1.508200000000000E+031
   77.9920000000000       1.774900000000000E+032
   114.610000000000       6.062700000000000E+031
   168.410000000000      -4.612200000000000E+017
   247.480000000000       1.391100000000000E+018
