  0.100000000000000       1.561800000000000E+051
  0.242440000000000       6.183400000000000E+051
  0.356270000000000       1.672600000000000E+052
  0.523520000000000       4.580000000000000E+052
  0.769310000000000       7.338200000000000E+053
   1.13050000000000       2.411500000000000E+054
   1.66120000000000       5.805400000000000E+054
   2.44110000000000       1.314300000000000E+055
   3.58720000000000       2.588000000000000E+055
   5.27120000000000       3.737700000000000E+055
   7.74600000000000       3.420000000000000E+055
   11.3830000000000       1.044600000000000E+055
   16.7260000000000       1.720500000000000E+053
   24.5790000000000       1.495200000000000E+050
   36.1180000000000       2.549400000000000E+046
   53.0750000000000       6.614000000000000E+031
   77.9920000000000       1.305500000000000E+032
   114.610000000000       4.840700000000000E+031
   168.410000000000       4.972200000000000E+028
   247.480000000000      -1.245700000000000E+018
