  0.100000000000000       1.089500000000000E+051
  0.242440000000000       3.829000000000000E+051
  0.356270000000000       9.824100000000000E+051
  0.523520000000000       2.620300000000000E+052
  0.769310000000000       4.901500000000000E+053
   1.13050000000000       1.587300000000000E+054
   1.66120000000000       3.646800000000000E+054
   2.44110000000000       7.597200000000000E+054
   3.58720000000000       1.274500000000000E+055
   5.27120000000000       1.396800000000000E+055
   7.74600000000000       9.401099999999999E+054
   11.3830000000000       1.976200000000000E+054
   16.7260000000000       2.973100000000000E+052
   24.5790000000000       2.139000000000000E+049
   36.1180000000000       2.356200000000000E+045
   53.0750000000000       1.521200000000000E+031
   77.9920000000000       1.535600000000000E+032
   114.610000000000       5.565000000000000E+031
   168.410000000000       1.045900000000000E+018
   247.480000000000      -1.469000000000000E+017
