  0.100000000000000       9.177100000000000E+050
  0.242440000000000       3.081500000000000E+051
  0.356270000000000       7.701800000000000E+051
  0.523520000000000       1.996100000000000E+052
  0.769310000000000       3.479100000000000E+053
   1.13050000000000       1.098900000000000E+054
   1.66120000000000       2.407300000000000E+054
   2.44110000000000       4.621200000000000E+054
   3.58720000000000       6.723900000000000E+054
   5.27120000000000       6.103600000000000E+054
   7.74600000000000       3.446100000000000E+054
   11.3830000000000       5.696600000000000E+053
   16.7260000000000       7.328000000000000E+051
   24.5790000000000       4.633100000000000E+048
   36.1180000000000       3.701900000000000E+044
   53.0750000000000       1.513100000000000E+031
   77.9920000000000       1.691700000000000E+032
   114.610000000000       5.875300000000000E+031
   168.410000000000       1.162000000000000E+018
   247.480000000000       1.619900000000000E+017
