  0.100000000000000       1.124200000000000E+051
  0.242440000000000       3.988100000000000E+051
  0.356270000000000       1.028100000000000E+052
  0.523520000000000       2.753900000000000E+052
  0.769310000000000       5.134700000000000E+053
   1.13050000000000       1.667100000000000E+054
   1.66120000000000       3.852200000000000E+054
   2.44110000000000       8.109000000000000E+054
   3.58720000000000       1.387500000000000E+055
   5.27120000000000       1.568000000000000E+055
   7.74600000000000       1.086700000000000E+055
   11.3830000000000       2.371800000000000E+054
   16.7260000000000       3.629800000000000E+052
   24.5790000000000       2.657600000000000E+049
   36.1180000000000       3.038100000000000E+045
   53.0750000000000       1.522500000000000E+031
   77.9920000000000       1.511700000000000E+032
   114.610000000000       5.516100000000000E+031
   168.410000000000       1.120400000000000E+017
   247.480000000000      -1.026700000000000E+018
