  0.100000000000000       1.202600000000000E+051
  0.242440000000000       4.355000000000000E+051
  0.356270000000000       1.134000000000000E+052
  0.523520000000000       3.061900000000000E+052
  0.769310000000000       5.611200000000000E+053
   1.13050000000000       1.829800000000000E+054
   1.66120000000000       4.274800000000000E+054
   2.44110000000000       9.176600000000000E+054
   3.58720000000000       1.629000000000000E+055
   5.27120000000000       1.955700000000000E+055
   7.74600000000000       1.445500000000000E+055
   11.3830000000000       3.405500000000000E+054
   16.7260000000000       5.369100000000000E+052
   24.5790000000000       4.095900000000000E+049
   36.1180000000000       5.115300000000000E+045
   53.0750000000000       1.652700000000000E+031
   77.9920000000000       1.472500000000000E+032
   114.610000000000       5.389200000000000E+031
   168.410000000000      -4.112700000000000E+017
   247.480000000000      -1.622300000000000E+017
