  0.100000000000000       8.086200000000000E+050
  0.242440000000000       2.650200000000000E+051
  0.356270000000000       6.518000000000000E+051
  0.523520000000000       1.652600000000000E+052
  0.769310000000000       2.174000000000000E+053
   1.13050000000000       6.522800000000000E+053
   1.66120000000000       1.336100000000000E+054
   2.44110000000000       2.309600000000000E+054
   3.58720000000000       2.880800000000000E+054
   5.27120000000000       2.185500000000000E+054
   7.74600000000000       9.852000000000000E+053
   11.3830000000000       1.254000000000000E+053
   16.7260000000000       1.386700000000000E+051
   24.5790000000000       7.689000000000000E+047
   36.1180000000000       5.746300000000000E+042
   53.0750000000000       1.513000000000000E+031
   77.9920000000000       1.864600000000000E+032
   114.610000000000       6.322700000000000E+031
   168.410000000000       3.198400000000000E+025
   247.480000000000       2.102600000000000E+017
