  0.100000000000000       1.228400000000000E+051
  0.242440000000000       4.478400000000000E+051
  0.356270000000000       1.169800000000000E+052
  0.523520000000000       3.164900000000000E+052
  0.769310000000000       5.756100000000000E+053
   1.13050000000000       1.877100000000000E+054
   1.66120000000000       4.411700000000000E+054
   2.44110000000000       9.505800000000000E+054
   3.58720000000000       1.704800000000000E+055
   5.27120000000000       2.083200000000000E+055
   7.74600000000000       1.571600000000000E+055
   11.3830000000000       3.790100000000000E+054
   16.7260000000000       6.014300000000000E+052
   24.5790000000000       4.646400000000000E+049
   36.1180000000000       5.976800000000000E+045
   53.0750000000000       1.783100000000000E+031
   77.9920000000000       1.470200000000000E+032
   114.610000000000       5.366000000000000E+031
   168.410000000000      -1.268500000000000E+018
   247.480000000000       8.818000000000000E+017
