  0.100000000000000       8.206100000000000E+050
  0.242440000000000       2.689700000000000E+051
  0.356270000000000       6.617800000000000E+051
  0.523520000000000       1.676700000000000E+052
  0.769310000000000       2.256800000000000E+053
   1.13050000000000       6.809300000000000E+053
   1.66120000000000       1.404200000000000E+054
   2.44110000000000       2.449800000000000E+054
   3.58720000000000       3.091200000000000E+054
   5.27120000000000       2.407000000000000E+054
   7.74600000000000       1.128000000000000E+054
   11.3830000000000       1.419400000000000E+053
   16.7260000000000       1.490100000000000E+051
   24.5790000000000       8.410900000000001E+047
   36.1180000000000       2.751600000000000E+043
   53.0750000000000       1.505100000000000E+031
   77.9920000000000       1.846400000000000E+032
   114.610000000000       6.277300000000000E+031
   168.410000000000      -2.482000000000000E+018
   247.480000000000       7.665200000000000E+016
