  0.100000000000000       8.119900000000000E+050
  0.242440000000000       2.660500000000000E+051
  0.356270000000000       6.542200000000000E+051
  0.523520000000000       1.657100000000000E+052
  0.769310000000000       2.172800000000000E+053
   1.13050000000000       6.519700000000000E+053
   1.66120000000000       1.336800000000000E+054
   2.44110000000000       2.315500000000000E+054
   3.58720000000000       2.897700000000000E+054
   5.27120000000000       2.222600000000000E+054
   7.74600000000000       1.008500000000000E+054
   11.3830000000000       1.249300000000000E+053
   16.7260000000000       1.339900000000000E+051
   24.5790000000000       7.601700000000000E+047
   36.1180000000000       1.143100000000000E+043
   53.0750000000000       1.510800000000000E+031
   77.9920000000000       1.861200000000000E+032
   114.610000000000       6.321700000000000E+031
   168.410000000000       1.782500000000000E+018
   247.480000000000      -1.179900000000000E+018
