  0.100000000000000       8.758700000000000E+050
  0.242440000000000       2.911200000000000E+051
  0.356270000000000       7.228000000000000E+051
  0.523520000000000       1.856200000000000E+052
  0.769310000000000       3.032000000000000E+053
   1.13050000000000       9.451200000000000E+053
   1.66120000000000       2.027800000000000E+054
   2.44110000000000       3.767100000000000E+054
   3.58720000000000       5.209200000000000E+054
   5.27120000000000       4.493100000000000E+054
   7.74600000000000       2.412400000000000E+054
   11.3830000000000       3.673600000000000E+053
   16.7260000000000       4.447900000000000E+051
   24.5790000000000       2.682000000000000E+048
   36.1180000000000       1.773700000000000E+044
   53.0750000000000       1.510100000000000E+031
   77.9920000000000       1.742700000000000E+032
   114.610000000000       5.980600000000000E+031
   168.410000000000       1.784100000000000E+018
   247.480000000000       2.853300000000000E+017
