  0.100000000000000       8.423400000000000E+050
  0.242440000000000       2.777100000000000E+051
  0.356270000000000       6.858000000000001E+051
  0.523520000000000       1.747300000000000E+052
  0.769310000000000       2.612300000000000E+053
   1.13050000000000       8.014600000000000E+053
   1.66120000000000       1.684900000000000E+054
   2.44110000000000       3.025200000000000E+054
   3.58720000000000       3.974800000000000E+054
   5.27120000000000       3.250700000000000E+054
   7.74600000000000       1.646700000000000E+054
   11.3830000000000       2.294300000000000E+053
   16.7260000000000       2.573800000000000E+051
   24.5790000000000       1.499500000000000E+048
   36.1180000000000       8.056900000000000E+043
   53.0750000000000       1.507100000000000E+031
   77.9920000000000       1.796100000000000E+032
   114.610000000000       6.121200000000000E+031
   168.410000000000      -6.874100000000000E+017
   247.480000000000       2.939200000000000E+017
