  0.100000000000000       8.091100000000000E+050
  0.242440000000000       2.651600000000000E+051
  0.356270000000000       6.521400000000000E+051
  0.523520000000000       1.653100000000000E+052
  0.769310000000000       2.173600000000000E+053
   1.13050000000000       6.521300000000000E+053
   1.66120000000000       1.336100000000000E+054
   2.44110000000000       2.310400000000000E+054
   3.58720000000000       2.881300000000000E+054
   5.27120000000000       2.190000000000000E+054
   7.74600000000000       9.761900000000000E+053
   11.3830000000000       1.234800000000000E+053
   16.7260000000000       1.380300000000000E+051
   24.5790000000000       7.671400000000000E+047
   36.1180000000000       6.355800000000000E+042
   53.0750000000000       1.512600000000000E+031
   77.9920000000000       1.863700000000000E+032
   114.610000000000       6.322700000000000E+031
   168.410000000000       1.320700000000000E+025
   247.480000000000      -6.023300000000000E+017
