  0.100000000000000       9.342300000000000E+050
  0.242440000000000       3.150300000000000E+051
  0.356270000000000       7.895499999999999E+051
  0.523520000000000       2.053100000000000E+052
  0.769310000000000       3.644500000000000E+053
   1.13050000000000       1.155700000000000E+054
   1.66120000000000       2.549300000000000E+054
   2.44110000000000       4.950400000000000E+054
   3.58720000000000       7.333400000000000E+054
   5.27120000000000       6.792999999999999E+054
   7.74600000000000       3.912000000000000E+054
   11.3830000000000       6.666400000000000E+053
   16.7260000000000       8.749099999999999E+051
   24.5790000000000       5.610500000000000E+048
   36.1180000000000       4.788400000000000E+044
   53.0750000000000       1.514400000000000E+031
   77.9920000000000       1.673500000000000E+032
   114.610000000000       5.837000000000000E+031
   168.410000000000       6.335900000000000E+017
   247.480000000000       7.262100000000000E+017
