  0.100000000000000       1.015400000000000E+051
  0.242440000000000       3.497700000000000E+051
  0.356270000000000       8.877000000000001E+051
  0.523520000000000       2.340600000000000E+052
  0.769310000000000       4.348800000000000E+053
   1.13050000000000       1.397800000000000E+054
   1.66120000000000       3.161400000000000E+054
   2.44110000000000       6.406600000000000E+054
   3.58720000000000       1.021500000000000E+055
   5.27120000000000       1.039700000000000E+055
   7.74600000000000       6.535900000000000E+054
   11.3830000000000       1.258800000000000E+054
   16.7260000000000       1.804200000000000E+052
   24.5790000000000       1.232000000000000E+049
   36.1180000000000       1.275200000000000E+045
   53.0750000000000       1.519100000000000E+031
   77.9920000000000       1.598600000000000E+032
   114.610000000000       5.681900000000000E+031
   168.410000000000       1.446200000000000E+018
   247.480000000000      -8.646800000000000E+017
