  0.100000000000000       8.801300000000000E+050
  0.242440000000000       2.928100000000000E+051
  0.356270000000000       7.275100000000000E+051
  0.523520000000000       1.870000000000000E+052
  0.769310000000000       3.079200000000000E+053
   1.13050000000000       9.618200000000000E+053
   1.66120000000000       2.067500000000000E+054
   2.44110000000000       3.854200000000000E+054
   3.58720000000000       5.360700000000000E+054
   5.27120000000000       4.649600000000000E+054
   7.74600000000000       2.510500000000000E+054
   11.3830000000000       3.856900000000000E+053
   16.7260000000000       4.701600000000000E+051
   24.5790000000000       2.850400000000000E+048
   36.1180000000000       1.925700000000000E+044
   53.0750000000000       1.510400000000000E+031
   77.9920000000000       1.737000000000000E+032
   114.610000000000       5.968500000000000E+031
   168.410000000000      -1.451300000000000E+018
   247.480000000000       1.319100000000000E+018
