  0.100000000000000       2.861100000000000E+051
  0.242440000000000       1.384100000000000E+052
  0.356270000000000       4.005700000000000E+052
  0.523520000000000       1.103900000000000E+053
  0.769310000000000       1.131900000000000E+054
   1.13050000000000       3.673500000000000E+054
   1.66120000000000       9.179100000000000E+054
   2.44110000000000       2.210900000000000E+055
   3.58720000000000       4.863500000000000E+055
   5.27120000000000       8.655400000000000E+055
   7.74600000000000       1.046400000000000E+056
   11.3830000000000       4.910800000000000E+055
   16.7260000000000       8.416900000000000E+053
   24.5790000000000       8.888300000000000E+050
   36.1180000000000       1.757700000000000E+047
   53.0750000000000       2.423500000000000E+033
   77.9920000000000       1.163800000000000E+032
   114.610000000000       4.587800000000000E+031
   168.410000000000       1.765100000000000E+018
   247.480000000000      -1.899800000000000E+017
