  0.100000000000000       8.125800000000000E+050
  0.242440000000000       2.662100000000000E+051
  0.356270000000000       6.546400000000000E+051
  0.523520000000000       1.658200000000000E+052
  0.769310000000000       2.173900000000000E+053
   1.13050000000000       6.523800000000000E+053
   1.66120000000000       1.337800000000000E+054
   2.44110000000000       2.317500000000000E+054
   3.58720000000000       2.900600000000000E+054
   5.27120000000000       2.226100000000000E+054
   7.74600000000000       1.011600000000000E+054
   11.3830000000000       1.256100000000000E+053
   16.7260000000000       1.344400000000000E+051
   24.5790000000000       7.613400000000000E+047
   36.1180000000000       1.286900000000000E+043
   53.0750000000000       1.510400000000000E+031
   77.9920000000000       1.860600000000000E+032
   114.610000000000       6.320100000000000E+031
   168.410000000000      -2.529900000000000E+018
   247.480000000000      -3.621300000000000E+017
