  0.100000000000000       1.984700000000000E+051
  0.242440000000000       8.558600000000000E+051
  0.356270000000000       2.388400000000000E+052
  0.523520000000000       6.549900000000000E+052
  0.769310000000000       8.846599999999999E+053
   1.13050000000000       2.902000000000000E+054
   1.66120000000000       7.117699999999999E+054
   2.44110000000000       1.659500000000000E+055
   3.58720000000000       3.464700000000000E+055
   5.27120000000000       5.582400000000000E+055
   7.74600000000000       5.903700000000000E+055
   11.3830000000000       2.203000000000000E+055
   16.7260000000000       3.656800000000000E+053
   24.5790000000000       3.459300000000000E+050
   36.1180000000000       6.703900000000000E+046
   53.0750000000000       4.924100000000000E+032
   77.9920000000000       1.225600000000000E+032
   114.610000000000       4.768600000000000E+031
   168.410000000000       3.054200000000000E+027
   247.480000000000      -1.335900000000000E+018
