  0.100000000000000       1.010500000000000E+051
  0.242440000000000       3.476300000000000E+051
  0.356270000000000       8.816600000000000E+051
  0.523520000000000       2.322700000000000E+052
  0.769310000000000       4.310200000000000E+053
   1.13050000000000       1.384500000000000E+054
   1.66120000000000       3.127700000000000E+054
   2.44110000000000       6.324700000000000E+054
   3.58720000000000       1.004600000000000E+055
   5.27120000000000       1.017300000000000E+055
   7.74600000000000       6.364700000000000E+054
   11.3830000000000       1.218400000000000E+054
   16.7260000000000       1.738400000000000E+052
   24.5790000000000       1.182000000000000E+049
   36.1180000000000       1.218400000000000E+045
   53.0750000000000       1.518900000000000E+031
   77.9920000000000       1.603100000000000E+032
   114.610000000000       5.689900000000000E+031
   168.410000000000       2.782500000000000E+017
   247.480000000000      -1.384300000000000E+018
