  0.100000000000000       8.188900000000001E+050
  0.242440000000000       2.683300000000000E+051
  0.356270000000000       6.600500000000001E+051
  0.523520000000000       1.672000000000000E+052
  0.769310000000000       2.231300000000000E+053
   1.13050000000000       6.722000000000000E+053
   1.66120000000000       1.383900000000000E+054
   2.44110000000000       2.408900000000000E+054
   3.58720000000000       3.030500000000000E+054
   5.27120000000000       2.349900000000000E+054
   7.74600000000000       1.092800000000000E+054
   11.3830000000000       1.367200000000000E+053
   16.7260000000000       1.438800000000000E+051
   24.5790000000000       8.097300000000000E+047
   36.1180000000000       2.504700000000000E+043
   53.0750000000000       1.505400000000000E+031
   77.9920000000000       1.849800000000000E+032
   114.610000000000       6.289900000000000E+031
   168.410000000000      -3.376800000000000E+017
   247.480000000000       1.609600000000000E+018
