  0.100000000000000       8.326099999999999E+050
  0.242440000000000       2.737800000000000E+051
  0.356270000000000       6.750200000000000E+051
  0.523520000000000       1.715400000000000E+052
  0.769310000000000       2.464100000000000E+053
   1.13050000000000       7.513100000000000E+053
   1.66120000000000       1.567600000000000E+054
   2.44110000000000       2.781400000000000E+054
   3.58720000000000       3.589800000000000E+054
   5.27120000000000       2.876200000000000E+054
   7.74600000000000       1.417700000000000E+054
   11.3830000000000       1.898200000000000E+053
   16.7260000000000       2.066400000000000E+051
   24.5790000000000       1.192100000000000E+048
   36.1180000000000       5.692500000000000E+043
   53.0750000000000       1.506200000000000E+031
   77.9920000000000       1.817000000000000E+032
   114.610000000000       6.183100000000000E+031
   168.410000000000      -5.009200000000000E+016
   247.480000000000      -2.925400000000000E+015
