  0.100000000000000       8.329999999999999E+050
  0.242440000000000       2.739500000000000E+051
  0.356270000000000       6.754600000000000E+051
  0.523520000000000       1.716600000000000E+052
  0.769310000000000       2.470500000000000E+053
   1.13050000000000       7.534500000000000E+053
   1.66120000000000       1.572600000000000E+054
   2.44110000000000       2.791500000000000E+054
   3.58720000000000       3.605400000000000E+054
   5.27120000000000       2.891300000000000E+054
   7.74600000000000       1.426900000000000E+054
   11.3830000000000       1.913900000000000E+053
   16.7260000000000       2.086100000000000E+051
   24.5790000000000       1.204400000000000E+048
   36.1180000000000       5.786500000000000E+043
   53.0750000000000       1.506200000000000E+031
   77.9920000000000       1.816100000000000E+032
   114.610000000000       6.180100000000000E+031
   168.410000000000      -1.615500000000000E+018
   247.480000000000      -3.618600000000000E+017
