  0.100000000000000       8.213100000000000E+050
  0.242440000000000       2.692600000000000E+051
  0.356270000000000       6.625500000000000E+051
  0.523520000000000       1.678700000000000E+052
  0.769310000000000       2.268400000000000E+053
   1.13050000000000       6.848600000000000E+053
   1.66120000000000       1.413400000000000E+054
   2.44110000000000       2.468500000000000E+054
   3.58720000000000       3.119000000000000E+054
   5.27120000000000       2.433300000000000E+054
   7.74600000000000       1.144300000000000E+054
   11.3830000000000       1.444300000000000E+053
   16.7260000000000       1.515600000000000E+051
   24.5790000000000       8.566800000000000E+047
   36.1180000000000       2.880500000000000E+043
   53.0750000000000       1.505100000000000E+031
   77.9920000000000       1.844700000000000E+032
   114.610000000000       6.271300000000000E+031
   168.410000000000      -1.318700000000000E+018
   247.480000000000       8.124300000000000E+017
