  0.100000000000000       1.032300000000000E+051
  0.242440000000000       3.572000000000000E+051
  0.356270000000000       9.088200000000001E+051
  0.523520000000000       2.402800000000000E+052
  0.769310000000000       4.479800000000000E+053
   1.13050000000000       1.442800000000000E+054
   1.66120000000000       3.276300000000000E+054
   2.44110000000000       6.685900000000001E+054
   3.58720000000000       1.079600000000000E+055
   5.27120000000000       1.118400000000000E+055
   7.74600000000000       7.144699999999999E+054
   11.3830000000000       1.404500000000000E+054
   16.7260000000000       2.041300000000000E+052
   24.5790000000000       1.414100000000000E+049
   36.1180000000000       1.483200000000000E+045
   53.0750000000000       1.519700000000000E+031
   77.9920000000000       1.583300000000000E+032
   114.610000000000       5.654700000000000E+031
   168.410000000000       4.623200000000000E+017
   247.480000000000       9.423000000000000E+017
