  0.100000000000000       8.761100000000000E+050
  0.242440000000000       2.912200000000000E+051
  0.356270000000000       7.230700000000000E+051
  0.523520000000000       1.857000000000000E+052
  0.769310000000000       3.034800000000000E+053
   1.13050000000000       9.460900000000000E+053
   1.66120000000000       2.030100000000000E+054
   2.44110000000000       3.772100000000000E+054
   3.58720000000000       5.218100000000000E+054
   5.27120000000000       4.502200000000000E+054
   7.74600000000000       2.418100000000000E+054
   11.3830000000000       3.684200000000000E+053
   16.7260000000000       4.462400000000000E+051
   24.5790000000000       2.691700000000000E+048
   36.1180000000000       1.782300000000000E+044
   53.0750000000000       1.510200000000000E+031
   77.9920000000000       1.742400000000000E+032
   114.610000000000       5.980100000000000E+031
   168.410000000000       5.602600000000000E+015
   247.480000000000      -1.086700000000000E+018
