  0.100000000000000       8.986200000000000E+050
  0.242440000000000       3.002700000000000E+051
  0.356270000000000       7.481900000000000E+051
  0.523520000000000       1.930700000000000E+052
  0.769310000000000       3.277000000000000E+053
   1.13050000000000       1.030100000000000E+054
   1.66120000000000       2.235200000000000E+054
   2.44110000000000       4.228300000000000E+054
   3.58720000000000       6.018700000000000E+054
   5.27120000000000       5.339000000000000E+054
   7.74600000000000       2.947900000000000E+054
   11.3830000000000       4.698400000000000E+053
   16.7260000000000       5.886900000000000E+051
   24.5790000000000       3.650000000000000E+048
   36.1180000000000       2.686700000000000E+044
   53.0750000000000       1.511600000000000E+031
   77.9920000000000       1.714100000000000E+032
   114.610000000000       5.921700000000000E+031
   168.410000000000      -2.801400000000000E+017
   247.480000000000      -8.743900000000000E+017
