  0.100000000000000       1.625500000000000E+051
  0.242440000000000       6.527999999999999E+051
  0.356270000000000       1.775500000000000E+052
  0.523520000000000       4.866800000000000E+052
  0.769310000000000       7.592600000000000E+053
   1.13050000000000       2.495500000000000E+054
   1.66120000000000       6.028900000000000E+054
   2.44110000000000       1.373000000000000E+055
   3.58720000000000       2.735300000000000E+055
   5.27120000000000       4.037300000000000E+055
   7.74600000000000       3.796800000000000E+055
   11.3830000000000       1.200600000000000E+055
   16.7260000000000       1.982100000000000E+053
   24.5790000000000       1.750000000000000E+050
   36.1180000000000       3.075800000000000E+046
   53.0750000000000       1.176600000000000E+032
   77.9920000000000       1.268300000000000E+032
   114.610000000000       4.886300000000000E+031
   168.410000000000       5.125800000000000E+026
   247.480000000000       1.525800000000000E+017
