  0.100000000000000       8.365699999999999E+050
  0.242440000000000       2.753800000000000E+051
  0.356270000000000       6.794200000000000E+051
  0.523520000000000       1.728400000000000E+052
  0.769310000000000       2.527100000000000E+053
   1.13050000000000       7.726000000000001E+053
   1.66120000000000       1.617200000000000E+054
   2.44110000000000       2.883500000000000E+054
   3.58720000000000       3.749100000000000E+054
   5.27120000000000       3.029900000000000E+054
   7.74600000000000       1.511700000000000E+054
   11.3830000000000       2.058500000000000E+053
   16.7260000000000       2.269100000000000E+051
   24.5790000000000       1.316900000000000E+048
   36.1180000000000       6.650000000000000E+043
   53.0750000000000       1.506600000000000E+031
   77.9920000000000       1.808200000000000E+032
   114.610000000000       6.155900000000000E+031
   168.410000000000       1.387700000000000E+018
   247.480000000000      -7.391200000000000E+017
