  0.100000000000000       8.156999999999999E+050
  0.242440000000000       2.672100000000000E+051
  0.356270000000000       6.571200000000000E+051
  0.523520000000000       1.664600000000000E+052
  0.769310000000000       2.193300000000000E+053
   1.13050000000000       6.591700000000000E+053
   1.66120000000000       1.353600000000000E+054
   2.44110000000000       2.348400000000000E+054
   3.58720000000000       2.943600000000000E+054
   5.27120000000000       2.268400000000000E+054
   7.74600000000000       1.041300000000000E+054
   11.3830000000000       1.296600000000000E+053
   16.7260000000000       1.376300000000000E+051
   24.5790000000000       7.728300000000000E+047
   36.1180000000000       2.029800000000000E+043
   53.0750000000000       1.506900000000000E+031
   77.9920000000000       1.855100000000000E+032
   114.610000000000       6.308600000000000E+031
   168.410000000000       9.210400000000000E+017
   247.480000000000      -1.094400000000000E+018
