  0.100000000000000       1.075300000000000E+051
  0.242440000000000       3.764700000000000E+051
  0.356270000000000       9.639700000000000E+051
  0.523520000000000       2.566100000000000E+052
  0.769310000000000       4.801300000000000E+053
   1.13050000000000       1.553000000000000E+054
   1.66120000000000       3.558900000000000E+054
   2.44110000000000       7.378900000000000E+054
   3.58720000000000       1.227100000000000E+055
   5.27120000000000       1.327000000000000E+055
   7.74600000000000       8.821200000000001E+054
   11.3830000000000       1.824800000000000E+054
   16.7260000000000       2.725100000000000E+052
   24.5790000000000       1.945400000000000E+049
   36.1180000000000       2.114200000000000E+045
   53.0750000000000       1.520700000000000E+031
   77.9920000000000       1.546600000000000E+032
   114.610000000000       5.586700000000000E+031
   168.410000000000       6.272100000000000E+016
   247.480000000000      -2.944100000000000E+017
