  0.100000000000000       1.116400000000000E+051
  0.242440000000000       3.952300000000000E+051
  0.356270000000000       1.017800000000000E+052
  0.523520000000000       2.723800000000000E+052
  0.769310000000000       5.084000000000000E+053
   1.13050000000000       1.649800000000000E+054
   1.66120000000000       3.807700000000000E+054
   2.44110000000000       7.997300000000000E+054
   3.58720000000000       1.362600000000000E+055
   5.27120000000000       1.529800000000000E+055
   7.74600000000000       1.053400000000000E+055
   11.3830000000000       2.280300000000000E+054
   16.7260000000000       3.476600000000000E+052
   24.5790000000000       2.535700000000000E+049
   36.1180000000000       2.872300000000000E+045
   53.0750000000000       1.522000000000000E+031
   77.9920000000000       1.516200000000000E+032
   114.610000000000       5.526700000000000E+031
   168.410000000000       1.201400000000000E+018
   247.480000000000      -7.511300000000000E+017
