  0.100000000000000       8.225900000000000E+050
  0.242440000000000       2.697600000000000E+051
  0.356270000000000       6.638900000000000E+051
  0.523520000000000       1.682600000000000E+052
  0.769310000000000       2.289600000000000E+053
   1.13050000000000       6.921100000000000E+053
   1.66120000000000       1.430300000000000E+054
   2.44110000000000       2.502700000000000E+054
   3.58720000000000       3.169900000000000E+054
   5.27120000000000       2.481300000000000E+054
   7.74600000000000       1.174200000000000E+054
   11.3830000000000       1.491400000000000E+053
   16.7260000000000       1.566200000000000E+051
   24.5790000000000       8.872400000000001E+047
   36.1180000000000       3.145200000000000E+043
   53.0750000000000       1.505200000000000E+031
   77.9920000000000       1.841600000000000E+032
   114.610000000000       6.261200000000000E+031
   168.410000000000      -1.677800000000000E+018
   247.480000000000       1.968300000000000E+018
