  0.100000000000000       8.289599999999999E+050
  0.242440000000000       2.723300000000000E+051
  0.356270000000000       6.709700000000001E+051
  0.523520000000000       1.703300000000000E+052
  0.769310000000000       2.402000000000000E+053
   1.13050000000000       7.303200000000000E+053
   1.66120000000000       1.518900000000000E+054
   2.44110000000000       2.682300000000000E+054
   3.58720000000000       3.438500000000000E+054
   5.27120000000000       2.732900000000000E+054
   7.74600000000000       1.329600000000000E+054
   11.3830000000000       1.749600000000000E+053
   16.7260000000000       1.878700000000000E+051
   24.5790000000000       1.075600000000000E+048
   36.1180000000000       4.785100000000000E+043
   53.0750000000000       1.505700000000000E+031
   77.9920000000000       1.825600000000000E+032
   114.610000000000       6.209800000000000E+031
   168.410000000000       2.400000000000000E+017
   247.480000000000      -1.095600000000000E+018
