  0.100000000000000       9.719599999999999E+050
  0.242440000000000       3.310100000000000E+051
  0.356270000000000       8.345999999999999E+051
  0.523520000000000       2.184300000000000E+052
  0.769310000000000       3.990100000000000E+053
   1.13050000000000       1.274400000000000E+054
   1.66120000000000       2.848500000000000E+054
   2.44110000000000       5.655900000000000E+054
   3.58720000000000       8.696000000000001E+054
   5.27120000000000       8.433300000000000E+054
   7.74600000000000       5.072300000000000E+054
   11.3830000000000       9.197500000000001E+053
   16.7260000000000       1.258900000000000E+052
   24.5790000000000       8.293700000000000E+048
   36.1180000000000       8.048700000000000E+044
   53.0750000000000       1.517000000000000E+031
   77.9920000000000       1.637800000000000E+032
   114.610000000000       5.760000000000000E+031
   168.410000000000       4.472000000000000E+017
   247.480000000000      -1.446200000000000E+017
