  0.100000000000000       1.181300000000000E+051
  0.242440000000000       4.254300000000000E+051
  0.356270000000000       1.104900000000000E+052
  0.523520000000000       2.977800000000000E+052
  0.769310000000000       5.487800000000000E+053
   1.13050000000000       1.787900000000000E+054
   1.66120000000000       4.164300000000000E+054
   2.44110000000000       8.897300000000000E+054
   3.58720000000000       1.565200000000000E+055
   5.27120000000000       1.850700000000000E+055
   7.74600000000000       1.344600000000000E+055
   11.3830000000000       3.105200000000000E+054
   16.7260000000000       4.864900000000000E+052
   24.5790000000000       3.670000000000000E+049
   36.1180000000000       4.478200000000000E+045
   53.0750000000000       1.578300000000000E+031
   77.9920000000000       1.481600000000000E+032
   114.610000000000       5.408300000000000E+031
   168.410000000000       1.809600000000000E+017
   247.480000000000       1.040000000000000E+018
