  0.100000000000000       1.193700000000000E+051
  0.242440000000000       4.313100000000000E+051
  0.356270000000000       1.121900000000000E+052
  0.523520000000000       3.027000000000000E+052
  0.769310000000000       5.560400000000000E+053
   1.13050000000000       1.812700000000000E+054
   1.66120000000000       4.228900000000000E+054
   2.44110000000000       9.061400000000001E+054
   3.58720000000000       1.602600000000000E+055
   5.27120000000000       1.912100000000000E+055
   7.74600000000000       1.403300000000000E+055
   11.3830000000000       3.279000000000000E+054
   16.7260000000000       5.156900000000000E+052
   24.5790000000000       3.915900000000000E+049
   36.1180000000000       4.843400000000000E+045
   53.0750000000000       1.618300000000000E+031
   77.9920000000000       1.475600000000000E+032
   114.610000000000       5.395200000000000E+031
   168.410000000000       1.258600000000000E+018
   247.480000000000      -2.196900000000000E+017
