  0.100000000000000       1.244800000000000E+051
  0.242440000000000       4.557200000000000E+051
  0.356270000000000       1.192700000000000E+052
  0.523520000000000       3.230800000000000E+052
  0.769310000000000       5.845100000000000E+053
   1.13050000000000       1.907500000000000E+054
   1.66120000000000       4.491000000000000E+054
   2.44110000000000       9.707999999999999E+054
   3.58720000000000       1.752200000000000E+055
   5.27120000000000       2.164200000000000E+055
   7.74600000000000       1.652800000000000E+055
   11.3830000000000       4.045000000000000E+054
   16.7260000000000       6.442600000000000E+052
   24.5790000000000       5.014300000000000E+049
   36.1180000000000       6.576000000000000E+045
   53.0750000000000       1.897200000000000E+031
   77.9920000000000       1.468200000000000E+032
   114.610000000000       5.330800000000000E+031
   168.410000000000      -1.367900000000000E+018
   247.480000000000       1.595400000000000E+017
