  0.100000000000000       9.895200000000000E+050
  0.242440000000000       3.385600000000000E+051
  0.356270000000000       8.559400000000000E+051
  0.523520000000000       2.247100000000000E+052
  0.769310000000000       4.140100000000000E+053
   1.13050000000000       1.326100000000000E+054
   1.66120000000000       2.979000000000000E+054
   2.44110000000000       5.967100000000000E+054
   3.58720000000000       9.317899999999999E+054
   5.27120000000000       9.221600000000000E+054
   7.74600000000000       5.651000000000000E+054
   11.3830000000000       1.051900000000000E+054
   16.7260000000000       1.468300000000000E+052
   24.5790000000000       9.806400000000000E+048
   36.1180000000000       9.875800000000000E+044
   53.0750000000000       1.518000000000000E+031
   77.9920000000000       1.622300000000000E+032
   114.610000000000       5.727200000000000E+031
   168.410000000000       1.023500000000000E+018
   247.480000000000      -9.437400000000000E+017
