  0.100000000000000       9.338100000000000E+050
  0.242440000000000       3.148600000000000E+051
  0.356270000000000       7.890500000000000E+051
  0.523520000000000       2.051700000000000E+052
  0.769310000000000       3.640300000000000E+053
   1.13050000000000       1.154300000000000E+054
   1.66120000000000       2.545800000000000E+054
   2.44110000000000       4.942100000000000E+054
   3.58720000000000       7.318200000000000E+054
   5.27120000000000       6.775300000000000E+054
   7.74600000000000       3.899800000000000E+054
   11.3830000000000       6.640500000000000E+053
   16.7260000000000       8.710799999999999E+051
   24.5790000000000       5.584100000000000E+048
   36.1180000000000       4.758200000000000E+044
   53.0750000000000       1.514400000000000E+031
   77.9920000000000       1.674000000000000E+032
   114.610000000000       5.838100000000000E+031
   168.410000000000      -1.893500000000000E+018
   247.480000000000      -8.074800000000000E+017
