  0.100000000000000       1.088500000000000E+051
  0.242440000000000       3.824500000000000E+051
  0.356270000000000       9.811100000000000E+051
  0.523520000000000       2.616400000000000E+052
  0.769310000000000       4.894600000000000E+053
   1.13050000000000       1.584900000000000E+054
   1.66120000000000       3.640900000000000E+054
   2.44110000000000       7.582000000000000E+054
   3.58720000000000       1.271200000000000E+055
   5.27120000000000       1.391900000000000E+055
   7.74600000000000       9.360100000000000E+054
   11.3830000000000       1.965400000000000E+054
   16.7260000000000       2.955500000000000E+052
   24.5790000000000       2.125200000000000E+049
   36.1180000000000       2.338600000000000E+045
   53.0750000000000       1.521200000000000E+031
   77.9920000000000       1.536400000000000E+032
   114.610000000000       5.566500000000000E+031
   168.410000000000       1.783100000000000E+018
   247.480000000000      -1.023200000000000E+018
