  0.100000000000000       2.191000000000000E+051
  0.242440000000000       9.767400000000000E+051
  0.356270000000000       2.756400000000000E+052
  0.523520000000000       7.547400000000000E+052
  0.769310000000000       9.478500000000000E+053
   1.13050000000000       3.100900000000000E+054
   1.66120000000000       7.654300000000000E+054
   2.44110000000000       1.801100000000000E+055
   3.58720000000000       3.828200000000000E+055
   5.27120000000000       6.370700000000000E+055
   7.74600000000000       7.047400000000000E+055
   11.3830000000000       2.828800000000000E+055
   16.7260000000000       4.682600000000000E+053
   24.5790000000000       4.580700000000000E+050
   36.1180000000000       9.102300000000000E+046
   53.0750000000000       8.561299999999999E+032
   77.9920000000000       1.202400000000000E+032
   114.610000000000       4.714700000000000E+031
   168.410000000000      -6.654700000000000E+016
   247.480000000000       2.273300000000000E+018
