  0.100000000000000       8.169400000000000E+050
  0.242440000000000       2.676400000000000E+051
  0.356270000000000       6.582000000000000E+051
  0.523520000000000       1.667200000000000E+052
  0.769310000000000       2.206200000000000E+053
   1.13050000000000       6.636200000000000E+053
   1.66120000000000       1.363900000000000E+054
   2.44110000000000       2.368900000000000E+054
   3.58720000000000       2.972700000000000E+054
   5.27120000000000       2.295700000000000E+054
   7.74600000000000       1.058800000000000E+054
   11.3830000000000       1.319700000000000E+053
   16.7260000000000       1.395900000000000E+051
   24.5790000000000       7.836500000000001E+047
   36.1180000000000       2.236900000000000E+043
   53.0750000000000       1.506100000000000E+031
   77.9920000000000       1.853100000000000E+032
   114.610000000000       6.302000000000000E+031
   168.410000000000      -4.473700000000000E+017
   247.480000000000       1.604500000000000E+017
