  0.100000000000000       8.359300000000000E+050
  0.242440000000000       2.751200000000000E+051
  0.356270000000000       6.786900000000000E+051
  0.523520000000000       1.726200000000000E+052
  0.769310000000000       2.516900000000000E+053
   1.13050000000000       7.691300000000000E+053
   1.66120000000000       1.609200000000000E+054
   2.44110000000000       2.867000000000000E+054
   3.58720000000000       3.722900000000000E+054
   5.27120000000000       3.004500000000000E+054
   7.74600000000000       1.496100000000000E+054
   11.3830000000000       2.031800000000000E+053
   16.7260000000000       2.235300000000000E+051
   24.5790000000000       1.296400000000000E+048
   36.1180000000000       6.491000000000000E+043
   53.0750000000000       1.506500000000000E+031
   77.9920000000000       1.809600000000000E+032
   114.610000000000       6.160500000000000E+031
   168.410000000000      -5.424400000000000E+016
   247.480000000000      -1.901100000000000E+018
