  0.100000000000000       1.217400000000000E+051
  0.242440000000000       4.426000000000000E+051
  0.356270000000000       1.154600000000000E+052
  0.523520000000000       3.121300000000000E+052
  0.769310000000000       5.695400000000000E+053
   1.13050000000000       1.857600000000000E+054
   1.66120000000000       4.353400000000000E+054
   2.44110000000000       9.367900000000000E+054
   3.58720000000000       1.672900000000000E+055
   5.27120000000000       2.029300000000000E+055
   7.74600000000000       1.517800000000000E+055
   11.3830000000000       3.624600000000000E+054
   16.7260000000000       5.736800000000000E+052
   24.5790000000000       4.409000000000000E+049
   36.1180000000000       5.599400000000000E+045
   53.0750000000000       1.721900000000000E+031
   77.9920000000000       1.470200000000000E+032
   114.610000000000       5.379100000000000E+031
   168.410000000000      -2.867500000000000E+017
   247.480000000000      -2.166800000000000E+017
