  0.100000000000000       8.429899999999999E+050
  0.242440000000000       2.779500000000000E+051
  0.356270000000000       6.864999999999999E+051
  0.523520000000000       1.749400000000000E+052
  0.769310000000000       2.621400000000000E+053
   1.13050000000000       8.045200000000000E+053
   1.66120000000000       1.692200000000000E+054
   2.44110000000000       3.040600000000000E+054
   3.58720000000000       3.999400000000000E+054
   5.27120000000000       3.274900000000000E+054
   7.74600000000000       1.661500000000000E+054
   11.3830000000000       2.320600000000000E+053
   16.7260000000000       2.608700000000000E+051
   24.5790000000000       1.520200000000000E+048
   36.1180000000000       8.213500000000000E+043
   53.0750000000000       1.507200000000000E+031
   77.9920000000000       1.794800000000000E+032
   114.610000000000       6.117600000000000E+031
   168.410000000000      -2.985000000000000E+017
   247.480000000000       1.549800000000000E+018
