  0.100000000000000       8.768400000000001E+050
  0.242440000000000       2.915000000000000E+051
  0.356270000000000       7.238700000000000E+051
  0.523520000000000       1.859300000000000E+052
  0.769310000000000       3.042700000000000E+053
   1.13050000000000       9.489000000000000E+053
   1.66120000000000       2.036900000000000E+054
   2.44110000000000       3.787000000000000E+054
   3.58720000000000       5.243500000000000E+054
   5.27120000000000       4.528500000000000E+054
   7.74600000000000       2.434500000000000E+054
   11.3830000000000       3.714800000000000E+053
   16.7260000000000       4.504800000000000E+051
   24.5790000000000       2.719600000000000E+048
   36.1180000000000       1.807400000000000E+044
   53.0750000000000       1.510200000000000E+031
   77.9920000000000       1.741400000000000E+032
   114.610000000000       5.978100000000000E+031
   168.410000000000       2.760200000000000E+017
   247.480000000000      -5.909100000000000E+017
