  0.100000000000000       9.512200000000000E+050
  0.242440000000000       3.221700000000000E+051
  0.356270000000000       8.096900000000000E+051
  0.523520000000000       2.111800000000000E+052
  0.769310000000000       3.804500000000000E+053
   1.13050000000000       1.210600000000000E+054
   1.66120000000000       2.687600000000000E+054
   2.44110000000000       5.274900000000000E+054
   3.58720000000000       7.952100000000000E+054
   5.27120000000000       7.521600000000001E+054
   7.74600000000000       4.419100000000000E+054
   11.3830000000000       7.751400000000001E+053
   16.7260000000000       1.037100000000000E+052
   24.5790000000000       6.733999999999999E+048
   36.1180000000000       6.120100000000000E+044
   53.0750000000000       1.515700000000000E+031
   77.9920000000000       1.656800000000000E+032
   114.610000000000       5.800800000000000E+031
   168.410000000000       4.725000000000000E+017
   247.480000000000      -2.178700000000000E+017
