  0.100000000000000       9.648400000000001E+050
  0.242440000000000       3.279800000000000E+051
  0.356270000000000       8.260100000000000E+051
  0.523520000000000       2.159300000000000E+052
  0.769310000000000       3.927600000000000E+053
   1.13050000000000       1.252800000000000E+054
   1.66120000000000       2.794300000000000E+054
   2.44110000000000       5.527000000000000E+054
   3.58720000000000       8.442100000000000E+054
   5.27120000000000       8.118000000000000E+054
   7.74600000000000       4.844400000000000E+054
   11.3830000000000       8.687200000000000E+053
   16.7260000000000       1.179600000000000E+052
   24.5790000000000       7.732000000000000E+048
   36.1180000000000       7.351899999999999E+044
   53.0750000000000       1.516600000000000E+031
   77.9920000000000       1.644100000000000E+032
   114.610000000000       5.773600000000000E+031
   168.410000000000      -6.351700000000000E+016
   247.480000000000      -9.398700000000000E+017
