  0.100000000000000       1.118600000000000E+051
  0.242440000000000       3.962100000000000E+051
  0.356270000000000       1.020600000000000E+052
  0.523520000000000       2.732000000000000E+052
  0.769310000000000       5.097800000000000E+053
   1.13050000000000       1.654500000000000E+054
   1.66120000000000       3.819500000000000E+054
   2.44110000000000       8.027600000000000E+054
   3.58720000000000       1.369300000000000E+055
   5.27120000000000       1.540100000000000E+055
   7.74600000000000       1.062300000000000E+055
   11.3830000000000       2.304800000000000E+054
   16.7260000000000       3.517600000000000E+052
   24.5790000000000       2.568300000000000E+049
   36.1180000000000       2.916100000000000E+045
   53.0750000000000       1.522200000000000E+031
   77.9920000000000       1.514900000000000E+032
   114.610000000000       5.523700000000000E+031
   168.410000000000       8.570000000000000E+017
   247.480000000000       1.326700000000000E+018
