  0.100000000000000       8.458800000000001E+050
  0.242440000000000       2.791200000000000E+051
  0.356270000000000       6.897400000000000E+051
  0.523520000000000       1.759100000000000E+052
  0.769310000000000       2.663000000000000E+053
   1.13050000000000       8.186700000000001E+053
   1.66120000000000       1.725500000000000E+054
   2.44110000000000       3.111000000000000E+054
   3.58720000000000       4.113000000000000E+054
   5.27120000000000       3.387100000000000E+054
   7.74600000000000       1.730000000000000E+054
   11.3830000000000       2.441600000000000E+053
   16.7260000000000       2.770800000000000E+051
   24.5790000000000       1.616500000000000E+048
   36.1180000000000       8.943100000000001E+043
   53.0750000000000       1.507500000000000E+031
   77.9920000000000       1.788900000000000E+032
   114.610000000000       6.101500000000000E+031
   168.410000000000       1.215800000000000E+017
   247.480000000000      -1.101500000000000E+018
