  0.100000000000000       8.397299999999999E+050
  0.242440000000000       2.766400000000000E+051
  0.356270000000000       6.829000000000000E+051
  0.523520000000000       1.738700000000000E+052
  0.769310000000000       2.574100000000000E+053
   1.13050000000000       7.884800000000000E+053
   1.66120000000000       1.654500000000000E+054
   2.44110000000000       2.961600000000000E+054
   3.58720000000000       3.872700000000000E+054
   5.27120000000000       3.150500000000000E+054
   7.74600000000000       1.585400000000000E+054
   11.3830000000000       2.186200000000000E+053
   16.7260000000000       2.432200000000000E+051
   24.5790000000000       1.415300000000000E+048
   36.1180000000000       7.412400000000000E+043
   53.0750000000000       1.506900000000000E+031
   77.9920000000000       1.801500000000000E+032
   114.610000000000       6.136800000000000E+031
   168.410000000000       1.173900000000000E+017
   247.480000000000      -4.967100000000000E+017
