  0.100000000000000       8.079500000000000E+050
  0.242440000000000       2.648800000000000E+051
  0.356270000000000       6.514900000000000E+051
  0.523520000000000       1.652200000000000E+052
  0.769310000000000       2.174700000000000E+053
   1.13050000000000       6.528400000000000E+053
   1.66120000000000       1.338400000000000E+054
   2.44110000000000       2.318500000000000E+054
   3.58720000000000       2.904000000000000E+054
   5.27120000000000       2.222300000000000E+054
   7.74600000000000       1.005300000000000E+054
   11.3830000000000       1.265200000000000E+053
   16.7260000000000       1.386900000000000E+051
   24.5790000000000       7.699799999999999E+047
   36.1180000000000       5.325700000000000E+042
   53.0750000000000       1.515000000000000E+031
   77.9920000000000       1.866300000000000E+032
   114.610000000000       6.325700000000000E+031
   168.410000000000       1.375000000000000E+026
   247.480000000000       3.071300000000000E+017
