  0.100000000000000       1.023300000000000E+051
  0.242440000000000       3.532300000000000E+051
  0.356270000000000       8.975100000000000E+051
  0.523520000000000       2.369500000000000E+052
  0.769310000000000       4.410200000000000E+053
   1.13050000000000       1.418900000000000E+054
   1.66120000000000       3.215300000000000E+054
   2.44110000000000       6.537100000000000E+054
   3.58720000000000       1.048600000000000E+055
   5.27120000000000       1.076200000000000E+055
   7.74600000000000       6.816300000000000E+054
   11.3830000000000       1.325500000000000E+054
   16.7260000000000       1.912800000000000E+052
   24.5790000000000       1.315100000000000E+049
   36.1180000000000       1.369800000000000E+045
   53.0750000000000       1.519300000000000E+031
   77.9920000000000       1.591400000000000E+032
   114.610000000000       5.668800000000000E+031
   168.410000000000      -1.750700000000000E+017
   247.480000000000      -2.168400000000000E+017
