  0.100000000000000       1.036900000000000E+051
  0.242440000000000       3.592300000000000E+051
  0.356270000000000       9.146100000000000E+051
  0.523520000000000       2.419900000000000E+052
  0.769310000000000       4.514900000000000E+053
   1.13050000000000       1.454900000000000E+054
   1.66120000000000       3.307100000000000E+054
   2.44110000000000       6.760900000000000E+054
   3.58720000000000       1.095300000000000E+055
   5.27120000000000       1.140100000000000E+055
   7.74600000000000       7.314600000000000E+054
   11.3830000000000       1.445900000000000E+054
   16.7260000000000       2.108500000000000E+052
   24.5790000000000       1.466200000000000E+049
   36.1180000000000       1.543200000000000E+045
   53.0750000000000       1.519800000000000E+031
   77.9920000000000       1.579200000000000E+032
   114.610000000000       5.647100000000000E+031
   168.410000000000       2.888700000000000E+017
   247.480000000000      -6.691300000000000E+017
