  0.100000000000000       8.873999999999999E+050
  0.242440000000000       2.957400000000000E+051
  0.356270000000000       7.355800000000000E+051
  0.523520000000000       1.893500000000000E+052
  0.769310000000000       3.157800000000000E+053
   1.13050000000000       9.893999999999999E+053
   1.66120000000000       2.134400000000000E+054
   2.44110000000000       4.000600000000000E+054
   3.58720000000000       5.618200000000000E+054
   5.27120000000000       4.917200000000000E+054
   7.74600000000000       2.679300000000000E+054
   11.3830000000000       4.176600000000000E+053
   16.7260000000000       5.147500000000000E+051
   24.5790000000000       3.149900000000000E+048
   36.1180000000000       2.203400000000000E+044
   53.0750000000000       1.510900000000000E+031
   77.9920000000000       1.727800000000000E+032
   114.610000000000       5.948900000000000E+031
   168.410000000000      -6.402700000000000E+017
   247.480000000000       3.511800000000000E+017
