  0.100000000000000       1.051100000000000E+051
  0.242440000000000       3.655600000000000E+051
  0.356270000000000       9.327400000000000E+051
  0.523520000000000       2.473600000000000E+052
  0.769310000000000       4.622900000000000E+053
   1.13050000000000       1.492000000000000E+054
   1.66120000000000       3.402000000000000E+054
   2.44110000000000       6.992900000000000E+054
   3.58720000000000       1.144300000000000E+055
   5.27120000000000       1.208500000000000E+055
   7.74600000000000       7.857500000000001E+054
   11.3830000000000       1.579900000000000E+054
   16.7260000000000       2.326400000000000E+052
   24.5790000000000       1.635400000000000E+049
   36.1180000000000       1.740400000000000E+045
   53.0750000000000       1.520100000000000E+031
   77.9920000000000       1.566800000000000E+032
   114.610000000000       5.624500000000000E+031
   168.410000000000       2.132400000000000E+018
   247.480000000000      -7.935600000000000E+017
