  0.100000000000000       9.781600000000000E+050
  0.242440000000000       3.336800000000000E+051
  0.356270000000000       8.421000000000000E+051
  0.523520000000000       2.206300000000000E+052
  0.769310000000000       4.043600000000000E+053
   1.13050000000000       1.292800000000000E+054
   1.66120000000000       2.895100000000000E+054
   2.44110000000000       5.766800000000000E+054
   3.58720000000000       8.916200000000000E+054
   5.27120000000000       8.710000000000001E+054
   7.74600000000000       5.274000000000000E+054
   11.3830000000000       9.654000000000000E+053
   16.7260000000000       1.330500000000000E+052
   24.5790000000000       8.806400000000001E+048
   36.1180000000000       8.679200000000001E+044
   53.0750000000000       1.517500000000000E+031
   77.9920000000000       1.632300000000000E+032
   114.610000000000       5.748400000000000E+031
   168.410000000000       5.772700000000000E+017
   247.480000000000      -8.157400000000000E+017
