  0.100000000000000       2.534300000000000E+051
  0.242440000000000       1.183600000000000E+052
  0.356270000000000       3.389000000000000E+052
  0.523520000000000       9.341500000000000E+052
  0.769310000000000       1.045300000000000E+054
   1.13050000000000       3.405800000000000E+054
   1.66120000000000       8.441100000000000E+054
   2.44110000000000       2.024600000000000E+055
   3.58720000000000       4.382300000000000E+055
   5.27120000000000       7.588700000000000E+055
   7.74600000000000       8.844600000000000E+055
   11.3830000000000       3.904100000000000E+055
   16.7260000000000       6.584900000000000E+053
   24.5790000000000       6.717200000000000E+050
   36.1180000000000       1.318500000000000E+047
   53.0750000000000       1.747700000000000E+033
   77.9920000000000       1.178400000000000E+032
   114.610000000000       4.659100000000000E+031
   168.410000000000       5.803400000000000E+017
   247.480000000000       1.212500000000000E+018
