  0.100000000000000       9.269800000000001E+050
  0.242440000000000       3.120100000000000E+051
  0.356270000000000       7.810200000000000E+051
  0.523520000000000       2.028100000000000E+052
  0.769310000000000       3.573200000000000E+053
   1.13050000000000       1.131300000000000E+054
   1.66120000000000       2.488000000000000E+054
   2.44110000000000       4.807800000000000E+054
   3.58720000000000       7.067400000000000E+054
   5.27120000000000       6.488500000000000E+054
   7.74600000000000       3.704300000000000E+054
   11.3830000000000       6.230200000000000E+053
   16.7260000000000       8.105300000000000E+051
   24.5790000000000       5.167200000000000E+048
   36.1180000000000       4.287300000000000E+044
   53.0750000000000       1.513900000000000E+031
   77.9920000000000       1.681300000000000E+032
   114.610000000000       5.853200000000000E+031
   168.410000000000      -6.326300000000000E+016
   247.480000000000       5.160500000000000E+017
