  0.100000000000000       9.708400000000000E+050
  0.242440000000000       3.305300000000000E+051
  0.356270000000000       8.332400000000000E+051
  0.523520000000000       2.180400000000000E+052
  0.769310000000000       3.980300000000000E+053
   1.13050000000000       1.271000000000000E+054
   1.66120000000000       2.840000000000000E+054
   2.44110000000000       5.635600000000000E+054
   3.58720000000000       8.655800000000001E+054
   5.27120000000000       8.383100000000000E+054
   7.74600000000000       5.036000000000000E+054
   11.3830000000000       9.115800000000000E+053
   16.7260000000000       1.246100000000000E+052
   24.5790000000000       8.202700000000000E+048
   36.1180000000000       7.936200000000000E+044
   53.0750000000000       1.517000000000000E+031
   77.9920000000000       1.638800000000000E+032
   114.610000000000       5.762000000000000E+031
   168.410000000000       1.264700000000000E+018
   247.480000000000      -1.642300000000000E+017
