  0.100000000000000       8.243200000000001E+050
  0.242440000000000       2.704500000000000E+051
  0.356270000000000       6.658000000000000E+051
  0.523520000000000       1.688100000000000E+052
  0.769310000000000       2.320200000000000E+053
   1.13050000000000       7.025300000000000E+053
   1.66120000000000       1.454500000000000E+054
   2.44110000000000       2.551500000000000E+054
   3.58720000000000       3.242800000000000E+054
   5.27120000000000       2.549700000000000E+054
   7.74600000000000       1.216600000000000E+054
   11.3830000000000       1.560800000000000E+053
   16.7260000000000       1.646500000000000E+051
   24.5790000000000       9.350699999999999E+047
   36.1180000000000       3.569900000000000E+043
   53.0750000000000       1.505300000000000E+031
   77.9920000000000       1.837200000000000E+032
   114.610000000000       6.246600000000000E+031
   168.410000000000      -4.134000000000000E+017
   247.480000000000       6.576800000000000E+017
