  0.100000000000000       1.107800000000000E+051
  0.242440000000000       3.912800000000000E+051
  0.356270000000000       1.006500000000000E+052
  0.523520000000000       2.690600000000000E+052
  0.769310000000000       5.026800000000000E+053
   1.13050000000000       1.630300000000000E+054
   1.66120000000000       3.757300000000000E+054
   2.44110000000000       7.871800000000000E+054
   3.58720000000000       1.334800000000000E+055
   5.27120000000000       1.487300000000000E+055
   7.74600000000000       1.016800000000000E+055
   11.3830000000000       2.181000000000000E+054
   16.7260000000000       3.311200000000000E+052
   24.5790000000000       2.404800000000000E+049
   36.1180000000000       2.698400000000000E+045
   53.0750000000000       1.521700000000000E+031
   77.9920000000000       1.522000000000000E+032
   114.610000000000       5.538300000000000E+031
   168.410000000000      -1.598000000000000E+018
   247.480000000000       8.966000000000000E+017
