  0.100000000000000       1.412800000000000E+051
  0.242440000000000       5.400000000000000E+051
  0.356270000000000       1.440000000000000E+052
  0.523520000000000       3.930300000000000E+052
  0.769310000000000       6.692500000000000E+053
   1.13050000000000       2.196800000000000E+054
   1.66120000000000       5.233700000000000E+054
   2.44110000000000       1.165300000000000E+055
   3.58720000000000       2.218500000000000E+055
   5.27120000000000       3.011800000000000E+055
   7.74600000000000       2.558300000000000E+055
   11.3830000000000       7.142700000000001E+054
   16.7260000000000       1.167200000000000E+053
   24.5790000000000       9.654200000000000E+049
   36.1180000000000       1.487900000000000E+046
   53.0750000000000       5.094800000000000E+031
   77.9920000000000       1.395500000000000E+032
   114.610000000000       5.114200000000000E+031
   168.410000000000      -7.569300000000000E+017
   247.480000000000      -6.013100000000000E+017
