  0.100000000000000       8.126900000000000E+050
  0.242440000000000       2.662600000000000E+051
  0.356270000000000       6.547300000000000E+051
  0.523520000000000       1.658400000000000E+052
  0.769310000000000       2.174200000000000E+053
   1.13050000000000       6.525300000000000E+053
   1.66120000000000       1.338200000000000E+054
   2.44110000000000       2.318100000000000E+054
   3.58720000000000       2.901400000000000E+054
   5.27120000000000       2.227100000000000E+054
   7.74600000000000       1.012300000000000E+054
   11.3830000000000       1.257500000000000E+053
   16.7260000000000       1.345400000000000E+051
   24.5790000000000       7.616500000000000E+047
   36.1180000000000       1.319200000000000E+043
   53.0750000000000       1.510200000000000E+031
   77.9920000000000       1.860300000000000E+032
   114.610000000000       6.320100000000000E+031
   168.410000000000      -8.167900000000000E+017
   247.480000000000       4.377400000000000E+017
