  0.100000000000000       9.393099999999999E+050
  0.242440000000000       3.171500000000000E+051
  0.356270000000000       7.955400000000000E+051
  0.523520000000000       2.070600000000000E+052
  0.769310000000000       3.693100000000000E+053
   1.13050000000000       1.172500000000000E+054
   1.66120000000000       2.591300000000000E+054
   2.44110000000000       5.048500000000000E+054
   3.58720000000000       7.519000000000000E+054
   5.27120000000000       7.008600000000000E+054
   7.74600000000000       4.060500000000000E+054
   11.3830000000000       6.980900000000000E+053
   16.7260000000000       9.217100000000000E+051
   24.5790000000000       5.933700000000001E+048
   36.1180000000000       5.162300000000000E+044
   53.0750000000000       1.514900000000000E+031
   77.9920000000000       1.668300000000000E+032
   114.610000000000       5.826000000000000E+031
   168.410000000000       7.518600000000000E+017
   247.480000000000      -1.116400000000000E+018
