  0.100000000000000       8.575399999999999E+050
  0.242440000000000       2.838100000000000E+051
  0.356270000000000       7.026399999999999E+051
  0.523520000000000       1.797100000000000E+052
  0.769310000000000       2.817000000000000E+053
   1.13050000000000       8.711199999999999E+053
   1.66120000000000       1.850300000000000E+054
   2.44110000000000       3.378500000000000E+054
   3.58720000000000       4.552600000000000E+054
   5.27120000000000       3.825100000000000E+054
   7.74600000000000       1.998100000000000E+054
   11.3830000000000       2.919100000000000E+053
   16.7260000000000       3.415800000000000E+051
   24.5790000000000       2.012100000000000E+048
   36.1180000000000       1.204800000000000E+044
   53.0750000000000       1.508700000000000E+031
   77.9920000000000       1.768900000000000E+032
   114.610000000000       6.046100000000000E+031
   168.410000000000      -1.378100000000000E+018
   247.480000000000       6.787000000000000E+017
