  0.100000000000000       9.764700000000000E+050
  0.242440000000000       3.329400000000000E+051
  0.356270000000000       8.400599999999999E+051
  0.523520000000000       2.200300000000000E+052
  0.769310000000000       4.029200000000000E+053
   1.13050000000000       1.287900000000000E+054
   1.66120000000000       2.882500000000000E+054
   2.44110000000000       5.737000000000000E+054
   3.58720000000000       8.856700000000000E+054
   5.27120000000000       8.634700000000000E+054
   7.74600000000000       5.219000000000000E+054
   11.3830000000000       9.529200000000000E+053
   16.7260000000000       1.310800000000000E+052
   24.5790000000000       8.665300000000000E+048
   36.1180000000000       8.506400000000000E+044
   53.0750000000000       1.517400000000000E+031
   77.9920000000000       1.633800000000000E+032
   114.610000000000       5.751400000000000E+031
   168.410000000000       2.272600000000000E+017
   247.480000000000      -1.752100000000000E+018
