  0.100000000000000       1.376800000000000E+051
  0.242440000000000       5.215200000000000E+051
  0.356270000000000       1.385500000000000E+052
  0.523520000000000       3.777400000000000E+052
  0.769310000000000       6.522700000000000E+053
   1.13050000000000       2.139900000000000E+054
   1.66120000000000       5.084900000000000E+054
   2.44110000000000       1.126200000000000E+055
   3.58720000000000       2.122900000000000E+055
   5.27120000000000       2.830800000000000E+055
   7.74600000000000       2.355500000000000E+055
   11.3830000000000       6.416899999999999E+054
   16.7260000000000       1.044400000000000E+053
   24.5790000000000       8.531600000000000E+049
   36.1180000000000       1.274500000000000E+046
   53.0750000000000       4.386400000000000E+031
   77.9920000000000       1.421200000000000E+032
   114.610000000000       5.161000000000000E+031
   168.410000000000       1.142300000000000E+017
   247.480000000000      -1.118500000000000E+018
