  0.100000000000000       1.852000000000000E+051
  0.242440000000000       7.794700000000000E+051
  0.356270000000000       2.156800000000000E+052
  0.523520000000000       5.920200000000000E+052
  0.769310000000000       8.413600000000000E+053
   1.13050000000000       2.763000000000000E+054
   1.66120000000000       6.744100000000000E+054
   2.44110000000000       1.561200000000000E+055
   3.58720000000000       3.213200000000000E+055
   5.27120000000000       5.041100000000000E+055
   7.74600000000000       5.139900000000000E+055
   11.3830000000000       1.814900000000000E+055
   16.7260000000000       3.016100000000000E+053
   24.5790000000000       2.782300000000000E+050
   36.1180000000000       5.256300000000000E+046
   53.0750000000000       3.051700000000000E+032
   77.9920000000000       1.242600000000000E+032
   114.610000000000       4.793300000000000E+031
   168.410000000000      -5.048300000000000E+017
   247.480000000000      -2.891400000000000E+017
