  0.100000000000000       9.101000000000000E+050
  0.242440000000000       3.049800000000000E+051
  0.356270000000000       7.613500000000000E+051
  0.523520000000000       1.969800000000000E+052
  0.769310000000000       3.399300000000000E+053
   1.13050000000000       1.071400000000000E+054
   1.66120000000000       2.339100000000000E+054
   2.44110000000000       4.464600000000000E+054
   3.58720000000000       6.440299999999999E+054
   5.27120000000000       5.792300000000000E+054
   7.74600000000000       3.240900000000000E+054
   11.3830000000000       5.281200000000000E+053
   16.7260000000000       6.727700000000000E+051
   24.5790000000000       4.222000000000000E+048
   36.1180000000000       3.266400000000000E+044
   53.0750000000000       1.512500000000000E+031
   77.9920000000000       1.700500000000000E+032
   114.610000000000       5.893500000000000E+031
   168.410000000000       9.192600000000000E+017
   247.480000000000      -2.925300000000000E+017
