  0.100000000000000       1.018200000000000E+051
  0.242440000000000       3.509900000000000E+051
  0.356270000000000       8.911900000000000E+051
  0.523520000000000       2.350900000000000E+052
  0.769310000000000       4.370800000000000E+053
   1.13050000000000       1.405300000000000E+054
   1.66120000000000       3.180700000000000E+054
   2.44110000000000       6.453200000000000E+054
   3.58720000000000       1.031100000000000E+055
   5.27120000000000       1.052700000000000E+055
   7.74600000000000       6.635200000000000E+054
   11.3830000000000       1.282400000000000E+054
   16.7260000000000       1.842600000000000E+052
   24.5790000000000       1.261200000000000E+049
   36.1180000000000       1.308500000000000E+045
   53.0750000000000       1.519200000000000E+031
   77.9920000000000       1.596100000000000E+032
   114.610000000000       5.677400000000000E+031
   168.410000000000      -1.843000000000000E+018
   247.480000000000      -2.383500000000000E+017
