  0.100000000000000       1.722700000000000E+051
  0.242440000000000       7.064300000000000E+051
  0.356270000000000       1.936400000000000E+052
  0.523520000000000       5.313900000000000E+052
  0.769310000000000       7.960300000000001E+053
   1.13050000000000       2.615800000000000E+054
   1.66120000000000       6.349699999999999E+054
   2.44110000000000       1.457400000000000E+055
   3.58720000000000       2.948700000000000E+055
   5.27120000000000       4.480200000000000E+055
   7.74600000000000       4.375300000000000E+055
   11.3830000000000       1.454500000000000E+055
   16.7260000000000       2.410400000000000E+053
   24.5790000000000       2.170100000000000E+050
   36.1180000000000       3.955300000000000E+046
   53.0750000000000       1.865400000000000E+032
   77.9920000000000       1.257600000000000E+032
   114.610000000000       4.861700000000000E+031
   168.410000000000      -1.204800000000000E+018
   247.480000000000       8.652100000000000E+017
