  0.100000000000000       8.194499999999999E+050
  0.242440000000000       2.685500000000000E+051
  0.356270000000000       6.606200000000000E+051
  0.523520000000000       1.673500000000000E+052
  0.769310000000000       2.239400000000000E+053
   1.13050000000000       6.749500000000000E+053
   1.66120000000000       1.390300000000000E+054
   2.44110000000000       2.421900000000000E+054
   3.58720000000000       3.049600000000000E+054
   5.27120000000000       2.367900000000000E+054
   7.74600000000000       1.103900000000000E+054
   11.3830000000000       1.383400000000000E+053
   16.7260000000000       1.454300000000000E+051
   24.5790000000000       8.192400000000000E+047
   36.1180000000000       2.579200000000000E+043
   53.0750000000000       1.505200000000000E+031
   77.9920000000000       1.848700000000000E+032
   114.610000000000       6.285900000000000E+031
   168.410000000000      -1.760800000000000E+017
   247.480000000000      -6.508700000000000E+017
