  0.100000000000000       9.793200000000000E+050
  0.242440000000000       3.341800000000000E+051
  0.356270000000000       8.435300000000000E+051
  0.523520000000000       2.210500000000000E+052
  0.769310000000000       4.053800000000000E+053
   1.13050000000000       1.296300000000000E+054
   1.66120000000000       2.903900000000000E+054
   2.44110000000000       5.787900000000000E+054
   3.58720000000000       8.958100000000001E+054
   5.27120000000000       8.762800000000000E+054
   7.74600000000000       5.312700000000000E+054
   11.3830000000000       9.742200000000001E+053
   16.7260000000000       1.344400000000000E+052
   24.5790000000000       8.906499999999999E+048
   36.1180000000000       8.801100000000001E+044
   53.0750000000000       1.517600000000000E+031
   77.9920000000000       1.631300000000000E+032
   114.610000000000       5.745900000000000E+031
   168.410000000000       4.093900000000000E+017
   247.480000000000       9.602900000000000E+017
