  0.100000000000000       2.462200000000000E+051
  0.242440000000000       1.139800000000000E+052
  0.356270000000000       3.254400000000000E+052
  0.523520000000000       8.971500000000000E+052
  0.769310000000000       1.025500000000000E+054
   1.13050000000000       3.343700000000000E+054
   1.66120000000000       8.279500000000000E+054
   2.44110000000000       1.980000000000000E+055
   3.58720000000000       4.270900000000000E+055
   5.27120000000000       7.341500000000000E+055
   7.74600000000000       8.473200000000000E+055
   11.3830000000000       3.680200000000000E+055
   16.7260000000000       6.190500000000000E+053
   24.5790000000000       6.262900000000000E+050
   36.1180000000000       1.225100000000000E+047
   53.0750000000000       1.590600000000000E+033
   77.9920000000000       1.183100000000000E+032
   114.610000000000       4.677200000000000E+031
   168.410000000000      -1.484700000000000E+018
   247.480000000000      -4.518000000000000E+017
