  0.100000000000000       1.003000000000000E+051
  0.242440000000000       3.443700000000000E+051
  0.356270000000000       8.724100000000000E+051
  0.523520000000000       2.295500000000000E+052
  0.769310000000000       4.250300000000000E+053
   1.13050000000000       1.364000000000000E+054
   1.66120000000000       3.075300000000000E+054
   2.44110000000000       6.198200000000000E+054
   3.58720000000000       9.786800000000000E+054
   5.27120000000000       9.830600000000000E+054
   7.74600000000000       6.105800000000000E+054
   11.3830000000000       1.157600000000000E+054
   16.7260000000000       1.639500000000000E+052
   24.5790000000000       1.107500000000000E+049
   36.1180000000000       1.133800000000000E+045
   53.0750000000000       1.518700000000000E+031
   77.9920000000000       1.610100000000000E+032
   114.610000000000       5.703000000000000E+031
   168.410000000000      -1.803300000000000E+017
   247.480000000000       2.959100000000000E+017
