  0.100000000000000       9.406400000000000E+050
  0.242440000000000       3.177200000000000E+051
  0.356270000000000       7.971200000000000E+051
  0.523520000000000       2.075200000000000E+052
  0.769310000000000       3.705800000000000E+053
   1.13050000000000       1.176800000000000E+054
   1.66120000000000       2.602200000000000E+054
   2.44110000000000       5.074100000000000E+054
   3.58720000000000       7.567800000000000E+054
   5.27120000000000       7.065500000000000E+054
   7.74600000000000       4.100000000000000E+054
   11.3830000000000       7.065100000000000E+053
   16.7260000000000       9.342400000000000E+051
   24.5790000000000       6.020299999999999E+048
   36.1180000000000       5.264000000000000E+044
   53.0750000000000       1.515000000000000E+031
   77.9920000000000       1.667000000000000E+032
   114.610000000000       5.822900000000000E+031
   168.410000000000       4.486400000000000E+017
   247.480000000000       6.624700000000000E+017
