  0.100000000000000       8.446600000000000E+050
  0.242440000000000       2.786400000000000E+051
  0.356270000000000       6.883800000000000E+051
  0.523520000000000       1.755000000000000E+052
  0.769310000000000       2.645700000000000E+053
   1.13050000000000       8.127899999999999E+053
   1.66120000000000       1.711700000000000E+054
   2.44110000000000       3.081700000000000E+054
   3.58720000000000       4.065600000000000E+054
   5.27120000000000       3.340200000000000E+054
   7.74600000000000       1.701300000000000E+054
   11.3830000000000       2.391000000000000E+053
   16.7260000000000       2.703000000000000E+051
   24.5790000000000       1.576100000000000E+048
   36.1180000000000       8.636000000000000E+043
   53.0750000000000       1.507400000000000E+031
   77.9920000000000       1.791400000000000E+032
   114.610000000000       6.108100000000000E+031
   168.410000000000       7.524400000000000E+017
   247.480000000000       1.161200000000000E+018
