  0.100000000000000       1.047100000000000E+051
  0.242440000000000       3.637800000000000E+051
  0.356270000000000       9.276000000000000E+051
  0.523520000000000       2.458400000000000E+052
  0.769310000000000       4.592600000000000E+053
   1.13050000000000       1.481600000000000E+054
   1.66120000000000       3.375400000000000E+054
   2.44110000000000       6.927600000000000E+054
   3.58720000000000       1.130500000000000E+055
   5.27120000000000       1.189000000000000E+055
   7.74600000000000       7.701700000000000E+054
   11.3830000000000       1.541300000000000E+054
   16.7260000000000       2.263600000000000E+052
   24.5790000000000       1.586600000000000E+049
   36.1180000000000       1.683100000000000E+045
   53.0750000000000       1.520000000000000E+031
   77.9920000000000       1.570200000000000E+032
   114.610000000000       5.631000000000000E+031
   168.410000000000      -6.395200000000000E+017
   247.480000000000       3.523400000000000E+017
