  0.100000000000000       8.785899999999999E+050
  0.242440000000000       2.921900000000000E+051
  0.356270000000000       7.258000000000000E+051
  0.523520000000000       1.865000000000000E+052
  0.769310000000000       3.062100000000000E+053
   1.13050000000000       9.557399999999999E+053
   1.66120000000000       2.053400000000000E+054
   2.44110000000000       3.822700000000000E+054
   3.58720000000000       5.305500000000000E+054
   5.27120000000000       4.592400000000000E+054
   7.74600000000000       2.474600000000000E+054
   11.3830000000000       3.789700000000000E+053
   16.7260000000000       4.608400000000000E+051
   24.5790000000000       2.788400000000000E+048
   36.1180000000000       1.869300000000000E+044
   53.0750000000000       1.510300000000000E+031
   77.9920000000000       1.739100000000000E+032
   114.610000000000       5.972600000000000E+031
   168.410000000000       1.025700000000000E+018
   247.480000000000      -1.901300000000000E+018
