  0.100000000000000       8.672100000000000E+050
  0.242440000000000       2.876400000000000E+051
  0.356270000000000       7.132399999999999E+051
  0.523520000000000       1.828200000000000E+052
  0.769310000000000       2.933000000000000E+053
   1.13050000000000       9.108500000000000E+053
   1.66120000000000       1.945400000000000E+054
   2.44110000000000       3.585700000000000E+054
   3.58720000000000       4.900200000000000E+054
   5.27120000000000       4.176600000000000E+054
   7.74600000000000       2.215100000000000E+054
   11.3830000000000       3.310500000000000E+053
   16.7260000000000       3.949100000000000E+051
   24.5790000000000       2.355300000000000E+048
   36.1180000000000       1.488500000000000E+044
   53.0750000000000       1.509400000000000E+031
   77.9920000000000       1.754600000000000E+032
   114.610000000000       6.008800000000000E+031
   168.410000000000       9.140800000000000E+017
   247.480000000000       2.655500000000000E+018
