  0.100000000000000       8.479900000000000E+050
  0.242440000000000       2.799800000000000E+051
  0.356270000000000       6.920900000000001E+051
  0.523520000000000       1.766000000000000E+052
  0.769310000000000       2.692600000000000E+053
   1.13050000000000       8.286800000000000E+053
   1.66120000000000       1.749300000000000E+054
   2.44110000000000       3.161700000000000E+054
   3.58720000000000       4.195300000000000E+054
   5.27120000000000       3.468700000000000E+054
   7.74600000000000       1.779700000000000E+054
   11.3830000000000       2.529400000000000E+053
   16.7260000000000       2.888400000000000E+051
   24.5790000000000       1.687000000000000E+048
   36.1180000000000       9.485000000000000E+043
   53.0750000000000       1.507700000000000E+031
   77.9920000000000       1.784900000000000E+032
   114.610000000000       6.090400000000000E+031
   168.410000000000      -8.733500000000000E+015
   247.480000000000       3.673200000000000E+017
