  0.100000000000000       9.822399999999999E+050
  0.242440000000000       3.354100000000000E+051
  0.356270000000000       8.470600000000000E+051
  0.523520000000000       2.220800000000000E+052
  0.769310000000000       4.078600000000000E+053
   1.13050000000000       1.304900000000000E+054
   1.66120000000000       2.925500000000000E+054
   2.44110000000000       5.839400000000000E+054
   3.58720000000000       9.060900000000001E+054
   5.27120000000000       8.893100000000000E+054
   7.74600000000000       5.408500000000000E+054
   11.3830000000000       9.960800000000001E+053
   16.7260000000000       1.379100000000000E+052
   24.5790000000000       9.156900000000000E+048
   36.1180000000000       9.104000000000000E+044
   53.0750000000000       1.517700000000000E+031
   77.9920000000000       1.628800000000000E+032
   114.610000000000       5.740300000000000E+031
   168.410000000000       1.496400000000000E+018
   247.480000000000       8.198600000000000E+017
