  0.100000000000000       1.351100000000000E+051
  0.242440000000000       5.084700000000000E+051
  0.356270000000000       1.347100000000000E+052
  0.523520000000000       3.669600000000000E+052
  0.769310000000000       6.397600000000000E+053
   1.13050000000000       2.097800000000000E+054
   1.66120000000000       4.973400000000000E+054
   2.44110000000000       1.097400000000000E+055
   3.58720000000000       2.053200000000000E+055
   5.27120000000000       2.700700000000000E+055
   7.74600000000000       2.212700000000000E+055
   11.3830000000000       5.918800000000000E+054
   16.7260000000000       9.599599999999999E+052
   24.5790000000000       7.775000000000000E+049
   36.1180000000000       1.134200000000000E+046
   53.0750000000000       3.779300000000000E+031
   77.9920000000000       1.440100000000000E+032
   114.610000000000       5.204800000000000E+031
   168.410000000000       2.061900000000000E+018
   247.480000000000      -4.560200000000000E+017
