  0.100000000000000       9.007700000000001E+050
  0.242440000000000       3.011500000000000E+051
  0.356270000000000       7.506500000000000E+051
  0.523520000000000       1.938000000000000E+052
  0.769310000000000       3.300100000000000E+053
   1.13050000000000       1.037800000000000E+054
   1.66120000000000       2.254800000000000E+054
   2.44110000000000       4.272500000000000E+054
   3.58720000000000       6.097200000000000E+054
   5.27120000000000       5.422500000000000E+054
   7.74600000000000       3.001500000000000E+054
   11.3830000000000       4.804200000000000E+053
   16.7260000000000       6.039100000000000E+051
   24.5790000000000       3.753100000000000E+048
   36.1180000000000       2.788900000000000E+044
   53.0750000000000       1.511800000000000E+031
   77.9920000000000       1.711600000000000E+032
   114.610000000000       5.916100000000000E+031
   168.410000000000       9.127100000000000E+017
   247.480000000000       7.994700000000000E+017
