  0.100000000000000       1.007700000000000E+051
  0.242440000000000       3.464200000000000E+051
  0.356270000000000       8.782100000000000E+051
  0.523520000000000       2.312600000000000E+052
  0.769310000000000       4.288100000000000E+053
   1.13050000000000       1.376900000000000E+054
   1.66120000000000       3.108200000000000E+054
   2.44110000000000       6.277699999999999E+054
   3.58720000000000       9.949700000000000E+054
   5.27120000000000       1.004500000000000E+055
   7.74600000000000       6.267800000000001E+054
   11.3830000000000       1.195600000000000E+054
   16.7260000000000       1.701200000000000E+052
   24.5790000000000       1.153900000000000E+049
   36.1180000000000       1.186600000000000E+045
   53.0750000000000       1.518800000000000E+031
   77.9920000000000       1.605700000000000E+032
   114.610000000000       5.695000000000000E+031
   168.410000000000       5.163800000000000E+017
   247.480000000000      -9.058200000000000E+016
