  0.100000000000000       2.434600000000000E+051
  0.242440000000000       1.123100000000000E+052
  0.356270000000000       3.203400000000000E+052
  0.523520000000000       8.831100000000000E+052
  0.769310000000000       1.017900000000000E+054
   1.13050000000000       3.319800000000000E+054
   1.66120000000000       8.220500000000000E+054
   2.44110000000000       1.962000000000000E+055
   3.58720000000000       4.227800000000000E+055
   5.27120000000000       7.246200000000000E+055
   7.74600000000000       8.330000000000000E+055
   11.3830000000000       3.594900000000000E+055
   16.7260000000000       6.041300000000000E+053
   24.5790000000000       6.092500000000000E+050
   36.1180000000000       1.190000000000000E+047
   53.0750000000000       1.530000000000000E+033
   77.9920000000000       1.185000000000000E+032
   114.610000000000       4.684600000000000E+031
   168.410000000000       6.328200000000000E+017
   247.480000000000      -9.319800000000000E+017
