  0.100000000000000       8.302000000000000E+050
  0.242440000000000       2.728100000000000E+051
  0.356270000000000       6.723300000000000E+051
  0.523520000000000       1.707400000000000E+052
  0.769310000000000       2.423200000000000E+053
   1.13050000000000       7.374700000000000E+053
   1.66120000000000       1.535600000000000E+054
   2.44110000000000       2.715800000000000E+054
   3.58720000000000       3.489500000000000E+054
   5.27120000000000       2.781000000000000E+054
   7.74600000000000       1.359100000000000E+054
   11.3830000000000       1.799500000000000E+053
   16.7260000000000       1.941600000000000E+051
   24.5790000000000       1.114500000000000E+048
   36.1180000000000       5.093900000000000E+043
   53.0750000000000       1.505800000000000E+031
   77.9920000000000       1.822600000000000E+032
   114.610000000000       6.200800000000000E+031
   168.410000000000      -2.337600000000000E+017
   247.480000000000       2.983700000000000E+017
