  0.100000000000000       9.039300000000001E+050
  0.242440000000000       3.024600000000000E+051
  0.356270000000000       7.542700000000001E+051
  0.523520000000000       1.948700000000000E+052
  0.769310000000000       3.333800000000000E+053
   1.13050000000000       1.049100000000000E+054
   1.66120000000000       2.283400000000000E+054
   2.44110000000000       4.337600000000000E+054
   3.58720000000000       6.212799999999999E+054
   5.27120000000000       5.546000000000000E+054
   7.74600000000000       3.081100000000000E+054
   11.3830000000000       4.962100000000000E+053
   16.7260000000000       6.266600000000000E+051
   24.5790000000000       3.907700000000000E+048
   36.1180000000000       2.943800000000000E+044
   53.0750000000000       1.512000000000000E+031
   77.9920000000000       1.707800000000000E+032
   114.610000000000       5.908600000000000E+031
   168.410000000000       4.623200000000000E+017
   247.480000000000      -6.693600000000000E+016
