  0.100000000000000       9.321899999999999E+050
  0.242440000000000       3.141700000000000E+051
  0.356270000000000       7.871500000000000E+051
  0.523520000000000       2.046000000000000E+052
  0.769310000000000       3.624700000000000E+053
   1.13050000000000       1.148900000000000E+054
   1.66120000000000       2.532200000000000E+054
   2.44110000000000       4.910400000000000E+054
   3.58720000000000       7.258800000000000E+054
   5.27120000000000       6.706999999999999E+054
   7.74600000000000       3.853000000000000E+054
   11.3830000000000       6.542100000000000E+053
   16.7260000000000       8.564700000000000E+051
   24.5790000000000       5.483600000000000E+048
   36.1180000000000       4.643600000000000E+044
   53.0750000000000       1.514200000000000E+031
   77.9920000000000       1.675700000000000E+032
   114.610000000000       5.841600000000000E+031
   168.410000000000       1.098900000000000E+016
   247.480000000000      -1.037400000000000E+018
