  0.100000000000000       1.179900000000000E+051
  0.242440000000000       4.247900000000000E+051
  0.356270000000000       1.103000000000000E+052
  0.523520000000000       2.972400000000000E+052
  0.769310000000000       5.479500000000000E+053
   1.13050000000000       1.785100000000000E+054
   1.66120000000000       4.157000000000000E+054
   2.44110000000000       8.878600000000000E+054
   3.58720000000000       1.561000000000000E+055
   5.27120000000000       1.843900000000000E+055
   7.74600000000000       1.338100000000000E+055
   11.3830000000000       3.086000000000000E+054
   16.7260000000000       4.832800000000000E+052
   24.5790000000000       3.643200000000000E+049
   36.1180000000000       4.438700000000000E+045
   53.0750000000000       1.574400000000000E+031
   77.9920000000000       1.482300000000000E+032
   114.610000000000       5.409900000000000E+031
   168.410000000000       1.267900000000000E+018
   247.480000000000      -8.043700000000000E+017
