  0.100000000000000       8.101200000000000E+050
  0.242440000000000       2.654700000000000E+051
  0.356270000000000       6.528700000000000E+051
  0.523520000000000       1.654300000000000E+052
  0.769310000000000       2.172600000000000E+053
   1.13050000000000       6.518700000000000E+053
   1.66120000000000       1.336100000000000E+054
   2.44110000000000       2.313100000000000E+054
   3.58720000000000       2.890100000000000E+054
   5.27120000000000       2.211000000000000E+054
   7.74600000000000       9.884800000000000E+053
   11.3830000000000       1.221000000000000E+053
   16.7260000000000       1.350800000000000E+051
   24.5790000000000       7.618300000000000E+047
   36.1180000000000       7.780700000000001E+042
   53.0750000000000       1.512000000000000E+031
   77.9920000000000       1.862700000000000E+032
   114.610000000000       6.323200000000000E+031
   168.410000000000       5.161100000000000E+017
   247.480000000000      -1.618900000000000E+018
