  0.100000000000000       2.628000000000000E+051
  0.242440000000000       1.240700000000000E+052
  0.356270000000000       3.564400000000000E+052
  0.523520000000000       9.824000000000000E+052
  0.769310000000000       1.070600000000000E+054
   1.13050000000000       3.484600000000000E+054
   1.66120000000000       8.656300000000001E+054
   2.44110000000000       2.079500000000000E+055
   3.58720000000000       4.523900000000000E+055
   5.27120000000000       7.902900000000000E+055
   7.74600000000000       9.319600000000000E+055
   11.3830000000000       4.193800000000000E+055
   16.7260000000000       7.101500000000000E+053
   24.5790000000000       7.320600000000000E+050
   36.1180000000000       1.442100000000000E+047
   53.0750000000000       1.947400000000000E+033
   77.9920000000000       1.173200000000000E+032
   114.610000000000       4.636200000000000E+031
   168.410000000000      -1.106100000000000E+017
   247.480000000000       7.543600000000000E+017
