  0.100000000000000       9.213099999999999E+050
  0.242440000000000       3.096200000000000E+051
  0.356270000000000       7.743800000000000E+051
  0.523520000000000       2.008500000000000E+052
  0.769310000000000       3.516100000000000E+053
   1.13050000000000       1.111600000000000E+054
   1.66120000000000       2.438900000000000E+054
   2.44110000000000       4.694000000000000E+054
   3.58720000000000       6.857500000000000E+054
   5.27120000000000       6.252300000000001E+054
   7.74600000000000       3.545100000000000E+054
   11.3830000000000       5.900000000000000E+053
   16.7260000000000       7.623100000000000E+051
   24.5790000000000       4.835800000000000E+048
   36.1180000000000       3.921700000000000E+044
   53.0750000000000       1.513300000000000E+031
   77.9920000000000       1.687600000000000E+032
   114.610000000000       5.866300000000000E+031
   168.410000000000      -3.500500000000000E+017
   247.480000000000      -2.336300000000000E+017
