  0.100000000000000       1.265500000000000E+051
  0.242440000000000       4.657900000000000E+051
  0.356270000000000       1.222100000000000E+052
  0.523520000000000       3.314900000000000E+052
  0.769310000000000       5.956300000000000E+053
   1.13050000000000       1.946600000000000E+054
   1.66120000000000       4.584500000000000E+054
   2.44110000000000       9.961800000000000E+054
   3.58720000000000       1.811800000000000E+055
   5.27120000000000       2.267300000000000E+055
   7.74600000000000       1.756900000000000E+055
   11.3830000000000       4.381500000000000E+054
   16.7260000000000       7.008400000000000E+052
   24.5790000000000       5.502600000000000E+049
   36.1180000000000       7.381700000000000E+045
   53.0750000000000       2.103300000000000E+031
   77.9920000000000       1.457900000000000E+032
   114.610000000000       5.284900000000000E+031
   168.410000000000      -2.959100000000000E+017
   247.480000000000       7.326700000000000E+017
