  0.100000000000000       8.684999999999999E+050
  0.242440000000000       2.881700000000000E+051
  0.356270000000000       7.146600000000000E+051
  0.523520000000000       1.832400000000000E+052
  0.769310000000000       2.948000000000000E+053
   1.13050000000000       9.160100000000000E+053
   1.66120000000000       1.957700000000000E+054
   2.44110000000000       3.613200000000000E+054
   3.58720000000000       4.946400000000000E+054
   5.27120000000000       4.223600000000000E+054
   7.74600000000000       2.244300000000000E+054
   11.3830000000000       3.363700000000000E+053
   16.7260000000000       4.021900000000000E+051
   24.5790000000000       2.402500000000000E+048
   36.1180000000000       1.529000000000000E+044
   53.0750000000000       1.509500000000000E+031
   77.9920000000000       1.752800000000000E+032
   114.610000000000       6.004800000000000E+031
   168.410000000000       3.516900000000000E+017
   247.480000000000      -2.856300000000000E+017
