  0.100000000000000       8.655100000000000E+050
  0.242440000000000       2.869800000000000E+051
  0.356270000000000       7.113900000000001E+051
  0.523520000000000       1.822800000000000E+052
  0.769310000000000       2.913200000000000E+053
   1.13050000000000       9.040100000000001E+053
   1.66120000000000       1.929100000000000E+054
   2.44110000000000       3.550000000000000E+054
   3.58720000000000       4.839700000000000E+054
   5.27120000000000       4.115100000000000E+054
   7.74600000000000       2.177000000000000E+054
   11.3830000000000       3.241100000000000E+053
   16.7260000000000       3.854500000000000E+051
   24.5790000000000       2.293900000000000E+048
   36.1180000000000       1.436600000000000E+044
   53.0750000000000       1.509300000000000E+031
   77.9920000000000       1.757000000000000E+032
   114.610000000000       6.014900000000000E+031
   168.410000000000       7.335500000000000E+017
   247.480000000000       9.455200000000000E+017
