  0.100000000000000       8.753700000000000E+050
  0.242440000000000       2.909100000000000E+051
  0.356270000000000       7.222500000000000E+051
  0.523520000000000       1.854600000000000E+052
  0.769310000000000       3.026400000000000E+053
   1.13050000000000       9.431800000000001E+053
   1.66120000000000       2.023100000000000E+054
   2.44110000000000       3.757000000000000E+054
   3.58720000000000       5.191900000000000E+054
   5.27120000000000       4.475200000000000E+054
   7.74600000000000       2.401100000000000E+054
   11.3830000000000       3.652600000000000E+053
   16.7260000000000       4.418900000000000E+051
   24.5790000000000       2.662800000000000E+048
   36.1180000000000       1.756600000000000E+044
   53.0750000000000       1.510100000000000E+031
   77.9920000000000       1.743300000000000E+032
   114.610000000000       5.982100000000000E+031
   168.410000000000       1.026300000000000E+018
   247.480000000000      -1.384600000000000E+018
