  0.100000000000000       1.932400000000000E+051
  0.242440000000000       8.256200000000000E+051
  0.356270000000000       2.296500000000000E+052
  0.523520000000000       6.300900000000000E+052
  0.769310000000000       8.679300000000000E+053
   1.13050000000000       2.848500000000000E+054
   1.66120000000000       6.973800000000000E+054
   2.44110000000000       1.621600000000000E+055
   3.58720000000000       3.367700000000000E+055
   5.27120000000000       5.373000000000000E+055
   7.74600000000000       5.605600000000000E+055
   11.3830000000000       2.048300000000000E+055
   16.7260000000000       3.402500000000000E+053
   24.5790000000000       3.187500000000000E+050
   36.1180000000000       6.122900000000000E+046
   53.0750000000000       4.079800000000000E+032
   77.9920000000000       1.231600000000000E+032
   114.610000000000       4.770000000000000E+031
   168.410000000000       1.047600000000000E+028
   247.480000000000       6.059300000000000E+017
