  0.100000000000000       8.219200000000000E+050
  0.242440000000000       2.695000000000000E+051
  0.356270000000000       6.631800000000000E+051
  0.523520000000000       1.680600000000000E+052
  0.769310000000000       2.278300000000000E+053
   1.13050000000000       6.882300000000000E+053
   1.66120000000000       1.421300000000000E+054
   2.44110000000000       2.484500000000000E+054
   3.58720000000000       3.142700000000000E+054
   5.27120000000000       2.455700000000000E+054
   7.74600000000000       1.158200000000000E+054
   11.3830000000000       1.466000000000000E+053
   16.7260000000000       1.538600000000000E+051
   24.5790000000000       8.706400000000001E+047
   36.1180000000000       2.999700000000000E+043
   53.0750000000000       1.505100000000000E+031
   77.9920000000000       1.843200000000000E+032
   114.610000000000       6.266700000000000E+031
   168.410000000000      -2.905400000000000E+017
   247.480000000000      -1.086100000000000E+018
