  0.100000000000000       8.217100000000000E+050
  0.242440000000000       2.694000000000000E+051
  0.356270000000000       6.629699999999999E+051
  0.523520000000000       1.679900000000000E+052
  0.769310000000000       2.274900000000000E+053
   1.13050000000000       6.870600000000000E+053
   1.66120000000000       1.418600000000000E+054
   2.44110000000000       2.478900000000000E+054
   3.58720000000000       3.134600000000000E+054
   5.27120000000000       2.448100000000000E+054
   7.74600000000000       1.153400000000000E+054
   11.3830000000000       1.458500000000000E+053
   16.7260000000000       1.530600000000000E+051
   24.5790000000000       8.658000000000000E+047
   36.1180000000000       2.958000000000000E+043
   53.0750000000000       1.505100000000000E+031
   77.9920000000000       1.843800000000000E+032
   114.610000000000       6.268300000000000E+031
   168.410000000000       1.027600000000000E+018
   247.480000000000      -5.121900000000000E+017
