  0.100000000000000       9.114500000000001E+050
  0.242440000000000       3.055500000000000E+051
  0.356270000000000       7.629200000000000E+051
  0.523520000000000       1.974500000000000E+052
  0.769310000000000       3.413700000000000E+053
   1.13050000000000       1.076400000000000E+054
   1.66120000000000       2.351400000000000E+054
   2.44110000000000       4.492700000000000E+054
   3.58720000000000       6.491000000000000E+054
   5.27120000000000       5.847600000000000E+054
   7.74600000000000       3.277100000000000E+054
   11.3830000000000       5.353700000000000E+053
   16.7260000000000       6.832700000000000E+051
   24.5790000000000       4.293600000000000E+048
   36.1180000000000       3.341300000000000E+044
   53.0750000000000       1.512600000000000E+031
   77.9920000000000       1.698900000000000E+032
   114.610000000000       5.889900000000000E+031
   168.410000000000       4.150500000000000E+017
   247.480000000000       9.606900000000000E+017
