  0.100000000000000       8.923100000000000E+050
  0.242440000000000       2.977200000000000E+051
  0.356270000000000       7.410600000000000E+051
  0.523520000000000       1.909600000000000E+052
  0.769310000000000       3.210000000000000E+053
   1.13050000000000       1.007300000000000E+054
   1.66120000000000       2.178500000000000E+054
   2.44110000000000       4.099900000000000E+054
   3.58720000000000       5.792400000000000E+054
   5.27120000000000       5.099800000000000E+054
   7.74600000000000       2.795200000000000E+054
   11.3830000000000       4.399600000000000E+053
   16.7260000000000       5.461300000000000E+051
   24.5790000000000       3.362000000000000E+048
   36.1180000000000       2.405700000000000E+044
   53.0750000000000       1.511200000000000E+031
   77.9920000000000       1.721700000000000E+032
   114.610000000000       5.936800000000000E+031
   168.410000000000       2.767800000000000E+017
   247.480000000000      -5.204500000000000E+017
