  0.100000000000000       8.487100000000000E+050
  0.242440000000000       2.802600000000000E+051
  0.356270000000000       6.928800000000000E+051
  0.523520000000000       1.768500000000000E+052
  0.769310000000000       2.702400000000000E+053
   1.13050000000000       8.320500000000001E+053
   1.66120000000000       1.757200000000000E+054
   2.44110000000000       3.178700000000000E+054
   3.58720000000000       4.223300000000000E+054
   5.27120000000000       3.496300000000000E+054
   7.74600000000000       1.796700000000000E+054
   11.3830000000000       2.559300000000000E+053
   16.7260000000000       2.928400000000000E+051
   24.5790000000000       1.711200000000000E+048
   36.1180000000000       9.671699999999999E+043
   53.0750000000000       1.507800000000000E+031
   77.9920000000000       1.783600000000000E+032
   114.610000000000       6.086400000000000E+031
   168.410000000000       2.930700000000000E+018
   247.480000000000      -9.516900000000000E+017
