  0.100000000000000       2.881000000000000E+051
  0.242440000000000       1.396300000000000E+052
  0.356270000000000       4.043500000000000E+052
  0.523520000000000       1.114300000000000E+053
  0.769310000000000       1.137100000000000E+054
   1.13050000000000       3.689200000000000E+054
   1.66120000000000       9.222400000000000E+054
   2.44110000000000       2.221900000000000E+055
   3.58720000000000       4.891700000000000E+055
   5.27120000000000       8.717600000000000E+055
   7.74600000000000       1.055900000000000E+056
   11.3830000000000       4.971700000000000E+055
   16.7260000000000       8.531200000000001E+053
   24.5790000000000       9.025900000000000E+050
   36.1180000000000       1.784800000000000E+047
   53.0750000000000       2.463000000000000E+033
   77.9920000000000       1.163600000000000E+032
   114.610000000000       4.584300000000000E+031
   168.410000000000       1.370100000000000E+018
   247.480000000000       1.839400000000000E+017
