  0.100000000000000       9.659300000000001E+050
  0.242440000000000       3.284400000000000E+051
  0.356270000000000       8.273100000000000E+051
  0.523520000000000       2.163000000000000E+052
  0.769310000000000       3.937200000000000E+053
   1.13050000000000       1.256100000000000E+054
   1.66120000000000       2.802600000000000E+054
   2.44110000000000       5.546600000000000E+054
   3.58720000000000       8.480700000000001E+054
   5.27120000000000       8.165800000000000E+054
   7.74600000000000       4.878800000000000E+054
   11.3830000000000       8.763800000000001E+053
   16.7260000000000       1.191500000000000E+052
   24.5790000000000       7.815600000000000E+048
   36.1180000000000       7.455800000000000E+044
   53.0750000000000       1.516700000000000E+031
   77.9920000000000       1.643200000000000E+032
   114.610000000000       5.771600000000000E+031
   168.410000000000      -1.105300000000000E+018
   247.480000000000       1.452100000000000E+016
