  0.100000000000000       8.646800000000001E+050
  0.242440000000000       2.866400000000000E+051
  0.356270000000000       7.104700000000000E+051
  0.523520000000000       1.820200000000000E+052
  0.769310000000000       2.903300000000000E+053
   1.13050000000000       9.006400000000000E+053
   1.66120000000000       1.921000000000000E+054
   2.44110000000000       3.532000000000000E+054
   3.58720000000000       4.809600000000000E+054
   5.27120000000000       4.084500000000000E+054
   7.74600000000000       2.158100000000000E+054
   11.3830000000000       3.206800000000000E+053
   16.7260000000000       3.807900000000000E+051
   24.5790000000000       2.263700000000000E+048
   36.1180000000000       1.411100000000000E+044
   53.0750000000000       1.509200000000000E+031
   77.9920000000000       1.758200000000000E+032
   114.610000000000       6.017900000000000E+031
   168.410000000000       4.142200000000000E+017
   247.480000000000       3.818800000000000E+017
