  0.100000000000000       1.146400000000000E+051
  0.242440000000000       4.090700000000000E+051
  0.356270000000000       1.057600000000000E+052
  0.523520000000000       2.840700000000000E+052
  0.769310000000000       5.275700000000000E+053
   1.13050000000000       1.715400000000000E+054
   1.66120000000000       3.976600000000000E+054
   2.44110000000000       8.421899999999999E+054
   3.58720000000000       1.457500000000000E+055
   5.27120000000000       1.677600000000000E+055
   7.74600000000000       1.184300000000000E+055
   11.3830000000000       2.643700000000000E+054
   16.7260000000000       4.087900000000000E+052
   24.5790000000000       3.026800000000000E+049
   36.1180000000000       3.555400000000000E+045
   53.0750000000000       1.525700000000000E+031
   77.9920000000000       1.501200000000000E+032
   114.610000000000       5.471800000000000E+031
   168.410000000000       5.226500000000000E+017
   247.480000000000       8.728400000000000E+017
