  0.100000000000000       1.052800000000000E+051
  0.242440000000000       3.663200000000000E+051
  0.356270000000000       9.348800000000000E+051
  0.523520000000000       2.480000000000000E+052
  0.769310000000000       4.635500000000000E+053
   1.13050000000000       1.496300000000000E+054
   1.66120000000000       3.413000000000000E+054
   2.44110000000000       7.019800000000000E+054
   3.58720000000000       1.150100000000000E+055
   5.27120000000000       1.216600000000000E+055
   7.74600000000000       7.922300000000000E+054
   11.3830000000000       1.596200000000000E+054
   16.7260000000000       2.352700000000000E+052
   24.5790000000000       1.655900000000000E+049
   36.1180000000000       1.764600000000000E+045
   53.0750000000000       1.520200000000000E+031
   77.9920000000000       1.565400000000000E+032
   114.610000000000       5.621900000000000E+031
   168.410000000000       2.950200000000000E+017
   247.480000000000       2.259700000000000E+017
