  0.100000000000000       8.142300000000001E+050
  0.242440000000000       2.667400000000000E+051
  0.356270000000000       6.559000000000001E+051
  0.523520000000000       1.661600000000000E+052
  0.769310000000000       2.181400000000000E+053
   1.13050000000000       6.550400000000000E+053
   1.66120000000000       1.344100000000000E+054
   2.44110000000000       2.329700000000000E+054
   3.58720000000000       2.917500000000000E+054
   5.27120000000000       2.243600000000000E+054
   7.74600000000000       1.024400000000000E+054
   11.3830000000000       1.274800000000000E+053
   16.7260000000000       1.359000000000000E+051
   24.5790000000000       7.657800000000000E+047
   36.1180000000000       1.716100000000000E+043
   53.0750000000000       1.508400000000000E+031
   77.9920000000000       1.857700000000000E+032
   114.610000000000       6.314600000000000E+031
   168.410000000000      -1.778600000000000E+017
   247.480000000000       3.026200000000000E+017
