  0.100000000000000       8.202800000000000E+050
  0.242440000000000       2.688600000000000E+051
  0.356270000000000       6.614600000000000E+051
  0.523520000000000       1.675700000000000E+052
  0.769310000000000       2.251900000000000E+053
   1.13050000000000       6.791900000000000E+053
   1.66120000000000       1.400200000000000E+054
   2.44110000000000       2.441700000000000E+054
   3.58720000000000       3.079300000000000E+054
   5.27120000000000       2.395700000000000E+054
   7.74600000000000       1.121100000000000E+054
   11.3830000000000       1.408900000000000E+053
   16.7260000000000       1.479500000000000E+051
   24.5790000000000       8.346300000000000E+047
   36.1180000000000       2.699700000000000E+043
   53.0750000000000       1.505200000000000E+031
   77.9920000000000       1.847000000000000E+032
   114.610000000000       6.279300000000000E+031
   168.410000000000      -1.836500000000000E+018
   247.480000000000      -2.975200000000000E+017
