  0.100000000000000       1.016100000000000E+051
  0.242440000000000       3.500800000000000E+051
  0.356270000000000       8.886000000000000E+051
  0.523520000000000       2.343200000000000E+052
  0.769310000000000       4.354500000000000E+053
   1.13050000000000       1.399700000000000E+054
   1.66120000000000       3.166400000000000E+054
   2.44110000000000       6.418400000000000E+054
   3.58720000000000       1.024000000000000E+055
   5.27120000000000       1.043100000000000E+055
   7.74600000000000       6.561300000000000E+054
   11.3830000000000       1.264800000000000E+054
   16.7260000000000       1.814100000000000E+052
   24.5790000000000       1.239500000000000E+049
   36.1180000000000       1.283700000000000E+045
   53.0750000000000       1.519100000000000E+031
   77.9920000000000       1.597900000000000E+032
   114.610000000000       5.680900000000000E+031
   168.410000000000       2.232300000000000E+018
   247.480000000000      -7.306400000000000E+017
