  0.100000000000000       9.423899999999999E+050
  0.242440000000000       3.184600000000000E+051
  0.356270000000000       7.991900000000000E+051
  0.523520000000000       2.081200000000000E+052
  0.769310000000000       3.722300000000000E+053
   1.13050000000000       1.182500000000000E+054
   1.66120000000000       2.616500000000000E+054
   2.44110000000000       5.107700000000000E+054
   3.58720000000000       7.631400000000000E+054
   5.27120000000000       7.140200000000000E+054
   7.74600000000000       4.151900000000000E+054
   11.3830000000000       7.176200000000000E+053
   16.7260000000000       9.507800000000000E+051
   24.5790000000000       6.134700000000000E+048
   36.1180000000000       5.399100000000000E+044
   53.0750000000000       1.515100000000000E+031
   77.9920000000000       1.665300000000000E+032
   114.610000000000       5.819400000000000E+031
   168.410000000000      -5.078500000000000E+017
   247.480000000000      -2.879000000000000E+017
