  0.100000000000000       1.140400000000000E+051
  0.242440000000000       4.063100000000000E+051
  0.356270000000000       1.049600000000000E+052
  0.523520000000000       2.817200000000000E+052
  0.769310000000000       5.238200000000000E+053
   1.13050000000000       1.702600000000000E+054
   1.66120000000000       3.943600000000000E+054
   2.44110000000000       8.338400000000000E+054
   3.58720000000000       1.438800000000000E+055
   5.27120000000000       1.648100000000000E+055
   7.74600000000000       1.157700000000000E+055
   11.3830000000000       2.568900000000000E+054
   16.7260000000000       3.961500000000000E+052
   24.5790000000000       2.924200000000000E+049
   36.1180000000000       3.410400000000000E+045
   53.0750000000000       1.524300000000000E+031
   77.9920000000000       1.504100000000000E+032
   114.610000000000       5.484900000000000E+031
   168.410000000000       1.216300000000000E+018
   247.480000000000       6.875600000000000E+016
