  0.100000000000000       1.692800000000000E+051
  0.242440000000000       6.898100000000000E+051
  0.356270000000000       1.886500000000000E+052
  0.523520000000000       5.175400000000000E+052
  0.769310000000000       7.849999999999999E+053
   1.13050000000000       2.579800000000000E+054
   1.66120000000000       6.253400000000000E+054
   2.44110000000000       1.432100000000000E+055
   3.58720000000000       2.884500000000000E+055
   5.27120000000000       4.345900000000000E+055
   7.74600000000000       4.197300000000000E+055
   11.3830000000000       1.374600000000000E+055
   16.7260000000000       2.275400000000000E+053
   24.5790000000000       2.037000000000000E+050
   36.1180000000000       3.674900000000000E+046
   53.0750000000000       1.656400000000000E+032
   77.9920000000000       1.259000000000000E+032
   114.610000000000       4.876500000000000E+031
   168.410000000000       2.751700000000000E+017
   247.480000000000       9.569100000000000E+017
