  0.100000000000000       1.183900000000000E+051
  0.242440000000000       4.266700000000000E+051
  0.356270000000000       1.108500000000000E+052
  0.523520000000000       2.988200000000000E+052
  0.769310000000000       5.503200000000000E+053
   1.13050000000000       1.793300000000000E+054
   1.66120000000000       4.177800000000000E+054
   2.44110000000000       8.932000000000000E+054
   3.58720000000000       1.573100000000000E+055
   5.27120000000000       1.863700000000000E+055
   7.74600000000000       1.356900000000000E+055
   11.3830000000000       3.141400000000000E+054
   16.7260000000000       4.925900000000000E+052
   24.5790000000000       3.721200000000000E+049
   36.1180000000000       4.553500000000000E+045
   53.0750000000000       1.585900000000000E+031
   77.9920000000000       1.480200000000000E+032
   114.610000000000       5.404800000000000E+031
   168.410000000000      -5.038300000000000E+017
   247.480000000000       1.614000000000000E+018
