  0.100000000000000       8.438799999999999E+050
  0.242440000000000       2.783300000000000E+051
  0.356270000000000       6.875000000000000E+051
  0.523520000000000       1.752400000000000E+052
  0.769310000000000       2.634500000000000E+053
   1.13050000000000       8.089600000000001E+053
   1.66120000000000       1.702600000000000E+054
   2.44110000000000       3.062600000000000E+054
   3.58720000000000       4.034800000000000E+054
   5.27120000000000       3.309800000000000E+054
   7.74600000000000       1.682900000000000E+054
   11.3830000000000       2.358300000000000E+053
   16.7260000000000       2.659100000000000E+051
   24.5790000000000       1.550000000000000E+048
   36.1180000000000       8.439100000000000E+043
   53.0750000000000       1.507200000000000E+031
   77.9920000000000       1.792900000000000E+032
   114.610000000000       6.112600000000000E+031
   168.410000000000      -8.054800000000000E+017
   247.480000000000       6.502900000000000E+017
