  0.100000000000000       9.107600000000001E+050
  0.242440000000000       3.052700000000000E+051
  0.356270000000000       7.621300000000000E+051
  0.523520000000000       1.972200000000000E+052
  0.769310000000000       3.406500000000000E+053
   1.13050000000000       1.073900000000000E+054
   1.66120000000000       2.345200000000000E+054
   2.44110000000000       4.478800000000000E+054
   3.58720000000000       6.465600000000000E+054
   5.27120000000000       5.819700000000000E+054
   7.74600000000000       3.258900000000000E+054
   11.3830000000000       5.317200000000000E+053
   16.7260000000000       6.779900000000000E+051
   24.5790000000000       4.257700000000000E+048
   36.1180000000000       3.303600000000000E+044
   53.0750000000000       1.512600000000000E+031
   77.9920000000000       1.699700000000000E+032
   114.610000000000       5.892000000000000E+031
   168.410000000000       8.733200000000000E+017
   247.480000000000       5.224900000000000E+017
