  0.100000000000000       1.070700000000000E+051
  0.242440000000000       3.744000000000000E+051
  0.356270000000000       9.580199999999999E+051
  0.523520000000000       2.548500000000000E+052
  0.769310000000000       4.768200000000000E+053
   1.13050000000000       1.541700000000000E+054
   1.66120000000000       3.529700000000000E+054
   2.44110000000000       7.307000000000000E+054
   3.58720000000000       1.211600000000000E+055
   5.27120000000000       1.304500000000000E+055
   7.74600000000000       8.635600000000000E+054
   11.3830000000000       1.777000000000000E+054
   16.7260000000000       2.647000000000000E+052
   24.5790000000000       1.884600000000000E+049
   36.1180000000000       2.039500000000000E+045
   53.0750000000000       1.520600000000000E+031
   77.9920000000000       1.550300000000000E+032
   114.610000000000       5.593700000000000E+031
   168.410000000000       2.416100000000000E+017
   247.480000000000       1.023400000000000E+018
