  0.100000000000000       8.427200000000001E+050
  0.242440000000000       2.778600000000000E+051
  0.356270000000000       6.862200000000000E+051
  0.523520000000000       1.748500000000000E+052
  0.769310000000000       2.617700000000000E+053
   1.13050000000000       8.032400000000000E+053
   1.66120000000000       1.689200000000000E+054
   2.44110000000000       3.034400000000000E+054
   3.58720000000000       3.989300000000000E+054
   5.27120000000000       3.264900000000000E+054
   7.74600000000000       1.655400000000000E+054
   11.3830000000000       2.309800000000000E+053
   16.7260000000000       2.594300000000000E+051
   24.5790000000000       1.511600000000000E+048
   36.1180000000000       8.148900000000000E+043
   53.0750000000000       1.507100000000000E+031
   77.9920000000000       1.795300000000000E+032
   114.610000000000       6.119100000000000E+031
   168.410000000000       2.191500000000000E+018
   247.480000000000      -1.177100000000000E+018
