  0.100000000000000       8.247600000000000E+050
  0.242440000000000       2.706200000000000E+051
  0.356270000000000       6.662899999999999E+051
  0.523520000000000       1.689400000000000E+052
  0.769310000000000       2.327900000000000E+053
   1.13050000000000       7.051400000000000E+053
   1.66120000000000       1.460500000000000E+054
   2.44110000000000       2.563800000000000E+054
   3.58720000000000       3.261100000000000E+054
   5.27120000000000       2.566800000000000E+054
   7.74600000000000       1.227200000000000E+054
   11.3830000000000       1.578300000000000E+053
   16.7260000000000       1.667600000000000E+051
   24.5790000000000       9.476300000000000E+047
   36.1180000000000       3.681200000000000E+043
   53.0750000000000       1.505400000000000E+031
   77.9920000000000       1.836100000000000E+032
   114.610000000000       6.243100000000000E+031
   168.410000000000       3.432300000000000E+017
   247.480000000000      -3.658100000000000E+017
