  0.100000000000000       1.267100000000000E+051
  0.242440000000000       4.665800000000000E+051
  0.356270000000000       1.224300000000000E+052
  0.523520000000000       3.321300000000000E+052
  0.769310000000000       5.964700000000000E+053
   1.13050000000000       1.949500000000000E+054
   1.66120000000000       4.591800000000000E+054
   2.44110000000000       9.980900000000000E+054
   3.58720000000000       1.816300000000000E+055
   5.27120000000000       2.275200000000000E+055
   7.74600000000000       1.764800000000000E+055
   11.3830000000000       4.407700000000000E+054
   16.7260000000000       7.052600000000000E+052
   24.5790000000000       5.540900000000000E+049
   36.1180000000000       7.444800000000000E+045
   53.0750000000000       2.122400000000000E+031
   77.9920000000000       1.456900000000000E+032
   114.610000000000       5.282400000000000E+031
   168.410000000000      -1.884400000000000E+018
   247.480000000000      -7.406300000000000E+017
