  0.100000000000000       8.254200000000001E+050
  0.242440000000000       2.708800000000000E+051
  0.356270000000000       6.670200000000000E+051
  0.523520000000000       1.691600000000000E+052
  0.769310000000000       2.339800000000000E+053
   1.13050000000000       7.091700000000000E+053
   1.66120000000000       1.469900000000000E+054
   2.44110000000000       2.582700000000000E+054
   3.58720000000000       3.289300000000000E+054
   5.27120000000000       2.593200000000000E+054
   7.74600000000000       1.243500000000000E+054
   11.3830000000000       1.605400000000000E+053
   16.7260000000000       1.700500000000000E+051
   24.5790000000000       9.673400000000000E+047
   36.1180000000000       3.855600000000000E+043
   53.0750000000000       1.505400000000000E+031
   77.9920000000000       1.834400000000000E+032
   114.610000000000       6.237500000000000E+031
   168.410000000000      -1.605600000000000E+018
   247.480000000000       2.198500000000000E+017
