  0.100000000000000       8.547300000000000E+050
  0.242440000000000       2.826900000000000E+051
  0.356270000000000       6.995400000000000E+051
  0.523520000000000       1.788100000000000E+052
  0.769310000000000       2.781600000000000E+053
   1.13050000000000       8.590700000000001E+053
   1.66120000000000       1.821500000000000E+054
   2.44110000000000       3.316300000000000E+054
   3.58720000000000       4.449900000000000E+054
   5.27120000000000       3.722300000000000E+054
   7.74600000000000       1.935000000000000E+054
   11.3830000000000       2.805900000000000E+053
   16.7260000000000       3.261000000000000E+051
   24.5790000000000       1.914900000000000E+048
   36.1180000000000       1.127300000000000E+044
   53.0750000000000       1.508300000000000E+031
   77.9920000000000       1.773300000000000E+032
   114.610000000000       6.058200000000000E+031
   168.410000000000       4.470300000000000E+017
   247.480000000000       2.103300000000000E+017
