  0.100000000000000       8.117399999999999E+050
  0.242440000000000       2.659500000000000E+051
  0.356270000000000       6.540400000000000E+051
  0.523520000000000       1.656600000000000E+052
  0.769310000000000       2.172500000000000E+053
   1.13050000000000       6.518700000000000E+053
   1.66120000000000       1.336500000000000E+054
   2.44110000000000       2.314800000000000E+054
   3.58720000000000       2.896600000000000E+054
   5.27120000000000       2.221200000000000E+054
   7.74600000000000       1.007000000000000E+054
   11.3830000000000       1.245700000000000E+053
   16.7260000000000       1.338300000000000E+051
   24.5790000000000       7.597700000000001E+047
   36.1180000000000       1.080400000000000E+043
   53.0750000000000       1.511100000000000E+031
   77.9920000000000       1.861500000000000E+032
   114.610000000000       6.322200000000000E+031
   168.410000000000       2.394700000000000E+017
   247.480000000000      -3.615600000000000E+017
