  0.100000000000000       8.561100000000000E+050
  0.242440000000000       2.832400000000000E+051
  0.356270000000000       7.010700000000000E+051
  0.523520000000000       1.792500000000000E+052
  0.769310000000000       2.799200000000000E+053
   1.13050000000000       8.650400000000000E+053
   1.66120000000000       1.835700000000000E+054
   2.44110000000000       3.347100000000000E+054
   3.58720000000000       4.500600000000000E+054
   5.27120000000000       3.773100000000000E+054
   7.74600000000000       1.966200000000000E+054
   11.3830000000000       2.861700000000000E+053
   16.7260000000000       3.337300000000000E+051
   24.5790000000000       1.962600000000000E+048
   36.1180000000000       1.165300000000000E+044
   53.0750000000000       1.508400000000000E+031
   77.9920000000000       1.771100000000000E+032
   114.610000000000       6.052100000000000E+031
   168.410000000000       4.851200000000000E+016
   247.480000000000       4.554300000000000E+017
