  0.100000000000000       8.398600000000001E+050
  0.242440000000000       2.767100000000000E+051
  0.356270000000000       6.830500000000000E+051
  0.523520000000000       1.739000000000000E+052
  0.769310000000000       2.575900000000000E+053
   1.13050000000000       7.890999999999999E+053
   1.66120000000000       1.655900000000000E+054
   2.44110000000000       2.964600000000000E+054
   3.58720000000000       3.877600000000000E+054
   5.27120000000000       3.155200000000000E+054
   7.74600000000000       1.588300000000000E+054
   11.3830000000000       2.191200000000000E+053
   16.7260000000000       2.438800000000000E+051
   24.5790000000000       1.419200000000000E+048
   36.1180000000000       7.442600000000000E+043
   53.0750000000000       1.506900000000000E+031
   77.9920000000000       1.801200000000000E+032
   114.610000000000       6.135800000000000E+031
   168.410000000000      -4.164200000000000E+017
   247.480000000000       5.031200000000000E+017
