  0.100000000000000       9.162600000000000E+050
  0.242440000000000       3.075300000000000E+051
  0.356270000000000       7.685100000000001E+051
  0.523520000000000       1.991100000000000E+052
  0.769310000000000       3.464100000000000E+053
   1.13050000000000       1.093700000000000E+054
   1.66120000000000       2.394500000000000E+054
   2.44110000000000       4.591600000000000E+054
   3.58720000000000       6.670300000000000E+054
   5.27120000000000       6.044300000000000E+054
   7.74600000000000       3.406800000000000E+054
   11.3830000000000       5.616500000000000E+053
   16.7260000000000       7.211700000000000E+051
   24.5790000000000       4.553400000000000E+048
   36.1180000000000       3.616400000000000E+044
   53.0750000000000       1.513000000000000E+031
   77.9920000000000       1.693300000000000E+032
   114.610000000000       5.878400000000000E+031
   168.410000000000       1.424800000000000E+018
   247.480000000000       1.029600000000000E+018
