  0.100000000000000       8.091699999999999E+050
  0.242440000000000       2.651900000000000E+051
  0.356270000000000       6.521700000000000E+051
  0.523520000000000       1.653100000000000E+052
  0.769310000000000       2.173500000000000E+053
   1.13050000000000       6.521300000000000E+053
   1.66120000000000       1.336100000000000E+054
   2.44110000000000       2.310600000000000E+054
   3.58720000000000       2.881800000000000E+054
   5.27120000000000       2.191400000000000E+054
   7.74600000000000       9.760399999999999E+053
   11.3830000000000       1.232900000000000E+053
   16.7260000000000       1.379000000000000E+051
   24.5790000000000       7.668600000000000E+047
   36.1180000000000       6.431500000000000E+042
   53.0750000000000       1.512500000000000E+031
   77.9920000000000       1.863600000000000E+032
   114.610000000000       6.322700000000000E+031
   168.410000000000       7.943400000000000E+024
   247.480000000000       6.459300000000000E+017
