  0.100000000000000       8.351600000000000E+050
  0.242440000000000       2.748100000000000E+051
  0.356270000000000       6.778600000000000E+051
  0.523520000000000       1.723800000000000E+052
  0.769310000000000       2.505200000000000E+053
   1.13050000000000       7.652000000000000E+053
   1.66120000000000       1.599900000000000E+054
   2.44110000000000       2.847800000000000E+054
   3.58720000000000       3.692800000000000E+054
   5.27120000000000       2.975200000000000E+054
   7.74600000000000       1.478300000000000E+054
   11.3830000000000       2.001400000000000E+053
   16.7260000000000       2.196800000000000E+051
   24.5790000000000       1.272800000000000E+048
   36.1180000000000       6.309400000000000E+043
   53.0750000000000       1.506400000000000E+031
   77.9920000000000       1.811200000000000E+032
   114.610000000000       6.165500000000000E+031
   168.410000000000      -2.785800000000000E+017
   247.480000000000      -1.314500000000000E+018
