  0.100000000000000       2.180500000000000E+051
  0.242440000000000       9.705700000000001E+051
  0.356270000000000       2.737600000000000E+052
  0.523520000000000       7.496400000000000E+052
  0.769310000000000       9.447000000000000E+053
   1.13050000000000       3.091200000000000E+054
   1.66120000000000       7.628300000000000E+054
   2.44110000000000       1.794200000000000E+055
   3.58720000000000       3.810300000000000E+055
   5.27120000000000       6.332100000000001E+055
   7.74600000000000       6.990800000000000E+055
   11.3830000000000       2.796900000000000E+055
   16.7260000000000       4.629800000000000E+053
   24.5790000000000       4.522400000000000E+050
   36.1180000000000       8.977800000000000E+046
   53.0750000000000       8.368800000000000E+032
   77.9920000000000       1.203700000000000E+032
   114.610000000000       4.717300000000000E+031
   168.410000000000       4.683200000000000E+017
   247.480000000000       7.856700000000000E+015
