  0.100000000000000       1.161400000000000E+051
  0.242440000000000       4.161000000000000E+051
  0.356270000000000       1.077900000000000E+052
  0.523520000000000       2.899700000000000E+052
  0.769310000000000       5.368700000000000E+053
   1.13050000000000       1.747200000000000E+054
   1.66120000000000       4.058600000000000E+054
   2.44110000000000       8.629500000000000E+054
   3.58720000000000       1.504400000000000E+055
   5.27120000000000       1.752300000000000E+055
   7.74600000000000       1.252600000000000E+055
   11.3830000000000       2.837800000000000E+054
   16.7260000000000       4.415100000000000E+052
   24.5790000000000       3.295600000000000E+049
   36.1180000000000       3.936800000000000E+045
   53.0750000000000       1.537200000000000E+031
   77.9920000000000       1.493000000000000E+032
   114.610000000000       5.440600000000000E+031
   168.410000000000       1.206800000000000E+018
   247.480000000000      -7.531400000000000E+017
