  0.100000000000000       2.032800000000000E+051
  0.242440000000000       8.838900000000000E+051
  0.356270000000000       2.473400000000000E+052
  0.523520000000000       6.780600000000000E+052
  0.769310000000000       8.997500000000000E+053
   1.13050000000000       2.950000000000000E+054
   1.66120000000000       7.247400000000000E+054
   2.44110000000000       1.693600000000000E+055
   3.58720000000000       3.552000000000000E+055
   5.27120000000000       5.771400000000000E+055
   7.74600000000000       6.175200000000000E+055
   11.3830000000000       2.347100000000000E+055
   16.7260000000000       3.892800000000000E+053
   24.5790000000000       3.714600000000000E+050
   36.1180000000000       7.249600000000000E+046
   53.0750000000000       5.742800000000000E+032
   77.9920000000000       1.221200000000000E+032
   114.610000000000       4.758800000000000E+031
   168.410000000000       5.189500000000000E+025
   247.480000000000      -1.841000000000000E+018
