  0.100000000000000       9.273800000000000E+050
  0.242440000000000       3.121700000000000E+051
  0.356270000000000       7.814900000000001E+051
  0.523520000000000       2.029400000000000E+052
  0.769310000000000       3.577200000000000E+053
   1.13050000000000       1.132600000000000E+054
   1.66120000000000       2.491400000000000E+054
   2.44110000000000       4.815600000000000E+054
   3.58720000000000       7.082000000000000E+054
   5.27120000000000       6.505100000000000E+054
   7.74600000000000       3.715500000000000E+054
   11.3830000000000       6.253500000000000E+053
   16.7260000000000       8.139800000000000E+051
   24.5790000000000       5.190900000000000E+048
   36.1180000000000       4.313700000000000E+044
   53.0750000000000       1.513900000000000E+031
   77.9920000000000       1.680800000000000E+032
   114.610000000000       5.852200000000000E+031
   168.410000000000       1.905100000000000E+018
   247.480000000000      -1.160300000000000E+018
