  0.100000000000000       1.035300000000000E+051
  0.242440000000000       3.585400000000000E+051
  0.356270000000000       9.126300000000000E+051
  0.523520000000000       2.414000000000000E+052
  0.769310000000000       4.502900000000000E+053
   1.13050000000000       1.450800000000000E+054
   1.66120000000000       3.296600000000000E+054
   2.44110000000000       6.735100000000000E+054
   3.58720000000000       1.089900000000000E+055
   5.27120000000000       1.132600000000000E+055
   7.74600000000000       7.256200000000000E+054
   11.3830000000000       1.431700000000000E+054
   16.7260000000000       2.085300000000000E+052
   24.5790000000000       1.448200000000000E+049
   36.1180000000000       1.522500000000000E+045
   53.0750000000000       1.519800000000000E+031
   77.9920000000000       1.580600000000000E+032
   114.610000000000       5.649600000000000E+031
   168.410000000000      -5.683200000000000E+017
   247.480000000000       1.468900000000000E+018
