  0.100000000000000       1.125200000000000E+051
  0.242440000000000       3.992800000000000E+051
  0.356270000000000       1.029400000000000E+052
  0.523520000000000       2.757800000000000E+052
  0.769310000000000       5.141100000000000E+053
   1.13050000000000       1.669400000000000E+054
   1.66120000000000       3.857800000000000E+054
   2.44110000000000       8.123399999999999E+054
   3.58720000000000       1.390700000000000E+055
   5.27120000000000       1.572900000000000E+055
   7.74600000000000       1.091000000000000E+055
   11.3830000000000       2.383700000000000E+054
   16.7260000000000       3.649800000000000E+052
   24.5790000000000       2.673600000000000E+049
   36.1180000000000       3.060100000000000E+045
   53.0750000000000       1.522600000000000E+031
   77.9920000000000       1.511200000000000E+032
   114.610000000000       5.514600000000000E+031
   168.410000000000       1.559800000000000E+018
   247.480000000000      -3.530800000000000E+017
