  0.100000000000000       8.470000000000000E+050
  0.242440000000000       2.795700000000000E+051
  0.356270000000000       6.909900000000000E+051
  0.523520000000000       1.762800000000000E+052
  0.769310000000000       2.678700000000000E+053
   1.13050000000000       8.240300000000000E+053
   1.66120000000000       1.738100000000000E+054
   2.44110000000000       3.138000000000000E+054
   3.58720000000000       4.156800000000000E+054
   5.27120000000000       3.430400000000000E+054
   7.74600000000000       1.756300000000000E+054
   11.3830000000000       2.488100000000000E+053
   16.7260000000000       2.833200000000000E+051
   24.5790000000000       1.653800000000000E+048
   36.1180000000000       9.228999999999999E+043
   53.0750000000000       1.507600000000000E+031
   77.9920000000000       1.786800000000000E+032
   114.610000000000       6.095500000000000E+031
   168.410000000000      -9.077000000000000E+017
   247.480000000000       6.701800000000000E+017
