  0.100000000000000       9.919800000000000E+050
  0.242440000000000       3.396300000000000E+051
  0.356270000000000       8.589400000000000E+051
  0.523520000000000       2.255900000000000E+052
  0.769310000000000       4.160500000000000E+053
   1.13050000000000       1.333100000000000E+054
   1.66120000000000       2.996900000000000E+054
   2.44110000000000       6.009700000000000E+054
   3.58720000000000       9.403700000000000E+054
   5.27120000000000       9.332200000000000E+054
   7.74600000000000       5.733000000000000E+054
   11.3830000000000       1.070800000000000E+054
   16.7260000000000       1.498900000000000E+052
   24.5790000000000       1.003100000000000E+049
   36.1180000000000       1.013800000000000E+045
   53.0750000000000       1.518100000000000E+031
   77.9920000000000       1.620100000000000E+032
   114.610000000000       5.722700000000000E+031
   168.410000000000       6.428800000000000E+017
   247.480000000000       7.372400000000000E+017
