  0.100000000000000       1.274400000000000E+051
  0.242440000000000       4.701500000000000E+051
  0.356270000000000       1.234800000000000E+052
  0.523520000000000       3.351200000000000E+052
  0.769310000000000       6.003400000000000E+053
   1.13050000000000       1.963000000000000E+054
   1.66120000000000       4.625100000000000E+054
   2.44110000000000       1.006900000000000E+055
   3.58720000000000       1.837100000000000E+055
   5.27120000000000       2.311600000000000E+055
   7.74600000000000       1.802100000000000E+055
   11.3830000000000       4.530100000000000E+054
   16.7260000000000       7.258300000000000E+052
   24.5790000000000       5.719200000000000E+049
   36.1180000000000       7.741800000000000E+045
   53.0750000000000       2.218000000000000E+031
   77.9920000000000       1.452300000000000E+032
   114.610000000000       5.275400000000000E+031
   168.410000000000      -2.767600000000000E+017
   247.480000000000       9.459300000000000E+017
