  0.100000000000000       8.682700000000000E+050
  0.242440000000000       2.880700000000000E+051
  0.356270000000000       7.144200000000000E+051
  0.523520000000000       1.831800000000000E+052
  0.769310000000000       2.945400000000000E+053
   1.13050000000000       9.150899999999999E+053
   1.66120000000000       1.955500000000000E+054
   2.44110000000000       3.608400000000000E+054
   3.58720000000000       4.938400000000000E+054
   5.27120000000000       4.215500000000000E+054
   7.74600000000000       2.239300000000000E+054
   11.3830000000000       3.354600000000000E+053
   16.7260000000000       4.009200000000000E+051
   24.5790000000000       2.394500000000000E+048
   36.1180000000000       1.522000000000000E+044
   53.0750000000000       1.509500000000000E+031
   77.9920000000000       1.753100000000000E+032
   114.610000000000       6.005300000000000E+031
   168.410000000000       1.276300000000000E+016
   247.480000000000      -1.576400000000000E+016
