  0.100000000000000       8.094600000000000E+050
  0.242440000000000       2.652800000000000E+051
  0.356270000000000       6.523800000000000E+051
  0.523520000000000       1.653400000000000E+052
  0.769310000000000       2.173200000000000E+053
   1.13050000000000       6.520200000000000E+053
   1.66120000000000       1.336100000000000E+054
   2.44110000000000       2.311600000000000E+054
   3.58720000000000       2.884500000000000E+054
   5.27120000000000       2.198900000000000E+054
   7.74600000000000       9.775999999999999E+053
   11.3830000000000       1.224700000000000E+053
   16.7260000000000       1.370800000000000E+051
   24.5790000000000       7.653100000000001E+047
   36.1180000000000       6.831800000000000E+042
   53.0750000000000       1.512400000000000E+031
   77.9920000000000       1.863300000000000E+032
   114.610000000000       6.323200000000000E+031
   168.410000000000      -1.361300000000000E+016
   247.480000000000       5.724900000000000E+017
