  0.100000000000000       9.697200000000000E+050
  0.242440000000000       3.300600000000000E+051
  0.356270000000000       8.318800000000000E+051
  0.523520000000000       2.176400000000000E+052
  0.769310000000000       3.970500000000000E+053
   1.13050000000000       1.267600000000000E+054
   1.66120000000000       2.831500000000000E+054
   2.44110000000000       5.615400000000000E+054
   3.58720000000000       8.615900000000000E+054
   5.27120000000000       8.333500000000000E+054
   7.74600000000000       4.999900000000000E+054
   11.3830000000000       9.034599999999999E+053
   16.7260000000000       1.233500000000000E+052
   24.5790000000000       8.113300000000000E+048
   36.1180000000000       7.825400000000001E+044
   53.0750000000000       1.516900000000000E+031
   77.9920000000000       1.639800000000000E+032
   114.610000000000       5.764000000000000E+031
   168.410000000000      -7.878600000000000E+015
   247.480000000000      -5.318000000000000E+017
