  0.100000000000000       9.055100000000001E+050
  0.242440000000000       3.031000000000000E+051
  0.356270000000000       7.560800000000000E+051
  0.523520000000000       1.954100000000000E+052
  0.769310000000000       3.350700000000000E+053
   1.13050000000000       1.054800000000000E+054
   1.66120000000000       2.297700000000000E+054
   2.44110000000000       4.370200000000000E+054
   3.58720000000000       6.271000000000000E+054
   5.27120000000000       5.608800000000000E+054
   7.74600000000000       3.121600000000000E+054
   11.3830000000000       5.042800000000000E+053
   16.7260000000000       6.383300000000000E+051
   24.5790000000000       3.987100000000000E+048
   36.1180000000000       3.024200000000000E+044
   53.0750000000000       1.512100000000000E+031
   77.9920000000000       1.705900000000000E+032
   114.610000000000       5.904500000000000E+031
   168.410000000000       9.791500000000000E+017
   247.480000000000      -1.039400000000000E+018
