  0.100000000000000       8.490000000000000E+050
  0.242440000000000       2.803800000000000E+051
  0.356270000000000       6.932200000000000E+051
  0.523520000000000       1.769500000000000E+052
  0.769310000000000       2.706500000000000E+053
   1.13050000000000       8.334299999999999E+053
   1.66120000000000       1.760500000000000E+054
   2.44110000000000       3.185800000000000E+054
   3.58720000000000       4.234700000000000E+054
   5.27120000000000       3.507800000000000E+054
   7.74600000000000       1.803700000000000E+054
   11.3830000000000       2.571700000000000E+053
   16.7260000000000       2.945000000000000E+051
   24.5790000000000       1.721200000000000E+048
   36.1180000000000       9.749700000000000E+043
   53.0750000000000       1.507800000000000E+031
   77.9920000000000       1.783100000000000E+032
   114.610000000000       6.084900000000000E+031
   168.410000000000      -4.325300000000000E+016
   247.480000000000      -9.410200000000000E+017
