  0.100000000000000       1.092300000000000E+051
  0.242440000000000       3.842100000000000E+051
  0.356270000000000       9.861499999999999E+051
  0.523520000000000       2.631200000000000E+052
  0.769310000000000       4.921400000000000E+053
   1.13050000000000       1.594100000000000E+054
   1.66120000000000       3.664500000000000E+054
   2.44110000000000       7.640700000000001E+054
   3.58720000000000       1.284000000000000E+055
   5.27120000000000       1.410900000000000E+055
   7.74600000000000       9.519600000000000E+054
   11.3830000000000       2.007500000000000E+054
   16.7260000000000       3.024800000000000E+052
   24.5790000000000       2.179500000000000E+049
   36.1180000000000       2.407500000000000E+045
   53.0750000000000       1.521300000000000E+031
   77.9920000000000       1.533400000000000E+032
   114.610000000000       5.561000000000000E+031
   168.410000000000      -1.267400000000000E+017
   247.480000000000       8.029900000000000E+015
