  0.100000000000000       9.032900000000000E+050
  0.242440000000000       3.021900000000000E+051
  0.356270000000000       7.535200000000001E+051
  0.523520000000000       1.946500000000000E+052
  0.769310000000000       3.326900000000000E+053
   1.13050000000000       1.046800000000000E+054
   1.66120000000000       2.277500000000000E+054
   2.44110000000000       4.324300000000000E+054
   3.58720000000000       6.189100000000000E+054
   5.27120000000000       5.520700000000000E+054
   7.74600000000000       3.064700000000000E+054
   11.3830000000000       4.929500000000000E+053
   16.7260000000000       6.219700000000000E+051
   24.5790000000000       3.875800000000000E+048
   36.1180000000000       2.911600000000000E+044
   53.0750000000000       1.511900000000000E+031
   77.9920000000000       1.708500000000000E+032
   114.610000000000       5.910100000000000E+031
   168.410000000000      -5.185800000000000E+017
   247.480000000000       1.904300000000000E+018
