  0.100000000000000       8.229900000000000E+050
  0.242440000000000       2.699000000000000E+051
  0.356270000000000       6.643400000000000E+051
  0.523520000000000       1.683800000000000E+052
  0.769310000000000       2.296700000000000E+053
   1.13050000000000       6.945100000000000E+053
   1.66120000000000       1.435800000000000E+054
   2.44110000000000       2.513900000000000E+054
   3.58720000000000       3.186800000000000E+054
   5.27120000000000       2.497100000000000E+054
   7.74600000000000       1.184000000000000E+054
   11.3830000000000       1.507300000000000E+053
   16.7260000000000       1.584000000000000E+051
   24.5790000000000       8.978800000000000E+047
   36.1180000000000       3.239700000000000E+043
   53.0750000000000       1.505200000000000E+031
   77.9920000000000       1.840600000000000E+032
   114.610000000000       6.257700000000000E+031
   168.410000000000      -4.722300000000000E+017
   247.480000000000      -7.459200000000000E+017
