  0.100000000000000       1.809500000000000E+051
  0.242440000000000       7.553000000000000E+051
  0.356270000000000       2.083700000000000E+052
  0.523520000000000       5.720300000000000E+052
  0.769310000000000       8.268699999999999E+053
   1.13050000000000       2.716100000000000E+054
   1.66120000000000       6.618300000000000E+054
   2.44110000000000       1.528100000000000E+055
   3.58720000000000       3.128500000000000E+055
   5.27120000000000       4.860700000000000E+055
   7.74600000000000       4.890500000000000E+055
   11.3830000000000       1.694200000000000E+055
   16.7260000000000       2.814500000000000E+053
   24.5790000000000       2.575400000000000E+050
   36.1180000000000       4.815000000000000E+046
   53.0750000000000       2.610300000000000E+032
   77.9920000000000       1.248900000000000E+032
   114.610000000000       4.814100000000000E+031
   168.410000000000      -5.762700000000000E+017
   247.480000000000      -2.198600000000000E+017
