  0.100000000000000       8.314700000000000E+050
  0.242440000000000       2.733300000000000E+051
  0.356270000000000       6.737600000000000E+051
  0.523520000000000       1.711600000000000E+052
  0.769310000000000       2.445100000000000E+053
   1.13050000000000       7.448700000000000E+053
   1.66120000000000       1.552700000000000E+054
   2.44110000000000       2.750800000000000E+054
   3.58720000000000       3.543000000000000E+054
   5.27120000000000       2.831700000000000E+054
   7.74600000000000       1.390300000000000E+054
   11.3830000000000       1.851900000000000E+053
   16.7260000000000       2.007900000000000E+051
   24.5790000000000       1.155700000000000E+048
   36.1180000000000       5.413900000000000E+043
   53.0750000000000       1.505900000000000E+031
   77.9920000000000       1.819600000000000E+032
   114.610000000000       6.191200000000000E+031
   168.410000000000       5.727700000000000E+017
   247.480000000000       6.628300000000000E+017
