  0.100000000000000       8.554300000000000E+050
  0.242440000000000       2.829500000000000E+051
  0.356270000000000       7.003200000000000E+051
  0.523520000000000       1.790300000000000E+052
  0.769310000000000       2.790500000000000E+053
   1.13050000000000       8.620800000000000E+053
   1.66120000000000       1.828700000000000E+054
   2.44110000000000       3.331900000000000E+054
   3.58720000000000       4.475500000000000E+054
   5.27120000000000       3.747900000000000E+054
   7.74600000000000       1.950700000000000E+054
   11.3830000000000       2.834100000000000E+053
   16.7260000000000       3.299500000000000E+051
   24.5790000000000       1.939000000000000E+048
   36.1180000000000       1.146400000000000E+044
   53.0750000000000       1.508400000000000E+031
   77.9920000000000       1.772100000000000E+032
   114.610000000000       6.055200000000000E+031
   168.410000000000       5.871000000000000E+017
   247.480000000000       2.891200000000000E+017
