  0.100000000000000       8.642800000000001E+050
  0.242440000000000       2.864800000000000E+051
  0.356270000000000       7.100300000000000E+051
  0.523520000000000       1.818900000000000E+052
  0.769310000000000       2.898600000000000E+053
   1.13050000000000       8.990500000000000E+053
   1.66120000000000       1.917100000000000E+054
   2.44110000000000       3.523800000000000E+054
   3.58720000000000       4.795600000000000E+054
   5.27120000000000       4.070400000000000E+054
   7.74600000000000       2.149300000000000E+054
   11.3830000000000       3.190900000000000E+053
   16.7260000000000       3.786200000000000E+051
   24.5790000000000       2.249700000000000E+048
   36.1180000000000       1.399400000000000E+044
   53.0750000000000       1.509200000000000E+031
   77.9920000000000       1.758800000000000E+032
   114.610000000000       6.019400000000000E+031
   168.410000000000      -1.792700000000000E+018
   247.480000000000       4.524700000000000E+017
