  0.100000000000000       9.527000000000000E+050
  0.242440000000000       3.228200000000000E+051
  0.356270000000000       8.114400000000000E+051
  0.523520000000000       2.116900000000000E+052
  0.769310000000000       3.818100000000000E+053
   1.13050000000000       1.215200000000000E+054
   1.66120000000000       2.699400000000000E+054
   2.44110000000000       5.302500000000000E+054
   3.58720000000000       8.005400000000000E+054
   5.27120000000000       7.585800000000000E+054
   7.74600000000000       4.464400000000000E+054
   11.3830000000000       7.849800000000000E+053
   16.7260000000000       1.052000000000000E+052
   24.5790000000000       6.837500000000000E+048
   36.1180000000000       6.246400000000000E+044
   53.0750000000000       1.515800000000000E+031
   77.9920000000000       1.655400000000000E+032
   114.610000000000       5.797700000000000E+031
   168.410000000000      -2.892400000000000E+017
   247.480000000000      -9.138500000000000E+016
