  0.100000000000000       8.183200000000000E+050
  0.242440000000000       2.681200000000000E+051
  0.356270000000000       6.595200000000000E+051
  0.523520000000000       1.670500000000000E+052
  0.769310000000000       2.223700000000000E+053
   1.13050000000000       6.695400000000000E+053
   1.66120000000000       1.377700000000000E+054
   2.44110000000000       2.396600000000000E+054
   3.58720000000000       3.012600000000000E+054
   5.27120000000000       2.333200000000000E+054
   7.74600000000000       1.082300000000000E+054
   11.3830000000000       1.352300000000000E+053
   16.7260000000000       1.424900000000000E+051
   24.5790000000000       8.012000000000000E+047
   36.1180000000000       2.432400000000000E+043
   53.0750000000000       1.505500000000000E+031
   77.9920000000000       1.850800000000000E+032
   114.610000000000       6.293400000000000E+031
   168.410000000000       4.116900000000000E+017
   247.480000000000       2.319000000000000E+017
