  0.100000000000000       1.410100000000000E+051
  0.242440000000000       5.385900000000000E+051
  0.356270000000000       1.435900000000000E+052
  0.523520000000000       3.918700000000000E+052
  0.769310000000000       6.680000000000000E+053
   1.13050000000000       2.192600000000000E+054
   1.66120000000000       5.222600000000000E+054
   2.44110000000000       1.162400000000000E+055
   3.58720000000000       2.211400000000000E+055
   5.27120000000000       2.998300000000000E+055
   7.74600000000000       2.543000000000000E+055
   11.3830000000000       7.086900000000000E+054
   16.7260000000000       1.157700000000000E+053
   24.5790000000000       9.566999999999999E+049
   36.1180000000000       1.471200000000000E+046
   53.0750000000000       5.047700000000000E+031
   77.9920000000000       1.397200000000000E+032
   114.610000000000       5.118200000000000E+031
   168.410000000000      -4.567300000000000E+017
   247.480000000000      -7.329800000000000E+017
