  0.100000000000000       8.622600000000000E+050
  0.242440000000000       2.856900000000000E+051
  0.356270000000000       7.078200000000000E+051
  0.523520000000000       1.812400000000000E+052
  0.769310000000000       2.874600000000000E+053
   1.13050000000000       8.908300000000000E+053
   1.66120000000000       1.897400000000000E+054
   2.44110000000000       3.480700000000000E+054
   3.58720000000000       4.723300000000000E+054
   5.27120000000000       3.997100000000000E+054
   7.74600000000000       2.104100000000000E+054
   11.3830000000000       3.109300000000000E+053
   16.7260000000000       3.675400000000000E+051
   24.5790000000000       2.178000000000000E+048
   36.1180000000000       1.339800000000000E+044
   53.0750000000000       1.509000000000000E+031
   77.9920000000000       1.761700000000000E+032
   114.610000000000       6.027000000000000E+031
   168.410000000000       1.508300000000000E+018
   247.480000000000      -1.406500000000000E+016
