  0.100000000000000       8.814200000000000E+050
  0.242440000000000       2.933400000000000E+051
  0.356270000000000       7.289400000000000E+051
  0.523520000000000       1.874100000000000E+052
  0.769310000000000       3.093300000000000E+053
   1.13050000000000       9.668800000000000E+053
   1.66120000000000       2.078800000000000E+054
   2.44110000000000       3.880700000000000E+054
   3.58720000000000       5.406600000000000E+054
   5.27120000000000       4.696900000000000E+054
   7.74600000000000       2.540200000000000E+054
   11.3830000000000       3.912800000000000E+053
   16.7260000000000       4.779600000000000E+051
   24.5790000000000       2.902400000000000E+048
   36.1180000000000       1.973200000000000E+044
   53.0750000000000       1.510500000000000E+031
   77.9920000000000       1.735400000000000E+032
   114.610000000000       5.964500000000000E+031
   168.410000000000      -6.968400000000000E+017
   247.480000000000      -1.236600000000000E+018
