  0.000000000000000E+000  0.000000000000000E+000
  5.000000000000000E-002  1.864029412534658E+043
  0.100000000000000       2.395659217328542E+045
  0.150000000000000       5.347575816617759E+046
  0.200000000000000       4.398230368274596E+047
  0.250000000000000       2.038276115615678E+048
  0.300000000000000       5.242158680398253E+048
  0.350000000000000       9.066527229980244E+048
  0.400000000000000       1.354496919486279E+049
  0.450000000000000       1.879011493432387E+049
  0.500000000000000       2.496277463798528E+049
  0.550000000000000       3.148540750694895E+049
  0.600000000000000       3.777507627425354E+049
  0.650000000000000       4.360534716583418E+049
  0.700000000000000       4.873541990642552E+049
  0.750000000000000       5.298224179039691E+049
  0.800000000000000       5.624218493719054E+049
  0.850000000000000       5.860506372924596E+049
  0.900000000000000       5.999707211454099E+049
  0.950000000000000       6.067470356657854E+049
   1.00000000000000       6.050100129233949E+049
   1.05000000000000       5.989346849179704E+049
   1.10000000000000       5.883541349742075E+049
   1.15000000000000       5.740483092783505E+049
   1.20000000000000       5.562801643126143E+049
   1.25000000000000       5.362501603568721E+049
   1.30000000000000       5.146436251017409E+049
   1.35000000000000       4.919692516067073E+049
   1.40000000000000       4.688365257024470E+049
   1.45000000000000       4.453699625897195E+049
   1.50000000000000       4.217230746748555E+049
   1.55000000000000       3.982376848512341E+049
   1.60000000000000       3.749103089686471E+049
   1.65000000000000       3.524700790797662E+049
   1.70000000000000       3.306633632491317E+049
   1.75000000000000       3.092141820188003E+049
   1.80000000000000       2.887174900710645E+049
   1.85000000000000       2.690440819168080E+049
   1.90000000000000       2.504153453422982E+049
   1.95000000000000       2.326987357574300E+049
   2.00000000000000       2.159109922934851E+049
   2.05000000000000       1.998180049894894E+049
   2.10000000000000       1.850328842013098E+049
   2.15000000000000       1.710222546644905E+049
   2.20000000000000       1.577309976613787E+049
   2.25000000000000       1.451978130876778E+049
   2.30000000000000       1.334218670338408E+049
   2.35000000000000       1.225256908885952E+049
   2.40000000000000       1.122411866437395E+049
   2.45000000000000       1.027189459430070E+049
   2.50000000000000       9.381349300607896E+048
   2.55000000000000       8.573952098755376E+048
   2.60000000000000       7.818655475747383E+048
   2.65000000000000       7.131580302530466E+048
   2.70000000000000       6.481358703221443E+048
   2.75000000000000       5.877150036793441E+048
   2.80000000000000       5.328283464624446E+048
   2.85000000000000       4.825893270343911E+048
   2.90000000000000       4.363352450198676E+048
   2.95000000000000       3.945469415369167E+048
   3.00000000000000       3.561841539014700E+048
   3.05000000000000       3.214259678987012E+048
   3.10000000000000       2.900705252488141E+048
   3.15000000000000       2.610110777318625E+048
   3.20000000000000       2.340669462305136E+048
   3.25000000000000       2.108563643579810E+048
   3.30000000000000       1.888339115586213E+048
   3.35000000000000       1.694557976003079E+048
   3.40000000000000       1.522491383021187E+048
   3.45000000000000       1.363603820691603E+048
   3.50000000000000       1.217863445119962E+048
   3.55000000000000       1.092543081544104E+048
   3.60000000000000       9.711133296805728E+047
   3.65000000000000       8.674649245382124E+047
   3.70000000000000       7.754739920313420E+047
   3.75000000000000       6.925043650920524E+047
   3.80000000000000       6.175213512814847E+047
   3.85000000000000       5.506559178127660E+047
   3.90000000000000       4.889914497064710E+047
   3.95000000000000       4.341185140384298E+047
   4.00000000000000       3.854385443930966E+047
   4.05000000000000       3.433767021042460E+047
   4.10000000000000       3.056627821870249E+047
   4.15000000000000       2.716879253688505E+047
   4.20000000000000       2.412935233775693E+047
   4.25000000000000       2.130373258363808E+047
   4.30000000000000       1.881352063015682E+047
   4.35000000000000       1.668881395932523E+047
   4.40000000000000       1.487699460496892E+047
   4.45000000000000       1.317614304369189E+047
   4.50000000000000       1.168655804649977E+047
   4.55000000000000       1.032394799579168E+047
   4.60000000000000       9.054783882031706E+046
   4.65000000000000       8.001949327299786E+046
   4.70000000000000       7.115435616668854E+046
   4.75000000000000       6.297165774855593E+046
   4.80000000000000       5.566558009982149E+046
   4.85000000000000       4.926410481571024E+046
   4.90000000000000       4.302781620719784E+046
   4.95000000000000       3.792575127466395E+046
   5.00000000000000       3.358853440999972E+046
   5.05000000000000       2.962803749393290E+046
   5.10000000000000       2.611372295702299E+046
   5.15000000000000       2.316740306457868E+046
   5.20000000000000       2.029611928814158E+046
   5.25000000000000       1.777690562434396E+046
   5.30000000000000       1.568678623069732E+046
   5.35000000000000       1.380591063404089E+046
   5.40000000000000       1.214746559851001E+046
   5.45000000000000       1.075976624910711E+046
   5.50000000000000       9.461737984993981E+045
   5.55000000000000       8.272497379141233E+045
   5.60000000000000       7.287818590508285E+045
   5.65000000000000       6.389882258089894E+045
   5.70000000000000       5.592415222143628E+045
   5.75000000000000       4.937435194856768E+045
   5.80000000000000       4.364496330204742E+045
   5.85000000000000       3.831715659829582E+045
   5.90000000000000       3.344932806639000E+045
   5.95000000000000       2.927196080267132E+045
   6.00000000000000       2.551671979182356E+045
   6.05000000000000       2.239130719035070E+045
   6.10000000000000       1.989890609581932E+045
   6.15000000000000       1.753273169944158E+045
   6.20000000000000       1.527493715834335E+045
   6.25000000000000       1.335019916478013E+045
   6.30000000000000       1.154234756004362E+045
   6.35000000000000       1.006763447699120E+045
   6.40000000000000       8.918241486896232E+044
   6.45000000000000       7.724582135428545E+044
   6.50000000000000       6.777645196510068E+044
   6.55000000000000       5.904094847099538E+044
   6.60000000000000       5.121161732391325E+044
   6.65000000000000       4.445101403345034E+044
   6.70000000000000       3.678428636381414E+044
   6.75000000000000       3.270411515919237E+044
   6.80000000000000       2.883685566611455E+044
   6.85000000000000       2.514863866371941E+044
   6.90000000000000       2.191771343445208E+044
   6.95000000000000       1.808711449132175E+044
   7.00000000000000       1.576872635779243E+044
   7.05000000000000       1.401890640384210E+044
   7.10000000000000       1.241306539252100E+044
   7.15000000000000       1.090670913673458E+044
   7.20000000000000       9.468522485183721E+043
   7.25000000000000       8.222186268971450E+043
   7.30000000000000       7.157970037008515E+043
   7.35000000000000       6.204155313010120E+043
   7.40000000000000       5.370640441675362E+043
   7.45000000000000       4.187825944614043E+043
   7.50000000000000       3.634698726574892E+043
   7.55000000000000       3.163857823127852E+043
   7.60000000000000       2.493029502786530E+043
   7.65000000000000       1.336376093814033E+043
   7.70000000000000       1.184324319622978E+043
   7.75000000000000       1.056875060883634E+043
   7.80000000000000       9.326513768793985E+042
   7.85000000000000       5.482075360660422E+042
   7.90000000000000       4.744629190980174E+042
   7.95000000000000       2.893935971223039E+042
   8.00000000000000       1.262458851640648E+042
   8.05000000000000       6.628054349471965E+040
   8.10000000000000       1.428195600000000E+038
   8.15000000000000       1.254427200000000E+038
   8.20000000000000       1.101695400000000E+038
   8.25000000000000       9.674262000000001E+037
   8.30000000000000       8.494200000000001E+037
   8.35000000000000       7.457112000000000E+037
   8.40000000000000       6.545916000000000E+037
   8.45000000000000       5.745401999999999E+037
   8.50000000000000       5.042466000000000E+037
   8.55000000000000       4.424706000000000E+037
   8.60000000000000       3.882294000000000E+037
   8.65000000000000       3.406104000000000E+037
   8.70000000000000       2.987946000000000E+037
   8.75000000000000       2.620800000000000E+037
   8.80000000000000       2.298558600000000E+037
   8.85000000000000       2.015722800000000E+037
   8.90000000000000       1.767495600000000E+037
   8.95000000000000       1.549688400000000E+037
   9.00000000000000       1.358580600000000E+037
   9.05000000000000       1.190919600000000E+037
   9.10000000000000       1.043850600000000E+037
   9.15000000000000       9.148463999999999E+036
   9.20000000000000       8.017308000000000E+036
   9.25000000000000       7.025148000000001E+036
   9.30000000000000       6.155136000000000E+036
   9.35000000000000       5.392530000000000E+036
   9.40000000000000       4.723758000000000E+036
   9.45000000000000       4.137588000000000E+036
   9.50000000000000       3.623958000000000E+036
   9.55000000000000       3.173742000000000E+036
   9.60000000000000       2.779218000000000E+036
   9.65000000000000       2.433600000000000E+036
   9.70000000000000       2.130616800000000E+036
   9.75000000000000       1.865260800000000E+036
   9.80000000000000       1.632828600000000E+036
   9.85000000000000       1.429225200000000E+036
   9.90000000000000       1.250917200000000E+036
   9.95000000000000       1.094745600000000E+036
   10.0000000000000       9.580194000000000E+035
   10.0500000000000       8.382816000000000E+035
   10.1000000000000       7.334495999999999E+035
   10.1500000000000       6.416748000000000E+035
   10.2000000000000       5.613426000000001E+035
   10.2500000000000       4.910490000000000E+035
   10.3000000000000       4.295070000000000E+035
   10.3500000000000       3.756402000000001E+035
   10.4000000000000       3.285126000000000E+035
   10.4500000000000       2.872818000000000E+035
   10.5000000000000       2.511990000000000E+035
   10.5500000000000       2.196347400000000E+035
   10.6000000000000       1.920227400000000E+035
   10.6500000000000       1.678716000000000E+035
   10.7000000000000       1.467460800000000E+035
   10.7500000000000       1.282694400000000E+035
   10.8000000000000       1.121117400000000E+035
   10.8500000000000       9.798282000000001E+034
   10.9000000000000       8.562761999999999E+034
   10.9500000000000       7.482618000000000E+034
   11.0000000000000       6.538194000000000E+034
   11.0500000000000       5.712642000000000E+034
   11.1000000000000       4.990986000000000E+034
   11.1500000000000       4.360356000000000E+034
   11.2000000000000       3.809052000000000E+034
   11.2500000000000       3.327246000000000E+034
   11.3000000000000       2.906046000000000E+034
   11.3500000000000       2.538198000000000E+034
   11.4000000000000       2.216682000000000E+034
   11.4500000000000       1.935788400000000E+034
   11.5000000000000       1.690392600000000E+034
   11.5500000000000       1.476001800000000E+034
   11.6000000000000       1.288731600000000E+034
   11.6500000000000       1.125142200000000E+034
   11.7000000000000       9.822852000000000E+033
   11.7500000000000       8.574930000000001E+033
   11.8000000000000       7.485192000000001E+033
   11.8500000000000       6.533514000000000E+033
   11.9000000000000       5.702580000000001E+033
   11.9500000000000       4.976946000000000E+033
   12.0000000000000       4.343508000000000E+033
   12.0500000000000       3.790332000000000E+033
   12.1000000000000       3.307590000000000E+033
   12.1500000000000       2.885922000000000E+033
   12.2000000000000       2.518074000000000E+033
   12.2500000000000       2.196979200000000E+033
   12.3000000000000       1.916694000000000E+033
   12.3500000000000       1.672070400000000E+033
   12.4000000000000       1.458592200000000E+033
   12.4500000000000       1.272304800000000E+033
   12.5000000000000       1.109768400000000E+033
   12.5500000000000       9.679176000000000E+032
   12.6000000000000       8.441784000000000E+032
   12.6500000000000       7.362108000000000E+032
   12.7000000000000       6.420024000000000E+032
   12.7500000000000       5.598450000000000E+032
   12.8000000000000       4.881708000000000E+032
   12.8500000000000       4.256460000000000E+032
   12.9000000000000       3.711240000000000E+032
   12.9500000000000       3.235518000000000E+032
   13.0000000000000       2.820636000000000E+032
   13.0500000000000       2.459106000000000E+032
   13.1000000000000       2.143557000000000E+032
   13.1500000000000       1.868490000000000E+032
   13.2000000000000       1.628640000000000E+032
   13.2500000000000       1.419514200000000E+032
   13.3000000000000       1.237181400000000E+032
   13.3500000000000       1.078225200000000E+032
   13.4000000000000       9.396270000000000E+031
   13.4500000000000       8.188362000000000E+031
   13.5000000000000       7.135362000000001E+031
   13.5500000000000       6.217379999999999E+031
   13.6000000000000       5.417334000000000E+031
   13.6500000000000       4.720014000000000E+031
   13.7000000000000       4.112316000000001E+031
   13.7500000000000       3.582540000000000E+031
   13.8000000000000       3.121092000000000E+031
   13.8500000000000       2.718846000000000E+031
   13.9000000000000       2.368314000000000E+031
   13.9500000000000       2.062967400000000E+031
   14.0000000000000       1.796886000000000E+031
   14.0500000000000       1.565062200000000E+031
   14.1000000000000       1.363096800000000E+031
   14.1500000000000       1.187128800000000E+031
   14.2000000000000       1.033835400000000E+031
   14.2500000000000       9.003149999999999E+030
   14.3000000000000       7.839936000000001E+030
   14.3500000000000       6.826950000000000E+030
   14.4000000000000       5.944302000000000E+030
   14.4500000000000       5.175846000000000E+030
   14.5000000000000       4.506372000000000E+030
   14.5500000000000       3.923478000000000E+030
   14.6000000000000       3.415698000000000E+030
   14.6500000000000       2.973672000000000E+030
   14.7000000000000       2.588742000000000E+030
   14.7500000000000       2.253490200000000E+030
   14.8000000000000       1.961598600000000E+030
   14.8500000000000       1.707451200000000E+030
   14.9000000000000       1.486180800000000E+030
   14.9500000000000       1.293552000000000E+030
   15.0000000000000       1.125820800000000E+030
   15.0500000000000       9.798282000000000E+029
   15.1000000000000       8.527194000000000E+029
   15.1500000000000       7.420842000000001E+029
   15.2000000000000       6.457698000000001E+029
   15.2500000000000       5.619510000000001E+029
   15.3000000000000       4.889898000000000E+029
   15.3500000000000       4.254822000000000E+029
   15.4000000000000       3.702114000000000E+029
   15.4500000000000       3.221244000000000E+029
   15.5000000000000       2.802618000000000E+029
   15.5500000000000       2.438280000000000E+029
   15.6000000000000       2.121210000000000E+029
   15.6500000000000       1.845370800000000E+029
   15.7000000000000       1.605333600000000E+029
   15.7500000000000       1.396465200000000E+029
   15.8000000000000       1.214740800000000E+029
   15.8500000000000       1.056627000000000E+029
   15.9000000000000       9.190818000000000E+028
   15.9500000000000       7.993908000000000E+028
   16.0000000000000       6.952842000000000E+028
   16.0500000000000       6.047028000000000E+028
   16.1000000000000       5.259150000000001E+028
   16.1500000000000       4.573764000000000E+028
   16.2000000000000       3.977532000000000E+028
   16.2500000000000       3.458988000000000E+028
   16.3000000000000       3.007836000000000E+028
   16.3500000000000       2.615652000000000E+028
   16.4000000000000       2.274363000000000E+028
   16.4500000000000       1.977604200000000E+028
   16.5000000000000       1.719502200000000E+028
   16.5500000000000       1.495049400000000E+028
   16.6000000000000       1.299870000000000E+028
   16.6500000000000       1.130126400000000E+028
   16.7000000000000       9.825192000000000E+027
   16.7500000000000       8.541701999999999E+027
   16.8000000000000       7.425522000000000E+027
   16.8500000000000       6.455123999999999E+027
   16.9000000000000       5.611320000000000E+027
   16.9500000000000       4.877730000000000E+027
   17.0000000000000       4.239846000000000E+027
   17.0500000000000       3.685500000000000E+027
   17.1000000000000       3.203460000000000E+027
   17.1500000000000       2.784132000000000E+027
   17.2000000000000       2.420028000000000E+027
   17.2500000000000       2.103192000000000E+027
   17.3000000000000       1.827891000000000E+027
   17.3500000000000       1.588555800000000E+027
   17.4000000000000       1.380553200000000E+027
   17.4500000000000       1.199718000000000E+027
   17.5000000000000       1.042563600000000E+027
   17.5500000000000       9.059778000000000E+026
   17.6000000000000       7.872462000000000E+026
   17.6500000000000       6.840756000000001E+026
   17.7000000000000       5.944068000000000E+026
   17.7500000000000       5.164614000000001E+026
   17.8000000000000       4.487418000000000E+026
   17.8500000000000       3.898908000000000E+026
   17.9000000000000       3.387384000000000E+026
   17.9500000000000       2.943018000000000E+026
   18.0000000000000       2.556918000000000E+026
   18.0500000000000       2.221315200000000E+026
   18.1000000000000       1.929727800000000E+026
   18.1500000000000       1.676399400000000E+026
   18.2000000000000       1.456275600000000E+026
   18.2500000000000       1.265027400000000E+026
   18.3000000000000       1.098887400000000E+026
   18.3500000000000       9.545328000000001E+025
   18.4000000000000       8.291088000000001E+025
   18.4500000000000       7.201584000000001E+025
   18.5000000000000       6.255054000000000E+025
   18.5500000000000       5.432778000000000E+025
   18.6000000000000       4.718610000000000E+025
   18.6500000000000       4.098276000000000E+025
   18.7000000000000       3.559140000000000E+025
   18.7500000000000       3.091140000000000E+025
   18.8000000000000       2.684448000000000E+025
   18.8500000000000       2.331271800000000E+025
   18.9000000000000       2.024497800000000E+025
   18.9500000000000       1.758065400000000E+025
   19.0000000000000       1.526662800000000E+025
   19.0500000000000       1.325680200000000E+025
   19.1000000000000       1.151139600000000E+025
   19.1500000000000       9.995544000000002E+024
   19.2000000000000       8.679060000000001E+024
   19.2500000000000       7.535736000000001E+024
   19.3000000000000       6.543108000000001E+024
   19.3500000000000       5.680818000000001E+024
   19.4000000000000       4.932252000000001E+024
   19.4500000000000       4.282200000000002E+024
   19.5000000000000       3.717792000000002E+024
   19.5500000000000       3.227562000000002E+024
   19.6000000000000       2.802150000000001E+024
   19.6500000000000       2.432664000000002E+024
   19.7000000000000       2.111756400000002E+024
   19.7500000000000       1.833202800000002E+024
   19.8000000000000       1.591363800000002E+024
   19.8500000000000       1.381395600000002E+024
   19.9000000000000       1.199109600000002E+024
   19.9500000000000       1.040855400000001E+024
   20.0000000000000       9.034740000000017E+023
   20.0500000000000       7.842042000000016E+023
   20.1000000000000       6.806592000000017E+023
   20.1500000000000       5.907798000000017E+023
   20.2000000000000       5.127642000000016E+023
   20.2500000000000       4.450446000000016E+023
   20.3000000000000       3.862404000000016E+023
   20.3500000000000       3.352284000000016E+023
   20.4000000000000       2.909322000000016E+023
   20.4500000000000       2.524860000000016E+023
   20.5000000000000       2.191152600000016E+023
   20.5500000000000       1.901530800000017E+023
   20.6000000000000       1.650144600000016E+023
   20.6500000000000       1.431986400000016E+023
   20.7000000000000       1.242633600000016E+023
   20.7500000000000       1.078295400000016E+023
   20.8000000000000       9.356958000000163E+022
   20.8500000000000       8.119098000000162E+022
   20.9000000000000       7.045038000000161E+022
   20.9500000000000       6.113016000000164E+022
   21.0000000000000       5.304078000000163E+022
   21.0500000000000       4.602078000000164E+022
   21.1000000000000       3.992976000000163E+022
   21.1500000000000       3.464370000000163E+022
   21.2000000000000       3.005730000000163E+022
   21.2500000000000       2.607930000000163E+022
   21.3000000000000       2.262499200000162E+022
   21.3500000000000       1.962862200000162E+022
   21.4000000000000       1.702888200000162E+022
   21.4500000000000       1.477335600000163E+022
   21.5000000000000       1.281618000000162E+022
   21.5500000000000       1.111804200000162E+022
   21.6000000000000       9.644778000001622E+021
   21.6500000000000       8.366670000001622E+021
   21.7000000000000       7.257744000001624E+021
   21.7500000000000       6.295770000001624E+021
   21.8000000000000       5.461092000001624E+021
   21.8500000000000       4.737096000001623E+021
   21.9000000000000       4.109040000001623E+021
   21.9500000000000       3.564054000001623E+021
   22.0000000000000       3.091374000001622E+021
   22.0500000000000       2.681406000001622E+021
   22.1000000000000       2.325702600001623E+021
   22.1500000000000       2.017150200001623E+021
   22.2000000000000       1.749524400001623E+021
   22.2500000000000       1.517373000001623E+021
   22.3000000000000       1.315992600001623E+021
   22.3500000000000       1.141335000001623E+021
   22.4000000000000       9.898434000016232E+020
   22.4500000000000       8.584290000016232E+020
   22.5000000000000       7.444710000016231E+020
   22.5500000000000       6.456294000016231E+020
   22.6000000000000       5.598918000016230E+020
   22.6500000000000       4.855266000016231E+020
   22.7000000000000       4.210362000016230E+020
   22.7500000000000       3.651102000016230E+020
   22.8000000000000       3.166254000016230E+020
   22.8500000000000       2.745522000016231E+020
   22.9000000000000       2.380716000016231E+020
   22.9500000000000       2.064348000016232E+020
   23.0000000000000       1.790006400016231E+020
   23.0500000000000       1.552098600016231E+020
   23.1000000000000       1.345780800016231E+020
   23.1500000000000       1.166887800016231E+020
   23.2000000000000       1.011745800016231E+020
   23.2500000000000       8.772192000162313E+019
   23.3000000000000       7.605702000162313E+019
   23.3500000000000       6.594354000162313E+019
   23.4000000000000       5.717322000162313E+019
   23.4500000000000       4.956822000162313E+019
   23.5000000000000       4.297410000162313E+019
   23.5500000000000       3.725748000162313E+019
   23.6000000000000       3.230136000162313E+019
   23.6500000000000       2.800278000162313E+019
   23.7000000000000       2.427516000162313E+019
   23.7500000000000       2.104525800162313E+019
   23.8000000000000       1.824427800162313E+019
   23.8500000000000       1.581582600162313E+019
   23.9000000000000       1.371029400162313E+019
   23.9500000000000       1.188509400162313E+019
   24.0000000000000       1.030255200162313E+019
   24.0500000000000       8.930610001623131E+018
   24.1000000000000       7.741422001623131E+018
   24.1500000000000       6.710418001623130E+018
   24.2000000000000       5.816538001623130E+018
   24.2500000000000       5.041764001623130E+018
   24.3000000000000       4.370184001623130E+018
   24.3500000000000       3.787992001623130E+018
   24.4000000000000       3.283254001623130E+018
   24.4500000000000       2.845674001623130E+018
   24.5000000000000       2.466594001623130E+018
   24.5500000000000       2.137800601623131E+018
   24.6000000000000       1.852858801623131E+018
   24.6500000000000       1.605871801623131E+018
   24.7000000000000       1.391808601623131E+018
   24.7500000000000       1.206246601623131E+018
   24.8000000000000       1.045418401623131E+018
   24.8500000000000       9.060246016231309E+017
   24.9000000000000       7.852104016231309E+017
   24.9500000000000       6.804954016231309E+017
   25.0000000000000       5.897268016231309E+017
