  0.000000000000000E+000  0.000000000000000E+000
  5.000000000000000E-002  4.742764129494300E+047
  0.100000000000000       2.045015888504129E+048
  0.150000000000000       5.434948587788326E+048
  0.200000000000000       1.290151830349006E+049
  0.250000000000000       2.781799646741767E+049
  0.300000000000000       5.225646688402466E+049
  0.350000000000000       8.733704312216933E+049
  0.400000000000000       1.336683030086225E+050
  0.450000000000000       1.890372321059957E+050
  0.500000000000000       2.501347297026833E+050
  0.550000000000000       3.157955774575696E+050
  0.600000000000000       3.830594119167173E+050
  0.650000000000000       4.502845640139125E+050
  0.700000000000000       5.168592812286808E+050
  0.750000000000000       5.820132133279167E+050
  0.800000000000000       6.445438810782140E+050
  0.850000000000000       7.036774494940520E+050
  0.900000000000000       7.585965616325449E+050
  0.950000000000000       8.093679644079334E+050
   1.00000000000000       8.551102509224397E+050
   1.05000000000000       8.956015543797450E+050
   1.10000000000000       9.310293369797990E+050
   1.15000000000000       9.614104327070953E+050
   1.20000000000000       9.859216041437926E+050
   1.25000000000000       1.004943660307624E+051
   1.30000000000000       1.019944221504674E+051
   1.35000000000000       1.030359528424536E+051
   1.40000000000000       1.036297743881807E+051
   1.45000000000000       1.038207920320954E+051
   1.50000000000000       1.036570290712155E+051
   1.55000000000000       1.031708595657435E+051
   1.60000000000000       1.023683525375527E+051
   1.65000000000000       1.012737753596960E+051
   1.70000000000000       9.993587289522967E+050
   1.75000000000000       9.836706753385889E+050
   1.80000000000000       9.658780441945920E+050
   1.85000000000000       9.464577871403067E+050
   1.90000000000000       9.256535795742034E+050
   1.95000000000000       9.035572826596770E+050
   2.00000000000000       8.802965154224193E+050
   2.05000000000000       8.562457995728537E+050
   2.10000000000000       8.315809221095626E+050
   2.15000000000000       8.060827193501758E+050
   2.20000000000000       7.806191263374448E+050
   2.25000000000000       7.548806676206414E+050
   2.30000000000000       7.288291241569413E+050
   2.35000000000000       7.026108709958824E+050
   2.40000000000000       6.764969798185260E+050
   2.45000000000000       6.508854466688230E+050
   2.50000000000000       6.252279565799328E+050
   2.55000000000000       6.001314963557797E+050
   2.60000000000000       5.754925431663945E+050
   2.65000000000000       5.516161035071583E+050
   2.70000000000000       5.280073043925344E+050
   2.75000000000000       5.049888344878595E+050
   2.80000000000000       4.826034044021324E+050
   2.85000000000000       4.604464670581302E+050
   2.90000000000000       4.392142890111490E+050
   2.95000000000000       4.185095187946419E+050
   3.00000000000000       3.985782037403404E+050
   3.05000000000000       3.792733476250217E+050
   3.10000000000000       3.604533504543528E+050
   3.15000000000000       3.424346999459498E+050
   3.20000000000000       3.249637412376838E+050
   3.25000000000000       3.083322745825249E+050
   3.30000000000000       2.926334484296657E+050
   3.35000000000000       2.774492085443089E+050
   3.40000000000000       2.628978109196473E+050
   3.45000000000000       2.491195550524582E+050
   3.50000000000000       2.356168672709979E+050
   3.55000000000000       2.224638461683455E+050
   3.60000000000000       2.100938794916020E+050
   3.65000000000000       1.981887516839997E+050
   3.70000000000000       1.869543974126600E+050
   3.75000000000000       1.765711497267409E+050
   3.80000000000000       1.665751430716072E+050
   3.85000000000000       1.570228933767077E+050
   3.90000000000000       1.479249734130087E+050
   3.95000000000000       1.390979476997177E+050
   4.00000000000000       1.308258735686205E+050
   4.05000000000000       1.230007077491496E+050
   4.10000000000000       1.155951805907747E+050
   4.15000000000000       1.087105197962662E+050
   4.20000000000000       1.021823780609119E+050
   4.25000000000000       9.591655095086540E+049
   4.30000000000000       9.007349772192039E+049
   4.35000000000000       8.449390246990340E+049
   4.40000000000000       7.908195918475676E+049
   4.45000000000000       7.402884368351864E+049
   4.50000000000000       6.936492287004322E+049
   4.55000000000000       6.493386836201037E+049
   4.60000000000000       6.078829987129642E+049
   4.65000000000000       5.689691182271417E+049
   4.70000000000000       5.333243966332490E+049
   4.75000000000000       4.993597136952359E+049
   4.80000000000000       4.667489847583482E+049
   4.85000000000000       4.356077316188560E+049
   4.90000000000000       4.066645573945235E+049
   4.95000000000000       3.794497694236469E+049
   5.00000000000000       3.536687051048381E+049
   5.05000000000000       3.297533775473677E+049
   5.10000000000000       3.074826353724886E+049
   5.15000000000000       2.874053928759821E+049
   5.20000000000000       2.685374684518831E+049
   5.25000000000000       2.505036642727054E+049
   5.30000000000000       2.333294515347438E+049
   5.35000000000000       2.173750063092321E+049
   5.40000000000000       2.022964170045215E+049
   5.45000000000000       1.879901116504183E+049
   5.50000000000000       1.746908324205010E+049
   5.55000000000000       1.624756209718199E+049
   5.60000000000000       1.513311223790596E+049
   5.65000000000000       1.407838072915762E+049
   5.70000000000000       1.310199690271964E+049
   5.75000000000000       1.219241121532210E+049
   5.80000000000000       1.135411756286090E+049
   5.85000000000000       1.055228156155851E+049
   5.90000000000000       9.783678842710986E+048
   5.95000000000000       9.072251269973556E+048
   6.00000000000000       8.423938986075529E+048
   6.05000000000000       7.821172451780316E+048
   6.10000000000000       7.254051776341505E+048
   6.15000000000000       6.722654808121600E+048
   6.20000000000000       6.243793526661027E+048
   6.25000000000000       5.806977076909916E+048
   6.30000000000000       5.396030652361381E+048
   6.35000000000000       4.998277583318648E+048
   6.40000000000000       4.633581206673991E+048
   6.45000000000000       4.291845242623652E+048
   6.50000000000000       3.978633985709131E+048
   6.55000000000000       3.685357973350582E+048
   6.60000000000000       3.405603370553354E+048
   6.65000000000000       3.152823929634717E+048
   6.70000000000000       2.918900418056277E+048
   6.75000000000000       2.711026625000142E+048
   6.80000000000000       2.513781675055328E+048
   6.85000000000000       2.328785133467740E+048
   6.90000000000000       2.156209170873069E+048
   6.95000000000000       1.994563713742318E+048
   7.00000000000000       1.846204248661445E+048
   7.05000000000000       1.705592236310679E+048
   7.10000000000000       1.574581173807051E+048
   7.15000000000000       1.454831061194875E+048
   7.20000000000000       1.343704915895527E+048
   7.25000000000000       1.245621954511294E+048
   7.30000000000000       1.154486726625740E+048
   7.35000000000000       1.068370940533044E+048
   7.40000000000000       9.880106743472492E+047
   7.45000000000000       9.133254544304198E+047
   7.50000000000000       8.437094198057653E+047
   7.55000000000000       7.791202319895542E+047
   7.60000000000000       7.177195883452260E+047
   7.65000000000000       6.623913334622018E+047
   7.70000000000000       6.107607618973026E+047
   7.75000000000000       5.649410910952715E+047
   7.80000000000000       5.231100237319753E+047
   7.85000000000000       4.838124913180758E+047
   7.90000000000000       4.469763140679505E+047
   7.95000000000000       4.128277896207098E+047
   8.00000000000000       3.814758524118607E+047
   8.05000000000000       3.518065273582181E+047
   8.10000000000000       3.237994808511599E+047
   8.15000000000000       2.985267781294383E+047
   8.20000000000000       2.749120183246549E+047
   8.25000000000000       2.536040087824830E+047
   8.30000000000000       2.345108834209311E+047
   8.35000000000000       2.168538297250643E+047
   8.40000000000000       2.004806458249409E+047
   8.45000000000000       1.850256541575622E+047
   8.50000000000000       1.708610352369722E+047
   8.55000000000000       1.575452956473921E+047
   8.60000000000000       1.447781028120670E+047
   8.65000000000000       1.332695939093864E+047
   8.70000000000000       1.225619318861310E+047
   8.75000000000000       1.128287592388454E+047
   8.80000000000000       1.041667261946251E+047
   8.85000000000000       9.640332868987420E+046
   8.90000000000000       8.891614026517473E+046
   8.95000000000000       8.207321585058199E+046
   9.00000000000000       7.581329286781838E+046
   9.05000000000000       6.970477165789350E+046
   9.10000000000000       6.399903527483609E+046
   9.15000000000000       5.892836278502362E+046
   9.20000000000000       5.412222522428938E+046
   9.25000000000000       4.971783146967201E+046
   9.30000000000000       4.535319947086529E+046
   9.35000000000000       4.196990940317355E+046
   9.40000000000000       3.873218470289573E+046
   9.45000000000000       3.573888875426579E+046
   9.50000000000000       3.299546672920630E+046
   9.55000000000000       3.037569946030172E+046
   9.60000000000000       2.789675771525690E+046
   9.65000000000000       2.563627739496442E+046
   9.70000000000000       2.340357995101134E+046
   9.75000000000000       2.147793920306383E+046
   9.80000000000000       1.967641252976921E+046
   9.85000000000000       1.803914303318960E+046
   9.90000000000000       1.666084262041518E+046
   9.95000000000000       1.536451342894678E+046
   10.0000000000000       1.407436702479375E+046
   10.0500000000000       1.295965154580595E+046
   10.1000000000000       1.190586601288686E+046
   10.1500000000000       1.082997878551588E+046
   10.2000000000000       9.865638412705400E+045
   10.2500000000000       9.044749881438206E+045
   10.3000000000000       8.322507781640058E+045
   10.3500000000000       7.689272289224502E+045
   10.4000000000000       7.101845154285502E+045
   10.4500000000000       6.531065624387030E+045
   10.5000000000000       6.031193132631535E+045
   10.5500000000000       5.517721793447371E+045
   10.6000000000000       5.071753390401875E+045
   10.6500000000000       4.644504736886287E+045
   10.7000000000000       4.230582232757903E+045
   10.7500000000000       3.874342281522977E+045
   10.8000000000000       3.546862544696742E+045
   10.8500000000000       3.250769453530596E+045
   10.9000000000000       2.973947140022607E+045
   10.9500000000000       2.745052226808573E+045
   11.0000000000000       2.520206724507171E+045
   11.0500000000000       2.251015835267789E+045
   11.1000000000000       2.068189793913889E+045
   11.1500000000000       1.899270900334143E+045
   11.2000000000000       1.744814774628860E+045
   11.2500000000000       1.580663085654302E+045
   11.3000000000000       1.417222181503755E+045
   11.3500000000000       1.285915114184787E+045
   11.4000000000000       1.177039133272992E+045
   11.4500000000000       1.075953216921718E+045
   11.5000000000000       9.938280413533451E+044
   11.5500000000000       9.156063078967154E+044
   11.6000000000000       8.409397024354650E+044
   11.6500000000000       7.718339332529208E+044
   11.7000000000000       7.096651066766062E+044
   11.7500000000000       6.502641002298179E+044
   11.8000000000000       5.959421311261960E+044
   11.8500000000000       5.479064753883355E+044
   11.9000000000000       5.062149110519809E+044
   11.9500000000000       4.250961325055955E+044
   12.0000000000000       3.925080157853728E+044
   12.0500000000000       3.616520014333779E+044
   12.1000000000000       3.324004169059530E+044
   12.1500000000000       2.700253071402268E+044
   12.2000000000000       2.478280028249723E+044
   12.2500000000000       2.268867024303642E+044
   12.3000000000000       1.980673154567158E+044
   12.3500000000000       1.598035155347156E+044
   12.4000000000000       1.470134082532870E+044
   12.4500000000000       1.355789917490808E+044
   12.5000000000000       1.249815857188432E+044
   12.5500000000000       1.151528615595085E+044
   12.6000000000000       1.060350205595777E+044
   12.6500000000000       9.757283786658873E+043
   12.7000000000000       8.970921644024432E+043
   12.7500000000000       8.240367298250208E+043
   12.8000000000000       7.560753382895708E+043
   12.8500000000000       6.928101677159131E+043
   12.9000000000000       5.694179400000000E+043
   12.9500000000000       5.235422400000000E+043
   13.0000000000000       4.813380000000000E+043
   13.0500000000000       4.425174000000000E+043
   13.1000000000000       4.068183600000000E+043
   13.1500000000000       3.739554000000000E+043
   13.2000000000000       3.437436600000001E+043
   13.2500000000000       3.159678600000000E+043
   13.3000000000000       2.904010200000000E+043
   13.3500000000000       2.669050800000000E+043
   13.4000000000000       2.452951800000000E+043
   13.4500000000000       2.254239000000000E+043
   13.5000000000000       2.071541160000000E+043
   13.5500000000000       1.903559580000000E+043
   13.6000000000000       1.749096180000000E+043
   13.6500000000000       1.607097960000000E+043
   13.7000000000000       1.476570420000000E+043
   13.7500000000000       1.356570540000000E+043
   13.8000000000000       1.246279320000000E+043
   13.8500000000000       1.144889460000000E+043
   13.9000000000000       1.051715340000000E+043
   13.9500000000000       9.660736800000001E+042
   14.0000000000000       8.873888400000000E+042
   14.0500000000000       8.150594400000000E+042
   14.1000000000000       7.485847200000000E+042
   14.1500000000000       6.875177400000000E+042
   14.2000000000000       6.314115600000000E+042
   14.2500000000000       5.798496600000000E+042
   14.3000000000000       5.324623200000000E+042
   14.3500000000000       4.889359800000000E+042
   14.4000000000000       4.489524000000000E+042
   14.4500000000000       4.122261000000000E+042
   14.5000000000000       3.784926600000000E+042
   14.5500000000000       3.474923400000000E+042
   14.6000000000000       3.190379400000000E+042
   14.6500000000000       2.928931200000000E+042
   14.7000000000000       2.688777000000000E+042
   14.7500000000000       2.468232000000000E+042
   14.8000000000000       2.265681600000000E+042
   14.8500000000000       2.079686700000000E+042
   14.9000000000000       1.908876060000000E+042
   14.9500000000000       1.752037560000000E+042
   15.0000000000000       1.608045660000000E+042
   15.0500000000000       1.475821620000000E+042
   15.1000000000000       1.354422420000000E+042
   15.1500000000000       1.242956520000000E+042
   15.2000000000000       1.140630660000000E+042
   15.2500000000000       1.046689020000000E+042
   15.3000000000000       9.604459800000000E+041
   15.3500000000000       8.812931400000000E+041
   15.4000000000000       8.086338000000000E+041
   15.4500000000000       7.419157199999999E+041
   15.5000000000000       6.807106800000000E+041
   15.5500000000000       6.245038800000000E+041
   15.6000000000000       5.729466600000001E+041
   15.6500000000000       5.256201600000001E+041
   15.7000000000000       4.821827400000000E+041
   15.7500000000000       4.423231800000000E+041
   15.8000000000000       4.057466400000000E+041
   15.8500000000000       3.721676400000000E+041
   15.9000000000000       3.413732400000000E+041
   15.9500000000000       3.131060400000000E+041
   16.0000000000000       2.871975600000000E+041
   16.0500000000000       2.633997600000000E+041
   16.1000000000000       2.415675600000000E+041
   16.1500000000000       2.215418400000000E+041
   16.2000000000000       2.031709680000000E+041
   16.2500000000000       1.863164160000000E+041
   16.3000000000000       1.708553340000000E+041
   16.3500000000000       1.566723600000000E+041
   16.4000000000000       1.436643000000000E+041
   16.4500000000000       1.317298320000000E+041
   16.5000000000000       1.207837800000000E+041
   16.5500000000000       1.107449460000000E+041
   16.6000000000000       1.015370460000000E+041
   16.6500000000000       9.309198600000001E+040
   16.7000000000000       8.534658600000000E+040
   16.7500000000000       7.824515400000000E+040
   16.8000000000000       7.173059400000001E+040
   16.8500000000000       6.575774399999999E+040
   16.9000000000000       6.027957000000000E+040
   16.9500000000000       5.525652600000000E+040
   17.0000000000000       5.065140600000000E+040
   17.0500000000000       4.642794000000000E+040
   17.1000000000000       4.255453800000000E+040
   17.1500000000000       3.900429000000000E+040
   17.2000000000000       3.575122200000000E+040
   17.2500000000000       3.276702000000000E+040
   17.3000000000000       3.002992200000000E+040
   17.3500000000000       2.752167600000000E+040
   17.4000000000000       2.522215800000000E+040
   17.4500000000000       2.311428600000000E+040
   17.5000000000000       2.118191400000000E+040
   17.5500000000000       1.941076800000000E+040
   17.6000000000000       1.778697180000000E+040
   17.6500000000000       1.629889560000000E+040
   17.7000000000000       1.493481600000000E+040
   17.7500000000000       1.368464760000000E+040
   17.8000000000000       1.253872620000000E+040
   17.8500000000000       1.148834700000000E+040
   17.9000000000000       1.052585820000000E+040
   17.9500000000000       9.643654800000000E+039
   18.0000000000000       8.835372000000000E+039
   18.0500000000000       8.094270600000000E+039
   18.1000000000000       7.415483400000000E+039
   18.1500000000000       6.793324200000000E+039
   18.2000000000000       6.223276800000000E+039
   18.2500000000000       5.700871800000001E+039
   18.3000000000000       5.222178000000001E+039
   18.3500000000000       4.783732200000000E+039
   18.4000000000000       4.381673400000000E+039
   18.4500000000000       4.013544600000000E+039
   18.5000000000000       3.676210200000000E+039
   18.5500000000000       3.367283400000000E+039
   18.6000000000000       3.083956200000001E+039
   18.6500000000000       2.824543800000000E+039
   18.7000000000000       2.586987000000000E+039
   18.7500000000000       2.369273400000000E+039
   18.8000000000000       2.169835200000000E+039
   18.8500000000000       1.987144380000000E+039
   18.9000000000000       1.819792260000000E+039
   18.9500000000000       1.666503540000000E+039
   19.0000000000000       1.526089500000000E+039
   19.0500000000000       1.397476080000000E+039
   19.1000000000000       1.279682820000000E+039
   19.1500000000000       1.171769040000000E+039
   19.2000000000000       1.072939140000000E+039
   19.2500000000000       9.824302800000000E+038
   19.3000000000000       8.995310999999999E+038
   19.3500000000000       8.236144800000000E+038
   19.4000000000000       7.540930799999999E+038
   19.4500000000000       6.904216800000001E+038
   19.5000000000000       6.321229200000001E+038
   19.5500000000000       5.787241200000000E+038
   19.6000000000000       5.298274800000001E+038
   19.6500000000000       4.850422200000000E+038
   19.7000000000000       4.440477600000000E+038
   19.7500000000000       4.065048000000000E+038
   19.8000000000000       3.721231800000001E+038
   19.8500000000000       3.406408200000000E+038
   19.9000000000000       3.118167000000000E+038
   19.9500000000000       2.854402200000000E+038
   20.0000000000000       2.612750400000000E+038
   20.0500000000000       2.391573600000000E+038
   20.1000000000000       2.189046600000000E+038
   20.1500000000000       2.003627340000000E+038
   20.2000000000000       1.833886080000000E+038
   20.2500000000000       1.678498380000000E+038
   20.3000000000000       1.536235740000000E+038
   20.3500000000000       1.406010060000000E+038
   20.4000000000000       1.286796420000000E+038
   20.4500000000000       1.177675200000000E+038
   20.5000000000000       1.077775920000000E+038
   20.5500000000000       9.863591400000001E+037
   20.6000000000000       9.026386199999999E+037
   20.6500000000000       8.260317000000000E+037
   20.7000000000000       7.559065800000000E+037
   20.7500000000000       6.917344200000000E+037
   20.8000000000000       6.329910600000000E+037
   20.8500000000000       5.792272200000000E+037
   20.9000000000000       5.300006400000000E+037
   20.9500000000000       4.849837199999999E+037
   21.0000000000000       4.437646200000000E+037
   21.0500000000000       4.060251000000000E+037
   21.1000000000000       3.715007400000000E+037
   21.1500000000000       3.399224400000000E+037
   21.2000000000000       3.110094000000000E+037
   21.2500000000000       2.845486800000000E+037
   21.3000000000000       2.603367000000000E+037
   21.3500000000000       2.381815800000000E+037
   21.4000000000000       2.179078200000000E+037
   21.4500000000000       1.993565340000000E+037
   21.5000000000000       1.823819400000000E+037
   21.5500000000000       1.668490200000000E+037
   21.6000000000000       1.526365620000000E+037
   21.6500000000000       1.396334160000000E+037
   21.7000000000000       1.277349840000000E+037
   21.7500000000000       1.168486020000000E+037
   21.8000000000000       1.068897960000000E+037
   21.8500000000000       9.777736800000001E+036
   21.9000000000000       8.943971400000000E+036
   21.9500000000000       8.181342000000000E+036
   22.0000000000000       7.483343400000001E+036
   22.0500000000000       6.845131800000000E+036
   22.1000000000000       6.260997600000000E+036
   22.1500000000000       5.726658599999999E+036
   22.2000000000000       5.237902800000000E+036
   22.2500000000000       4.790822400000001E+036
   22.3000000000000       4.381930800000000E+036
   22.3500000000000       4.007624400000001E+036
   22.4000000000000       3.665422800000000E+036
   22.4500000000000       3.352260600000000E+036
   22.5000000000000       3.065961600000000E+036
   22.5500000000000       2.804162400000000E+036
   22.6000000000000       2.564452800000000E+036
   22.6500000000000       2.345288400000000E+036
   22.7000000000000       2.144844000000000E+036
   22.7500000000000       1.961481600000000E+036
   22.8000000000000       1.793811240000000E+036
   22.8500000000000       1.640428920000000E+036
   22.9000000000000       1.500150600000000E+036
   22.9500000000000       1.371841380000000E+036
   23.0000000000000       1.254520800000000E+036
   23.0500000000000       1.147196700000000E+036
   23.1000000000000       1.049047740000000E+036
   23.1500000000000       9.593040600000001E+035
   23.2000000000000       8.772075000000000E+035
   23.2500000000000       8.021496600000001E+035
   23.3000000000000       7.334753400000000E+035
   23.3500000000000       6.707025000000000E+035
   23.4000000000000       6.134707800000000E+035
   23.4500000000000       5.610033000000000E+035
   23.5000000000000       5.130169199999999E+035
   23.5500000000000       4.691700000000000E+035
   23.6000000000000       4.290413400000000E+035
   23.6500000000000       3.923665200000001E+035
   23.7000000000000       3.588507000000000E+035
   23.7500000000000       3.281873400000000E+035
   23.8000000000000       3.001588200000000E+035
   23.8500000000000       2.745288000000000E+035
   23.9000000000000       2.511007200000000E+035
   23.9500000000000       2.296850400000000E+035
   24.0000000000000       2.101039200000000E+035
   24.0500000000000       1.922031540000000E+035
   24.1000000000000       1.758404700000000E+035
   24.1500000000000       1.608831900000000E+035
   24.2000000000000       1.472077620000000E+035
   24.2500000000000       1.347079500000000E+035
   24.3000000000000       1.232812620000000E+035
   24.3500000000000       1.128355020000000E+035
   24.4000000000000       1.032887700000000E+035
   24.4500000000000       9.455986800000001E+034
   24.5000000000000       8.657976599999999E+034
   24.5500000000000       7.928785800000000E+034
   24.6000000000000       7.261862400000000E+034
   24.6500000000000       6.652386000000000E+034
   24.7000000000000       6.095161800000000E+034
   24.7500000000000       5.585463000000000E+034
   24.8000000000000       5.119756200000000E+034
   24.8500000000000       4.693665600000000E+034
   24.9000000000000       4.304219400000000E+034
   24.9500000000000       3.952236600000000E+034
   25.0000000000000       3.627327600000001E+034
