  0.000000000000000E+000  0.000000000000000E+000
  5.000000000000000E-002  1.085445999995429E+050
  0.100000000000000       4.221711356877237E+050
  0.150000000000000       9.411980177223412E+050
  0.200000000000000       1.674642555891182E+051
  0.250000000000000       2.642987745436385E+051
  0.300000000000000       3.829296662731350E+051
  0.350000000000000       5.220809952638110E+051
  0.400000000000000       6.782714530699294E+051
  0.450000000000000       8.487216939725182E+051
  0.500000000000000       1.029979124517410E+052
  0.550000000000000       1.218909607848637E+052
  0.600000000000000       1.412270478062741E+052
  0.650000000000000       1.607222863257636E+052
  0.700000000000000       1.802345144255478E+052
  0.750000000000000       1.995139794466039E+052
  0.800000000000000       2.184231817569004E+052
  0.850000000000000       2.367759580832701E+052
  0.900000000000000       2.544559663752556E+052
  0.950000000000000       2.712963475081041E+052
   1.00000000000000       2.872148815994399E+052
   1.05000000000000       3.021024384437685E+052
   1.10000000000000       3.159536123548777E+052
   1.15000000000000       3.287553384864511E+052
   1.20000000000000       3.404485557315493E+052
   1.25000000000000       3.509829897968029E+052
   1.30000000000000       3.603135071888124E+052
   1.35000000000000       3.684202159472880E+052
   1.40000000000000       3.753763869105572E+052
   1.45000000000000       3.811850165644633E+052
   1.50000000000000       3.858802117614600E+052
   1.55000000000000       3.894892316335593E+052
   1.60000000000000       3.920340157777245E+052
   1.65000000000000       3.935636415376129E+052
   1.70000000000000       3.941307227780794E+052
   1.75000000000000       3.937582458192732E+052
   1.80000000000000       3.925433641849147E+052
   1.85000000000000       3.904991305409359E+052
   1.90000000000000       3.876632311174384E+052
   1.95000000000000       3.840616903886583E+052
   2.00000000000000       3.797950847312943E+052
   2.05000000000000       3.748735999080965E+052
   2.10000000000000       3.693828451354817E+052
   2.15000000000000       3.633291287800554E+052
   2.20000000000000       3.567838228378958E+052
   2.25000000000000       3.498008340789279E+052
   2.30000000000000       3.424366122464384E+052
   2.35000000000000       3.347116532043440E+052
   2.40000000000000       3.266899852451120E+052
   2.45000000000000       3.184122781629944E+052
   2.50000000000000       3.099096683526478E+052
   2.55000000000000       3.012408026829632E+052
   2.60000000000000       2.924286330388898E+052
   2.65000000000000       2.835098389962776E+052
   2.70000000000000       2.745224882200425E+052
   2.75000000000000       2.655122096717504E+052
   2.80000000000000       2.564670245095514E+052
   2.85000000000000       2.474509616597282E+052
   2.90000000000000       2.384797217437368E+052
   2.95000000000000       2.295938934750711E+052
   3.00000000000000       2.207812970385752E+052
   3.05000000000000       2.120585773154530E+052
   3.10000000000000       2.034734337690718E+052
   3.15000000000000       1.950313143572852E+052
   3.20000000000000       1.867545025234441E+052
   3.25000000000000       1.786423156897616E+052
   3.30000000000000       1.707385393734986E+052
   3.35000000000000       1.630148183035188E+052
   3.40000000000000       1.555041022789664E+052
   3.45000000000000       1.482072870962854E+052
   3.50000000000000       1.411475648043789E+052
   3.55000000000000       1.342884571040143E+052
   3.60000000000000       1.276754472106830E+052
   3.65000000000000       1.212994534259727E+052
   3.70000000000000       1.151288551208536E+052
   3.75000000000000       1.092018516486848E+052
   3.80000000000000       1.035104489416524E+052
   3.85000000000000       9.802635729149042E+051
   3.90000000000000       9.277283172123627E+051
   3.95000000000000       8.773456279888978E+051
   4.00000000000000       8.289815425527062E+051
   4.05000000000000       7.828156683329612E+051
   4.10000000000000       7.388982860245054E+051
   4.15000000000000       6.968957311260349E+051
   4.20000000000000       6.568742267584085E+051
   4.25000000000000       6.188773426411444E+051
   4.30000000000000       5.828683805064232E+051
   4.35000000000000       5.485676698152197E+051
   4.40000000000000       5.161818697654471E+051
   4.45000000000000       4.855842734422333E+051
   4.50000000000000       4.565527733861040E+051
   4.55000000000000       4.289878519837343E+051
   4.60000000000000       4.029377685026758E+051
   4.65000000000000       3.784398563673946E+051
   4.70000000000000       3.552252379533520E+051
   4.75000000000000       3.333392989558308E+051
   4.80000000000000       3.126138321616979E+051
   4.85000000000000       2.933138072851752E+051
   4.90000000000000       2.713987645854319E+051
   4.95000000000000       2.552014579554600E+051
   5.00000000000000       2.398393204176002E+051
   5.05000000000000       2.253851605852003E+051
   5.10000000000000       2.117265400646165E+051
   5.15000000000000       1.988081500591028E+051
   5.20000000000000       1.865853605298159E+051
   5.25000000000000       1.750480750975284E+051
   5.30000000000000       1.640906596640649E+051
   5.35000000000000       1.538075866112689E+051
   5.40000000000000       1.441280353289553E+051
   5.45000000000000       1.351511246305377E+051
   5.50000000000000       1.266927005434348E+051
   5.55000000000000       1.186697545387499E+051
   5.60000000000000       1.112263614260690E+051
   5.65000000000000       1.042522662824793E+051
   5.70000000000000       9.776033516506889E+050
   5.75000000000000       9.160005491325969E+050
   5.80000000000000       8.580721814038404E+050
   5.85000000000000       8.029865306761817E+050
   5.90000000000000       7.524730348131311E+050
   5.95000000000000       7.045136538407531E+050
   6.00000000000000       6.593372640652007E+050
   6.05000000000000       6.177848486811455E+050
   6.10000000000000       5.789214780570100E+050
   6.15000000000000       5.418765940032379E+050
   6.20000000000000       5.079823573153342E+050
   6.25000000000000       4.761762747009807E+050
   6.30000000000000       4.470450870187549E+050
   6.35000000000000       4.200841606624913E+050
   6.40000000000000       3.945830758585059E+050
   6.45000000000000       3.693566198421454E+050
   6.50000000000000       3.469876243031621E+050
   6.55000000000000       3.260497576318577E+050
   6.60000000000000       3.062603584134001E+050
   6.65000000000000       2.880714407498870E+050
   6.70000000000000       2.709721682905758E+050
   6.75000000000000       2.542962928917485E+050
   6.80000000000000       2.392418787289597E+050
   6.85000000000000       2.255810367129580E+050
   6.90000000000000       2.129182238439337E+050
   6.95000000000000       2.012337993903219E+050
   7.00000000000000       1.902440922816209E+050
   7.05000000000000       1.798943630547435E+050
   7.10000000000000       1.701194355438216E+050
   7.15000000000000       1.611775705969160E+050
   7.20000000000000       1.527442218957674E+050
   7.25000000000000       1.449726533755899E+050
   7.30000000000000       1.376036018128229E+050
   7.35000000000000       1.306683055305516E+050
   7.40000000000000       1.238670146228024E+050
   7.45000000000000       1.179086307683107E+050
   7.50000000000000       1.124541685421887E+050
   7.55000000000000       1.075152822795532E+050
   7.60000000000000       1.028184706782375E+050
   7.65000000000000       9.832382755508252E+049
   7.70000000000000       9.403558719256707E+049
   7.75000000000000       9.034065739970563E+049
   7.80000000000000       8.689106664303078E+049
   7.85000000000000       8.371137790228289E+049
   7.90000000000000       8.065357257325197E+049
   7.95000000000000       7.778452995017766E+049
   8.00000000000000       7.491050849426778E+049
   8.05000000000000       7.240876213935899E+049
   8.10000000000000       7.010409765409418E+049
   8.15000000000000       6.792275857511792E+049
   8.20000000000000       6.604916209044746E+049
   8.25000000000000       6.423449598974724E+049
   8.30000000000000       6.245775199706222E+049
   8.35000000000000       6.070838163324961E+049
   8.40000000000000       5.922594457210920E+049
   8.45000000000000       5.789306087010342E+049
   8.50000000000000       5.663542359063126E+049
   8.55000000000000       5.542047311460246E+049
   8.60000000000000       5.424461385179525E+049
   8.65000000000000       5.311512221367466E+049
   8.70000000000000       5.205878603141642E+049
   8.75000000000000       5.106721233726230E+049
   8.80000000000000       5.011190191195876E+049
   8.85000000000000       4.923204580712906E+049
   8.90000000000000       4.839801458906065E+049
   8.95000000000000       4.753805357428241E+049
   9.00000000000000       4.670848040583911E+049
   9.05000000000000       4.593198571243478E+049
   9.10000000000000       4.519199268623745E+049
   9.15000000000000       4.451561479216632E+049
   9.20000000000000       4.383837509452206E+049
   9.25000000000000       4.314119095333875E+049
   9.30000000000000       4.247147565164494E+049
   9.35000000000000       4.180057581650569E+049
   9.40000000000000       4.114082425059560E+049
   9.45000000000000       4.050521578199087E+049
   9.50000000000000       3.984492863395798E+049
   9.55000000000000       3.920839245974547E+049
   9.60000000000000       3.857015456502518E+049
   9.65000000000000       3.793256859871005E+049
   9.70000000000000       3.728101271555602E+049
   9.75000000000000       3.663935231928727E+049
   9.80000000000000       3.601502285787973E+049
   9.85000000000000       3.539828649224343E+049
   9.90000000000000       3.477979754571999E+049
   9.95000000000000       3.415386235919177E+049
   10.0000000000000       3.353014925883916E+049
   10.0500000000000       3.290757132322544E+049
   10.1000000000000       3.228686581096446E+049
   10.1500000000000       3.165206236319017E+049
   10.2000000000000       3.102246214551045E+049
   10.2500000000000       3.040260994743204E+049
   10.3000000000000       2.978282444920643E+049
   10.3500000000000       2.916123159713285E+049
   10.4000000000000       2.853369946312704E+049
   10.4500000000000       2.791515997889789E+049
   10.5000000000000       2.730263431611270E+049
   10.5500000000000       2.670336660355426E+049
   10.6000000000000       2.610786758518306E+049
   10.6500000000000       2.551362752163440E+049
   10.7000000000000       2.492743042847277E+049
   10.7500000000000       2.434506894051853E+049
   10.8000000000000       2.376658191200565E+049
   10.8500000000000       2.319004799446089E+049
   10.9000000000000       2.262787017182500E+049
   10.9500000000000       2.207275259312816E+049
   11.0000000000000       2.152026076684244E+049
   11.0500000000000       2.097086268936796E+049
   11.1000000000000       2.042555545378175E+049
   11.1500000000000       1.989483352510760E+049
   11.2000000000000       1.937409196659197E+049
   11.2500000000000       1.886757417625038E+049
   11.3000000000000       1.836952925795030E+049
   11.3500000000000       1.787667094233610E+049
   11.4000000000000       1.739277924770405E+049
   11.4500000000000       1.691893162340979E+049
   11.5000000000000       1.645090544334485E+049
   11.5500000000000       1.599370336826543E+049
   11.6000000000000       1.554703119310461E+049
   11.6500000000000       1.510491612029037E+049
   11.7000000000000       1.467306010851512E+049
   11.7500000000000       1.424971390179638E+049
   11.8000000000000       1.383408995085949E+049
   11.8500000000000       1.343058655840517E+049
   11.9000000000000       1.303600852883995E+049
   11.9500000000000       1.265456944264948E+049
   12.0000000000000       1.227542870281550E+049
   12.0500000000000       1.191099450473599E+049
   12.1000000000000       1.155381070186893E+049
   12.1500000000000       1.120535478469246E+049
   12.2000000000000       1.086392368726886E+049
   12.2500000000000       1.053214959423947E+049
   12.3000000000000       1.020843859032551E+049
   12.3500000000000       9.889036604559639E+048
   12.4000000000000       9.580351066561818E+048
   12.4500000000000       9.278692117392338E+048
   12.5000000000000       8.983089871902930E+048
   12.5500000000000       8.695225900609357E+048
   12.6000000000000       8.418601754111372E+048
   12.6500000000000       8.149631983579535E+048
   12.7000000000000       7.887978050010130E+048
   12.7500000000000       7.629903848074984E+048
   12.8000000000000       7.382256653441257E+048
   12.8500000000000       7.140775854863945E+048
   12.9000000000000       6.905765654804172E+048
   12.9500000000000       6.674990470208101E+048
   13.0000000000000       6.453128583064320E+048
   13.0500000000000       6.237158177584899E+048
   13.1000000000000       6.024931881536483E+048
   13.1500000000000       5.819723446027093E+048
   13.2000000000000       5.619311182147952E+048
   13.2500000000000       5.427257031253683E+048
   13.3000000000000       5.240688205884989E+048
   13.3500000000000       5.059825821680954E+048
   13.4000000000000       4.884342056320768E+048
   13.4500000000000       4.714016916576380E+048
   13.5000000000000       4.548379084335059E+048
   13.5500000000000       4.387406563966835E+048
   13.6000000000000       4.231625726203995E+048
   13.6500000000000       4.080343919446107E+048
   13.7000000000000       3.933318668742509E+048
   13.7500000000000       3.791050816214508E+048
   13.8000000000000       3.651495359408290E+048
   13.8500000000000       3.517708156275577E+048
   13.9000000000000       3.388152834485570E+048
   13.9500000000000       3.262725180090165E+048
   14.0000000000000       3.141269109991895E+048
   14.0500000000000       3.023441005547841E+048
   14.1000000000000       2.909841712235315E+048
   14.1500000000000       2.798949000636650E+048
   14.2000000000000       2.692450555919825E+048
   14.2500000000000       2.588923341651796E+048
   14.3000000000000       2.489279554828310E+048
   14.3500000000000       2.392211020159105E+048
   14.4000000000000       2.298863686485464E+048
   14.4500000000000       2.208385317945464E+048
   14.5000000000000       2.120733995816793E+048
   14.5500000000000       2.036207627727874E+048
   14.6000000000000       1.954160566885945E+048
   14.6500000000000       1.875541071579414E+048
   14.7000000000000       1.799562676857915E+048
   14.7500000000000       1.725175606309262E+048
   14.8000000000000       1.654564549306470E+048
   14.8500000000000       1.586492725484086E+048
   14.9000000000000       1.520769892176014E+048
   14.9500000000000       1.454689848858570E+048
   15.0000000000000       1.393716431674838E+048
   15.0500000000000       1.335006791386188E+048
   15.1000000000000       1.278312252739074E+048
   15.1500000000000       1.223726152622607E+048
   15.2000000000000       1.171151490922019E+048
   15.2500000000000       1.120479052912904E+048
   15.3000000000000       1.071710089637225E+048
   15.3500000000000       1.024797827677678E+048
   15.4000000000000       9.796926475265215E+047
   15.4500000000000       9.363319652300113E+047
   15.5000000000000       8.947283513261594E+047
   15.5500000000000       8.546790575136646E+047
   15.6000000000000       8.160353355422690E+047
   15.6500000000000       7.791066198398353E+047
   15.7000000000000       7.435970914724037E+047
   15.7500000000000       7.095743297932405E+047
   15.8000000000000       6.768626232706326E+047
   15.8500000000000       6.454957600437518E+047
   15.9000000000000       6.154196726441938E+047
   15.9500000000000       5.865870506741396E+047
   16.0000000000000       5.585478243785136E+047
   16.0500000000000       5.321136603675705E+047
   16.1000000000000       5.066186082341722E+047
   16.1500000000000       4.824136961239049E+047
   16.2000000000000       4.592495265357889E+047
   16.2500000000000       4.370990671498456E+047
   16.3000000000000       4.159082533637920E+047
   16.3500000000000       3.956432947759416E+047
   16.4000000000000       3.762839171123512E+047
   16.4500000000000       3.577828138028437E+047
   16.5000000000000       3.401129524653570E+047
   16.5500000000000       3.232405426177363E+047
   16.6000000000000       3.071385518054888E+047
   16.6500000000000       2.917498462640532E+047
   16.7000000000000       2.770962032324465E+047
   16.7500000000000       2.631251362986135E+047
   16.8000000000000       2.496758553191688E+047
   16.8500000000000       2.369895805600967E+047
   16.9000000000000       2.249047740264048E+047
   16.9500000000000       2.133944034377975E+047
   17.0000000000000       2.024381945839386E+047
   17.0500000000000       1.920091151844421E+047
   17.1000000000000       1.820801329588599E+047
   17.1500000000000       1.726377317666678E+047
   17.2000000000000       1.636548793272437E+047
   17.2500000000000       1.551113014298396E+047
   17.3000000000000       1.469934819335428E+047
   17.3500000000000       1.392743885572182E+047
   17.4000000000000       1.319405051594250E+047
   17.4500000000000       1.249760953015047E+047
   17.5000000000000       1.183482013794998E+047
   17.5500000000000       1.120631584129923E+047
   17.6000000000000       1.061025028063411E+047
   17.6500000000000       1.004459603495366E+047
   17.7000000000000       9.507325683256718E+046
   17.7500000000000       8.997763418541968E+046
   17.8000000000000       8.514557626807879E+046
   17.8500000000000       8.056356694052609E+046
   17.9000000000000       7.621809006273963E+046
   17.9500000000000       7.209562949469263E+046
   18.0000000000000       6.819618523635188E+046
   18.0500000000000       6.449340081467549E+046
   18.1000000000000       6.098727622960921E+046
   18.1500000000000       5.766481443450076E+046
   18.2000000000000       5.451870230400001E+046
   18.2500000000000       5.153906924100001E+046
   18.3000000000000       4.871757501600000E+046
   18.3500000000000       4.604610994500001E+046
   18.4000000000000       4.351656434400001E+046
   18.4500000000000       4.112285595000001E+046
   18.5000000000000       3.885755088600001E+046
   18.5500000000000       3.671389108200001E+046
   18.6000000000000       3.468511846800000E+046
   18.6500000000000       3.276582658800000E+046
   18.7000000000000       3.095060898600000E+046
   18.7500000000000       2.923338339900001E+046
   18.8000000000000       2.760941917800000E+046
   18.8500000000000       2.607398567400000E+046
   18.9000000000000       2.462167643100000E+046
   18.9500000000000       2.324911241400000E+046
   19.0000000000000       2.195088716700000E+046
   19.0500000000000       2.072429746200000E+046
   19.1000000000000       1.956461265000000E+046
   19.1500000000000       1.846845369600000E+046
   19.2000000000000       1.743311737200000E+046
   19.2500000000000       1.645454883600000E+046
   19.3000000000000       1.553004486000000E+046
   19.3500000000000       1.465622640900000E+046
   19.4000000000000       1.383106606200000E+046
   19.4500000000000       1.305118478400000E+046
   19.5000000000000       1.231455515400000E+046
   19.5500000000000       1.161914975100000E+046
   19.6000000000000       1.096226534700000E+046
   19.6500000000000       1.034187452100000E+046
   19.7000000000000       9.755949852000000E+045
   19.7500000000000       9.203139726000001E+045
   19.8000000000000       8.680740915000000E+045
   19.8500000000000       8.188077612000002E+045
   19.9000000000000       7.722446589000000E+045
   19.9500000000000       7.283172039000001E+045
   20.0000000000000       6.868226541000000E+045
   20.0500000000000       6.477069449400001E+045
   20.1000000000000       6.107605762500000E+045
   20.1500000000000       5.758956931200000E+045
   20.2000000000000       5.429974083600001E+045
   20.2500000000000       5.119508347800001E+045
   20.3000000000000       4.826613594000000E+045
   20.3500000000000       4.550208531000000E+045
   20.4000000000000       4.289414609700001E+045
   20.4500000000000       4.043420861700001E+045
   20.5000000000000       3.811348737900000E+045
   20.5500000000000       3.592454850600000E+045
   20.6000000000000       3.385928231400001E+045
   20.6500000000000       3.191160654000000E+045
   20.7000000000000       3.007476311400000E+045
   20.7500000000000       2.834266977300000E+045
   20.8000000000000       2.670856844700001E+045
   20.8500000000000       2.516772848700000E+045
   20.9000000000000       2.371474343700000E+045
   20.9500000000000       2.234488264800000E+045
   21.0000000000000       2.105341547100000E+045
   21.0500000000000       1.983493545000000E+045
   21.1000000000000       1.868673935700000E+045
   21.1500000000000       1.760477235000000E+045
   21.2000000000000       1.658430378000000E+045
   21.2500000000000       1.562263041900000E+045
   21.3000000000000       1.471569742500000E+045
   21.3500000000000       1.386080157000000E+045
   21.4000000000000       1.305523962600000E+045
   21.4500000000000       1.229630836500000E+045
   21.5000000000000       1.158062875200000E+045
   21.5500000000000       1.090684917300000E+045
   21.6000000000000       1.027091478600000E+045
   21.6500000000000       9.672149784000000E+044
   21.7000000000000       9.108526746000001E+044
   21.7500000000000       8.576666637000000E+044
   21.8000000000000       8.075893650000000E+044
   21.8500000000000       7.604180364000001E+044
   21.9000000000000       7.159499358000000E+044
   21.9500000000000       6.740499018000000E+044
   22.0000000000000       6.345895310700000E+044
   22.0500000000000       5.974269041400000E+044
   22.1000000000000       5.624133434700000E+044
   22.1500000000000       5.294339618700000E+044
   22.2000000000000       4.983738721500000E+044
   22.2500000000000       4.691181871200001E+044
   22.3000000000000       4.415655357300000E+044
   22.3500000000000       4.156145469300000E+044
   22.4000000000000       3.911773658100000E+044
   22.4500000000000       3.681661374600000E+044
   22.5000000000000       3.464930069700000E+044
   22.5500000000000       3.260903936400000E+044
   22.6000000000000       3.068704425600000E+044
   22.6500000000000       2.887790891700000E+044
   22.7000000000000       2.717487527700000E+044
   22.7500000000000       2.557118526600000E+044
   22.8000000000000       2.406075662100000E+044
   22.8500000000000       2.263953450000000E+044
   22.9000000000000       2.130143664000000E+044
   22.9500000000000       2.004173239200000E+044
   23.0000000000000       1.885569110700000E+044
   23.0500000000000       1.773925794300000E+044
   23.1000000000000       1.668905386500000E+044
   23.1500000000000       1.570034822400000E+044
   23.2000000000000       1.476908617800000E+044
   23.2500000000000       1.389324030600000E+044
   23.3000000000000       1.306875576600000E+044
   23.3500000000000       1.229292933000000E+044
   23.4000000000000       1.156305777000000E+044
   23.4500000000000       1.087576205100000E+044
   23.5000000000000       1.022901475200000E+044
   23.5500000000000       9.620788452000000E+043
   23.6000000000000       9.047704116000000E+043
   23.6500000000000       8.509085937000000E+043
   23.7000000000000       8.002230687000002E+043
   23.7500000000000       7.525786752000001E+043
   23.8000000000000       7.077050904000001E+043
   23.8500000000000       6.654806690400000E+043
   23.9000000000000       6.257702497200001E+043
   23.9500000000000       5.884116387600001E+043
   24.0000000000000       5.532696747600001E+043
   24.0500000000000       5.202091963200000E+043
   24.1000000000000       4.891153162500000E+043
   24.1500000000000       4.598663892900000E+043
   24.2000000000000       4.323542863200001E+043
   24.2500000000000       4.064708782200000E+043
   24.3000000000000       3.821350681500000E+043
   24.3500000000000       3.592387269900000E+043
   24.4000000000000       3.377142740400000E+043
   24.4500000000000       3.174670963200000E+043
   24.5000000000000       2.984228550600000E+043
   24.5500000000000       2.805139695600000E+043
   24.6000000000000       2.636796171900000E+043
   24.6500000000000       2.478454591800000E+043
   24.7000000000000       2.329506729000000E+043
   24.7500000000000       2.189479518600000E+043
   24.8000000000000       2.057832315000000E+043
   24.8500000000000       1.934092053300000E+043
   24.9000000000000       1.817718087900000E+043
   24.9500000000000       1.708304934600000E+043
   25.0000000000000       1.605379528500000E+043
