  0.000000000000000E+000  0.000000000000000E+000
  5.000000000000000E-002  7.140379427683538E+048
  0.100000000000000       2.929164416983230E+049
  0.150000000000000       7.177071144712365E+049
  0.200000000000000       1.495619819957855E+050
  0.250000000000000       2.816390667798961E+050
  0.300000000000000       4.717568193309135E+050
  0.350000000000000       7.154202551275056E+050
  0.400000000000000       1.003877995786878E+051
  0.450000000000000       1.322135599025185E+051
  0.500000000000000       1.659925374187025E+051
  0.550000000000000       2.006642294601075E+051
  0.600000000000000       2.353842208456403E+051
  0.650000000000000       2.694506068258787E+051
  0.700000000000000       3.022945894707681E+051
  0.750000000000000       3.334597809601380E+051
  0.800000000000000       3.624759931432547E+051
  0.850000000000000       3.892443643609280E+051
  0.900000000000000       4.135540628109093E+051
  0.950000000000000       4.350916981541944E+051
   1.00000000000000       4.539196345296470E+051
   1.05000000000000       4.702864755225944E+051
   1.10000000000000       4.841314904063754E+051
   1.15000000000000       4.955484826948726E+051
   1.20000000000000       5.048067916139013E+051
   1.25000000000000       5.118120219363257E+051
   1.30000000000000       5.165745465226769E+051
   1.35000000000000       5.194427808802933E+051
   1.40000000000000       5.206004804574680E+051
   1.45000000000000       5.200037988572240E+051
   1.50000000000000       5.178183798100142E+051
   1.55000000000000       5.140615512083108E+051
   1.60000000000000       5.089128785886316E+051
   1.65000000000000       5.024968885730260E+051
   1.70000000000000       4.949166452363867E+051
   1.75000000000000       4.862256100354228E+051
   1.80000000000000       4.764748203503945E+051
   1.85000000000000       4.658168108831652E+051
   1.90000000000000       4.543383487151396E+051
   1.95000000000000       4.421649919871284E+051
   2.00000000000000       4.293961405137291E+051
   2.05000000000000       4.160483045070862E+051
   2.10000000000000       4.022904045848304E+051
   2.15000000000000       3.881753822108888E+051
   2.20000000000000       3.737376001642236E+051
   2.25000000000000       3.590177292816951E+051
   2.30000000000000       3.441430947751684E+051
   2.35000000000000       3.292872843595209E+051
   2.40000000000000       3.144031567332530E+051
   2.45000000000000       2.996299725635016E+051
   2.50000000000000       2.850582684255742E+051
   2.55000000000000       2.707061329699036E+051
   2.60000000000000       2.565759802611896E+051
   2.65000000000000       2.426951347669288E+051
   2.70000000000000       2.291989631369896E+051
   2.75000000000000       2.159619871681947E+051
   2.80000000000000       2.032031847767188E+051
   2.85000000000000       1.908513118152773E+051
   2.90000000000000       1.790069967884378E+051
   2.95000000000000       1.675707346949185E+051
   3.00000000000000       1.566001291548747E+051
   3.05000000000000       1.461051323820521E+051
   3.10000000000000       1.360896002757274E+051
   3.15000000000000       1.266818255083102E+051
   3.20000000000000       1.177910811483817E+051
   3.25000000000000       1.093758229530197E+051
   3.30000000000000       1.014439105354908E+051
   3.35000000000000       9.395290467340210E+050
   3.40000000000000       8.683520671964110E+050
   3.45000000000000       8.018015654918705E+050
   3.50000000000000       7.398818195087653E+050
   3.55000000000000       6.821556996291124E+050
   3.60000000000000       6.288640715035148E+050
   3.65000000000000       5.793099810589485E+050
   3.70000000000000       5.330880708472188E+050
   3.75000000000000       4.900005560024225E+050
   3.80000000000000       4.493781669911946E+050
   3.85000000000000       4.121373183557384E+050
   3.90000000000000       3.777014633849850E+050
   3.95000000000000       3.459872880201742E+050
   4.00000000000000       3.171959670637206E+050
   4.05000000000000       2.906444764655941E+050
   4.10000000000000       2.660124648789030E+050
   4.15000000000000       2.434823545990301E+050
   4.20000000000000       2.225776566553159E+050
   4.25000000000000       2.029948858887156E+050
   4.30000000000000       1.853145355218870E+050
   4.35000000000000       1.691913216987156E+050
   4.40000000000000       1.543972431923074E+050
   4.45000000000000       1.408496268235476E+050
   4.50000000000000       1.286872582169303E+050
   4.55000000000000       1.177166565219669E+050
   4.60000000000000       1.074002825754324E+050
   4.65000000000000       9.796442614802837E+049
   4.70000000000000       8.932577023603648E+049
   4.75000000000000       8.116920084063757E+049
   4.80000000000000       7.400241432451941E+049
   4.85000000000000       6.746978238248674E+049
   4.90000000000000       6.057682648672847E+049
   4.95000000000000       5.563249458344053E+049
   5.00000000000000       5.108301395220587E+049
   5.05000000000000       4.681283473567308E+049
   5.10000000000000       4.288055299008206E+049
   5.15000000000000       3.925835396575669E+049
   5.20000000000000       3.586005753354209E+049
   5.25000000000000       3.275623078089327E+049
   5.30000000000000       2.992715759073853E+049
   5.35000000000000       2.736853169525542E+049
   5.40000000000000       2.512354089192658E+049
   5.45000000000000       2.301544887813118E+049
   5.50000000000000       2.107656017176012E+049
   5.55000000000000       1.935859092376369E+049
   5.60000000000000       1.775443430651692E+049
   5.65000000000000       1.623294098353060E+049
   5.70000000000000       1.483153803560640E+049
   5.75000000000000       1.359427280059225E+049
   5.80000000000000       1.245639429802112E+049
   5.85000000000000       1.139268821035222E+049
   5.90000000000000       1.045360358861560E+049
   5.95000000000000       9.594553806069779E+048
   6.00000000000000       8.833570254636286E+048
   6.05000000000000       8.129477995457491E+048
   6.10000000000000       7.454318565355719E+048
   6.15000000000000       6.828375695045388E+048
   6.20000000000000       6.275498030958708E+048
   6.25000000000000       5.769234044326922E+048
   6.30000000000000       5.305650008684233E+048
   6.35000000000000       4.878234493168068E+048
   6.40000000000000       4.491275881652829E+048
   6.45000000000000       4.135924938046310E+048
   6.50000000000000       3.826982858139663E+048
   6.55000000000000       3.537025095531327E+048
   6.60000000000000       3.268684209610187E+048
   6.65000000000000       3.020441851714142E+048
   6.70000000000000       2.793791972974730E+048
   6.75000000000000       2.578295878531832E+048
   6.80000000000000       2.389147718975794E+048
   6.85000000000000       2.220911053539113E+048
   6.90000000000000       2.057203695399861E+048
   6.95000000000000       1.920533325022465E+048
   7.00000000000000       1.798008196020044E+048
   7.05000000000000       1.683361407788117E+048
   7.10000000000000       1.574100979675345E+048
   7.15000000000000       1.478234430230080E+048
   7.20000000000000       1.389619264298825E+048
   7.25000000000000       1.308895217174652E+048
   7.30000000000000       1.232966098313708E+048
   7.35000000000000       1.166421164876404E+048
   7.40000000000000       1.105918320166545E+048
   7.45000000000000       1.053527689424382E+048
   7.50000000000000       1.007406110592134E+048
   7.55000000000000       9.638841969623975E+047
   7.60000000000000       9.248005058613556E+047
   7.65000000000000       8.889844456458476E+047
   7.70000000000000       8.560673200248342E+047
   7.75000000000000       8.253459734732237E+047
   7.80000000000000       7.982202858278335E+047
   7.85000000000000       7.738284393108017E+047
   7.90000000000000       7.505474421529184E+047
   7.95000000000000       7.306419883344425E+047
   8.00000000000000       7.126875160703361E+047
   8.05000000000000       6.968053670765879E+047
   8.10000000000000       6.818586844358539E+047
   8.15000000000000       6.673984239805410E+047
   8.20000000000000       6.537519320823392E+047
   8.25000000000000       6.406253915017272E+047
   8.30000000000000       6.285190645288697E+047
   8.35000000000000       6.165487106613319E+047
   8.40000000000000       6.047739498277514E+047
   8.45000000000000       5.938203378948339E+047
   8.50000000000000       5.841551901531248E+047
   8.55000000000000       5.733278593838459E+047
   8.60000000000000       5.606052497895120E+047
   8.65000000000000       5.508427625302279E+047
   8.70000000000000       5.407285250308712E+047
   8.75000000000000       5.304683787928626E+047
   8.80000000000000       5.204465045841348E+047
   8.85000000000000       5.097008520597845E+047
   8.90000000000000       4.991294512967252E+047
   8.95000000000000       4.874059070184100E+047
   9.00000000000000       4.771000313631991E+047
   9.05000000000000       4.656777195244999E+047
   9.10000000000000       4.550480540746005E+047
   9.15000000000000       4.441305721770245E+047
   9.20000000000000       4.324942159024868E+047
   9.25000000000000       4.214240779364163E+047
   9.30000000000000       4.097523517099991E+047
   9.35000000000000       3.978214990111894E+047
   9.40000000000000       3.866104085841292E+047
   9.45000000000000       3.755173884576624E+047
   9.50000000000000       3.644158009084149E+047
   9.55000000000000       3.533187694305149E+047
   9.60000000000000       3.421112907176780E+047
   9.65000000000000       3.308161839862979E+047
   9.70000000000000       3.198344330178213E+047
   9.75000000000000       3.088449387288285E+047
   9.80000000000000       2.978411723322296E+047
   9.85000000000000       2.871249097867358E+047
   9.90000000000000       2.765717273088803E+047
   9.95000000000000       2.661857998547988E+047
   10.0000000000000       2.559538349348013E+047
   10.0500000000000       2.460288099722164E+047
   10.1000000000000       2.357243036865727E+047
   10.1500000000000       2.262198581389989E+047
   10.2000000000000       2.168886359861746E+047
   10.2500000000000       2.077852068393044E+047
   10.3000000000000       1.988797877487380E+047
   10.3500000000000       1.900212511865285E+047
   10.4000000000000       1.816061888867664E+047
   10.4500000000000       1.732941175558430E+047
   10.5000000000000       1.652676803702896E+047
   10.5500000000000       1.575809556086799E+047
   10.6000000000000       1.501057749804856E+047
   10.6500000000000       1.428833331459627E+047
   10.7000000000000       1.358913619136438E+047
   10.7500000000000       1.291462852471838E+047
   10.8000000000000       1.226205604998790E+047
   10.8500000000000       1.163345717734276E+047
   10.9000000000000       1.102860264072198E+047
   10.9500000000000       1.044806128503341E+047
   11.0000000000000       9.890156888728291E+046
   11.0500000000000       9.349047753137718E+046
   11.1000000000000       8.826791735982716E+046
   11.1500000000000       8.336842963487294E+046
   11.2000000000000       7.852038556207150E+046
   11.2500000000000       7.405379212916538E+046
   11.3000000000000       6.978316875746918E+046
   11.3500000000000       6.557580914072495E+046
   11.4000000000000       6.171707847378504E+046
   11.4500000000000       5.805054518307129E+046
   11.5000000000000       5.456367069053594E+046
   11.5500000000000       5.125607342604695E+046
   11.6000000000000       4.811456943911719E+046
   11.6500000000000       4.514141902710710E+046
   11.7000000000000       4.231955561172389E+046
   11.7500000000000       3.965829667494897E+046
   11.8000000000000       3.714074421965676E+046
   11.8500000000000       3.476174675646192E+046
   11.9000000000000       3.252184021513152E+046
   11.9500000000000       3.038511164147038E+046
   12.0000000000000       2.840072622511812E+046
   12.0500000000000       2.653325541755832E+046
   12.1000000000000       2.477661695556453E+046
   12.1500000000000       2.312540438285870E+046
   12.2000000000000       2.157556285709209E+046
   12.2500000000000       2.012033430781630E+046
   12.3000000000000       1.875566389243720E+046
   12.3500000000000       1.747682096113817E+046
   12.4000000000000       1.627750554922826E+046
   12.4500000000000       1.515564778203149E+046
   12.5000000000000       1.410611951102916E+046
   12.5500000000000       1.312484774702703E+046
   12.6000000000000       1.220777764802511E+046
   12.6500000000000       1.135153017902336E+046
   12.7000000000000       1.055205049802178E+046
   12.7500000000000       9.805959570020336E+045
   12.8000000000000       9.109878360019026E+045
   12.8500000000000       8.461103640017828E+045
   12.9000000000000       7.856256375016740E+045
   12.9500000000000       7.293309144015739E+045
   13.0000000000000       6.768882912014827E+045
   13.0500000000000       6.280882677313991E+045
   13.1000000000000       5.826875534713221E+045
   13.1500000000000       5.404631321112511E+045
   13.2000000000000       5.012055034811857E+045
   13.2500000000000       4.647186835511253E+045
   13.3000000000000       4.308134463610691E+045
   13.3500000000000       3.993140820910169E+045
   13.4000000000000       3.700651551309684E+045
   13.4500000000000       3.429044718009230E+045
   13.5000000000000       3.176901126308806E+045
   13.5500000000000       2.942936742908408E+045
   13.6000000000000       2.725732373108033E+045
   13.6500000000000       2.524274306407678E+045
   13.7000000000000       2.337346090207345E+045
   13.7500000000000       2.163934014007029E+045
   13.8000000000000       2.003159528706730E+045
   13.8500000000000       1.854008923806445E+045
   13.9000000000000       1.715671230906174E+045
   13.9500000000000       1.587470643005915E+045
   14.0000000000000       1.468596191705668E+045
   14.0500000000000       1.358372070005430E+045
   14.1000000000000       1.256257632305202E+045
   14.1500000000000       1.161577071604984E+045
   14.2000000000000       1.073924903704773E+045
   14.2500000000000       9.926253216045712E+044
   14.3000000000000       9.173404218043759E+044
   14.3500000000000       8.476647201041880E+044
   14.4000000000000       7.831251516040069E+044
   14.4500000000000       7.233162321038312E+044
   14.5000000000000       6.679811549436624E+044
   14.5500000000000       6.167685004834989E+044
   14.6000000000000       5.693809136433297E+044
   14.6500000000000       5.255413135531802E+044
   14.7000000000000       4.849928935530351E+044
   14.7500000000000       4.474923631228943E+044
   14.8000000000000       4.128167059527580E+044
   14.8500000000000       3.807699380126261E+044
   14.9000000000000       3.511560752724984E+044
   14.9500000000000       3.237858917723750E+044
   15.0000000000000       2.985107099722558E+044
   15.0500000000000       2.751615781221392E+044
   15.1000000000000       2.536033348220289E+044
   15.1500000000000       2.336940606019224E+044
   15.2000000000000       2.153256263418199E+044
   15.2500000000000       1.983696287117212E+044
   15.3000000000000       1.827246966616262E+044
   15.3500000000000       1.682894591415352E+044
   15.4000000000000       1.549828193114479E+044
   15.4500000000000       1.427034061213642E+044
   15.5000000000000       1.313836388712829E+044
   15.5500000000000       1.209491787912065E+044
   15.6000000000000       1.113256871111335E+044
   15.6500000000000       1.024658573410637E+044
   15.7000000000000       9.429535071099702E+043
   15.7500000000000       8.676686073093350E+043
   15.8000000000000       7.983308091087301E+043
   15.8500000000000       7.343994669081543E+043
   15.9000000000000       6.755907417676076E+043
   15.9500000000000       6.214112945770885E+043
   16.0000000000000       5.715299799065965E+043
   16.0500000000000       5.255953781161307E+043
   16.1000000000000       4.833101341256903E+043
   16.1500000000000       4.443904089952685E+043
   16.2000000000000       4.085658799248782E+043
   16.2500000000000       3.756000144645101E+043
   16.3000000000000       3.452630382341639E+043
   16.3500000000000       3.173522091338385E+043
   16.4000000000000       2.916715431335334E+043
   16.4500000000000       2.680453304132474E+043
   16.5000000000000       2.463181353629800E+043
   16.5500000000000       2.263345223727302E+043
   16.6000000000000       2.079525719724973E+043
   16.6500000000000       1.910506389022804E+043
   16.7000000000000       1.755138359720789E+043
   16.7500000000000       1.612272759918763E+043
   16.8000000000000       1.480895879117072E+043
   16.8500000000000       1.360129168215503E+043
   16.9000000000000       1.249094078114048E+043
   16.9500000000000       1.147114801812704E+043
   17.0000000000000       1.053312790211464E+043
   17.0500000000000       9.671473977103224E+042
   17.1000000000000       8.880103980092748E+042
   17.1500000000000       8.152259841083145E+042
   17.2000000000000       7.483886718074379E+042
   17.2500000000000       6.870253962066378E+042
   17.3000000000000       6.306090278459110E+042
   17.3500000000000       5.787949051552515E+042
   17.4000000000000       5.312045762146378E+042
   17.4500000000000       4.874933794541041E+042
   17.5000000000000       4.473572017236232E+042
   17.5500000000000       4.104986879431910E+042
   17.6000000000000       3.766542733828036E+042
   17.6500000000000       3.455739094524573E+042
   17.7000000000000       3.170413379121486E+042
   17.7500000000000       2.908538166618741E+042
   17.8000000000000       2.668018455316308E+042
   17.8500000000000       2.447299889114154E+042
   17.9000000000000       2.244760531212254E+042
   17.9500000000000       2.058846025510584E+042
   18.0000000000000       1.888204758008354E+042
   18.0500000000000       1.731552695407276E+042
   18.1000000000000       1.587876127206317E+042
   18.1500000000000       1.456026181505467E+042
   18.2000000000000       1.335056728504714E+042
   18.2500000000000       1.224021638404052E+042
   18.3000000000000       1.122245104203469E+042
   18.3500000000000       1.028780996102959E+042
   18.4000000000000       9.431562492025142E+041
   18.4500000000000       8.645598951021276E+041
   18.5000000000000       7.924512882017922E+041
   18.5500000000000       7.263573636015032E+041
   18.6000000000000       6.656901692112547E+041
   18.6500000000000       6.100847692509882E+041
   18.7000000000000       5.591018891708218E+041
   18.7500000000000       5.123495609106796E+041
   18.8000000000000       4.694831229005587E+041
   18.8500000000000       4.301781877804563E+041
   18.9000000000000       3.941509166103701E+041
   18.9500000000000       3.611174704502978E+041
   19.0000000000000       3.308413168502376E+041
   19.0500000000000       3.030859233601877E+041
   19.1000000000000       2.776417898101468E+041
   19.1500000000000       2.543264483101133E+041
   19.2000000000000       2.329574309700862E+041
   19.2500000000000       2.133725441100001E+041
   19.3000000000000       1.954298682600001E+041
   19.3500000000000       1.789807258800001E+041
   19.4000000000000       1.639102297800001E+041
   19.4500000000000       1.501034927700001E+041
   19.5000000000000       1.374591438000000E+041
   19.5500000000000       1.258690537500000E+041
   19.6000000000000       1.152453677100000E+041
   19.6500000000000       1.055205049800000E+041
   19.7000000000000       9.661336872000000E+040
   19.7500000000000       8.844962016000000E+040
   19.8000000000000       8.097519474000001E+040
   19.8500000000000       7.412926983000000E+040
   19.9000000000000       6.785778087000000E+040
   19.9500000000000       6.211206975600000E+040
   20.0000000000000       5.685293968200000E+040
   20.0500000000000       5.203713900000000E+040
   20.1000000000000       4.762682251800000E+040
   20.1500000000000       4.358819988600000E+040
   20.2000000000000       3.989085978900000E+040
   20.2500000000000       3.650574252600000E+040
   20.3000000000000       3.340581581700000E+040
   20.3500000000000       3.056877803100001E+040
   20.4000000000000       2.797097592300000E+040
   20.4500000000000       2.559281109000000E+040
   20.5000000000000       2.341671255000000E+040
   20.5500000000000       2.142443351400000E+040
   20.6000000000000       1.960043042100000E+040
   20.6500000000000       1.793118713100000E+040
   20.7000000000000       1.640386331100000E+040
   20.7500000000000       1.500561862800000E+040
   20.8000000000000       1.372631597700000E+040
   20.8500000000000       1.255581825300000E+040
   20.9000000000000       1.148398835100000E+040
   20.9500000000000       1.050406820100000E+040
   21.0000000000000       9.606596505000000E+039
   21.0500000000000       8.786166807000000E+039
   21.1000000000000       8.035345230000001E+039
   21.1500000000000       7.348049511000001E+039
   21.2000000000000       6.719819323800000E+039
   21.2500000000000       6.144775147500000E+039
   21.3000000000000       5.618862140100000E+039
   21.3500000000000       5.137687556100000E+039
   21.4000000000000       4.697602037700001E+039
   21.4500000000000       4.295091388500000E+039
   21.5000000000000       3.926844154200001E+039
   21.5500000000000       3.590089526100000E+039
   21.6000000000000       3.282124276200000E+039
   21.6500000000000       3.000447918600000E+039
   21.7000000000000       2.742897870900000E+039
   21.7500000000000       2.507311550700000E+039
   21.8000000000000       2.291931859800000E+039
   21.8500000000000       2.094934119300000E+039
   21.9000000000000       1.914831553800000E+039
   21.9500000000000       1.750137387900000E+039
   22.0000000000000       1.599567588300000E+039
   22.0500000000000       1.461905702400000E+039
   22.1000000000000       1.336070439000000E+039
   22.1500000000000       1.221048087600000E+039
   22.2000000000000       1.115824937700000E+039
   22.2500000000000       1.019657601600000E+039
   22.3000000000000       9.317351109000001E+038
   22.3500000000000       8.513816586000001E+038
   22.4000000000000       7.779890184000000E+038
   22.4500000000000       7.108138026000000E+038
   22.5000000000000       6.494843173500001E+038
   22.5500000000000       5.933990944200001E+038
   22.6000000000000       5.421391334700001E+038
   22.6500000000000       4.952989503000000E+038
   22.7000000000000       4.524865768500001E+038
   22.7500000000000       4.133708676900000E+038
   22.8000000000000       3.776206773900000E+038
   22.8500000000000       3.449521670100000E+038
   22.9000000000000       3.150950137500000E+038
   22.9500000000000       2.878194432300000E+038
   23.0000000000000       2.628956810700000E+038
   23.0500000000000       2.401277432400000E+038
   23.1000000000000       2.193196457100000E+038
   23.1500000000000       2.003091948000000E+038
   23.2000000000000       1.829477129700000E+038
   23.2500000000000       1.670797646100000E+038
   23.3000000000000       1.525837044600000E+038
   23.3500000000000       1.393446453300000E+038
   23.4000000000000       1.272477000300000E+038
   23.4500000000000       1.162050136500000E+038
   23.5000000000000       1.061084570700000E+038
   23.5500000000000       9.689044959000000E+037
   23.6000000000000       8.846989437000001E+037
   23.6500000000000       8.077921071000000E+037
   23.7000000000000       7.375757598000000E+037
   23.7500000000000       6.734281593600001E+037
   23.8000000000000       6.148424505300001E+037
   23.8500000000000       5.613320522700001E+037
   23.9000000000000       5.124779642400001E+037
   23.9500000000000       4.678544280300001E+037
   24.0000000000000       4.271032659300000E+037
   24.0500000000000       3.899000905800000E+037
   24.1000000000000       3.559205146200000E+037
   24.1500000000000       3.249009733200000E+037
   24.2000000000000       2.965711438800001E+037
   24.2500000000000       2.707080099900000E+037
   24.3000000000000       2.470953134100000E+037
   24.3500000000000       2.255303120400000E+037
   24.4000000000000       2.058508122000000E+037
   24.4500000000000       1.878743460000000E+037
   24.5000000000000       1.714725101100000E+037
   24.5500000000000       1.564966269900000E+037
   24.6000000000000       1.428182933100000E+037
   24.6500000000000       1.303428960900000E+037
   24.7000000000000       1.189487900700000E+037
   24.7500000000000       1.085481203400000E+037
   24.8000000000000       9.905303199000001E+036
   24.8500000000000       9.038918625000001E+036
   24.9000000000000       8.248224435000001E+036
   24.9500000000000       7.525786752000000E+036
   25.0000000000000       6.866874927000001E+036
