  0.000000000000000E+000  0.000000000000000E+000
  5.000000000000000E-002  1.906015188291015E+049
  0.100000000000000       7.653710240584944E+049
  0.150000000000000       1.768497024467002E+050
  0.200000000000000       3.237806082810142E+050
  0.250000000000000       5.275389252215471E+050
  0.300000000000000       7.948673624898789E+050
  0.350000000000000       1.124974441012035E+051
  0.400000000000000       1.520076432477349E+051
  0.450000000000000       1.976246132260923E+051
  0.500000000000000       2.485336222057676E+051
  0.550000000000000       3.058292497986736E+051
  0.600000000000000       3.685684470334930E+051
  0.650000000000000       4.358344129775537E+051
  0.700000000000000       5.070638073662618E+051
  0.750000000000000       5.817757388904644E+051
  0.800000000000000       6.597230092893124E+051
  0.850000000000000       7.406600122636022E+051
  0.900000000000000       8.239006577916973E+051
  0.950000000000000       9.087798577827936E+051
   1.00000000000000       9.951045146285280E+051
   1.05000000000000       1.082571860706295E+052
   1.10000000000000       1.170837129110387E+052
   1.15000000000000       1.259477691909221E+052
   1.20000000000000       1.348445622161366E+052
   1.25000000000000       1.437424084376375E+052
   1.30000000000000       1.526205377532784E+052
   1.35000000000000       1.614619075984051E+052
   1.40000000000000       1.702413779807733E+052
   1.45000000000000       1.789405170296969E+052
   1.50000000000000       1.875640091657695E+052
   1.55000000000000       1.961073487309837E+052
   1.60000000000000       2.045005042007696E+052
   1.65000000000000       2.127491193265493E+052
   1.70000000000000       2.208511467486174E+052
   1.75000000000000       2.287822927025283E+052
   1.80000000000000       2.365377563880905E+052
   1.85000000000000       2.441013629397348E+052
   1.90000000000000       2.514615173198558E+052
   1.95000000000000       2.586190300928635E+052
   2.00000000000000       2.655762128821290E+052
   2.05000000000000       2.723044058128142E+052
   2.10000000000000       2.788153160017217E+052
   2.15000000000000       2.850881084431200E+052
   2.20000000000000       2.911292716453876E+052
   2.25000000000000       2.969174570659942E+052
   2.30000000000000       3.024569154832789E+052
   2.35000000000000       3.077475891694124E+052
   2.40000000000000       3.127987265006087E+052
   2.45000000000000       3.175959541236678E+052
   2.50000000000000       3.221362640296669E+052
   2.55000000000000       3.264223614572348E+052
   2.60000000000000       3.304483805124186E+052
   2.65000000000000       3.342246833596253E+052
   2.70000000000000       3.377500608967830E+052
   2.75000000000000       3.410260383484493E+052
   2.80000000000000       3.440632841490549E+052
   2.85000000000000       3.468505489046483E+052
   2.90000000000000       3.493953561041705E+052
   2.95000000000000       3.517112947612624E+052
   3.00000000000000       3.537915549271009E+052
   3.05000000000000       3.556486473892649E+052
   3.10000000000000       3.572828418970339E+052
   3.15000000000000       3.587046940336030E+052
   3.20000000000000       3.599085556160704E+052
   3.25000000000000       3.609087931461266E+052
   3.30000000000000       3.617058992291561E+052
   3.35000000000000       3.623085793500651E+052
   3.40000000000000       3.627214118872172E+052
   3.45000000000000       3.629414268481758E+052
   3.50000000000000       3.629790283884528E+052
   3.55000000000000       3.628504957139033E+052
   3.60000000000000       3.625451516588304E+052
   3.65000000000000       3.620952708579160E+052
   3.70000000000000       3.614857091071789E+052
   3.75000000000000       3.607309564532908E+052
   3.80000000000000       3.598324541584278E+052
   3.85000000000000       3.587912516923431E+052
   3.90000000000000       3.576199890018333E+052
   3.95000000000000       3.563219688750896E+052
   4.00000000000000       3.548982461166261E+052
   4.05000000000000       3.533602268247793E+052
   4.10000000000000       3.517065488639558E+052
   4.15000000000000       3.499391958652348E+052
   4.20000000000000       3.480766981686644E+052
   4.25000000000000       3.461167932515655E+052
   4.30000000000000       3.440724731919371E+052
   4.35000000000000       3.419300353191705E+052
   4.40000000000000       3.396906784060227E+052
   4.45000000000000       3.373755082360737E+052
   4.50000000000000       3.349708735605112E+052
   4.55000000000000       3.324882131295085E+052
   4.60000000000000       3.299208168997053E+052
   4.65000000000000       3.272891551035664E+052
   4.70000000000000       3.245738783193346E+052
   4.75000000000000       3.217876947775596E+052
   4.80000000000000       3.189411613397026E+052
   4.85000000000000       3.160348743874899E+052
   4.90000000000000       3.130742996339941E+052
   4.95000000000000       3.100457284282786E+052
   5.00000000000000       3.069626574796044E+052
   5.05000000000000       3.038303251372662E+052
   5.10000000000000       3.006470453810798E+052
   5.15000000000000       2.974183524935232E+052
   5.20000000000000       2.941451793636455E+052
   5.25000000000000       2.908268275725563E+052
   5.30000000000000       2.874574111628773E+052
   5.35000000000000       2.840456215026909E+052
   5.40000000000000       2.805898767112230E+052
   5.45000000000000       2.770973365297037E+052
   5.50000000000000       2.735633260750843E+052
   5.55000000000000       2.699872179523963E+052
   5.60000000000000       2.663841518030855E+052
   5.65000000000000       2.627426603126305E+052
   5.70000000000000       2.590738104097515E+052
   5.75000000000000       2.553751448708709E+052
   5.80000000000000       2.516569114330835E+052
   5.85000000000000       2.479212350381798E+052
   5.90000000000000       2.441602736486382E+052
   5.95000000000000       2.403813465414586E+052
   6.00000000000000       2.365883109252127E+052
   6.05000000000000       2.327778515245301E+052
   6.10000000000000       2.289504303827763E+052
   6.15000000000000       2.251117982797876E+052
   6.20000000000000       2.212634578933487E+052
   6.25000000000000       2.174046836611123E+052
   6.30000000000000       2.135474847435390E+052
   6.35000000000000       2.096855252297866E+052
   6.40000000000000       2.058239215732113E+052
   6.45000000000000       2.019656906191244E+052
   6.50000000000000       1.981126803004543E+052
   6.55000000000000       1.942646092459536E+052
   6.60000000000000       1.904272930095056E+052
   6.65000000000000       1.865985890432418E+052
   6.70000000000000       1.827868113150703E+052
   6.75000000000000       1.789836077065198E+052
   6.80000000000000       1.751985680926473E+052
   6.85000000000000       1.714331657115444E+052
   6.90000000000000       1.676861376261163E+052
   6.95000000000000       1.639632399840765E+052
   7.00000000000000       1.602671700335340E+052
   7.05000000000000       1.565975076316901E+052
   7.10000000000000       1.529575298401266E+052
   7.15000000000000       1.493477514544153E+052
   7.20000000000000       1.457766562285752E+052
   7.25000000000000       1.422400991079077E+052
   7.30000000000000       1.387417749675287E+052
   7.35000000000000       1.352806772280799E+052
   7.40000000000000       1.318600068516385E+052
   7.45000000000000       1.284810576095366E+052
   7.50000000000000       1.251453630386502E+052
   7.55000000000000       1.218513355615802E+052
   7.60000000000000       1.186031276293412E+052
   7.65000000000000       1.154008216364713E+052
   7.70000000000000       1.122509870588735E+052
   7.75000000000000       1.091456551665758E+052
   7.80000000000000       1.060972477917947E+052
   7.85000000000000       1.030958956122126E+052
   7.90000000000000       1.001473411190575E+052
   7.95000000000000       9.725573458398517E+051
   8.00000000000000       9.441606020370218E+051
   8.05000000000000       9.163338356094725E+051
   8.10000000000000       8.890461811121709E+051
   8.15000000000000       8.623287774511693E+051
   8.20000000000000       8.361477045326751E+051
   8.25000000000000       8.105374638454066E+051
   8.30000000000000       7.854713732735419E+051
   8.35000000000000       7.609668051410670E+051
   8.40000000000000       7.370154209400524E+051
   8.45000000000000       7.136113065055920E+051
   8.50000000000000       6.907621011579513E+051
   8.55000000000000       6.684666914092985E+051
   8.60000000000000       6.467209228938456E+051
   8.65000000000000       6.255100401883235E+051
   8.70000000000000       6.048333132449912E+051
   8.75000000000000       5.847088708322931E+051
   8.80000000000000       5.651137068165364E+051
   8.85000000000000       5.460480131929397E+051
   8.90000000000000       5.274929016596675E+051
   8.95000000000000       5.094353338558464E+051
   9.00000000000000       4.919078785915209E+051
   9.05000000000000       4.748625985270920E+051
   9.10000000000000       4.582910866267603E+051
   9.15000000000000       4.421729545284753E+051
   9.20000000000000       4.265431245258644E+051
   9.25000000000000       4.113663988168748E+051
   9.30000000000000       3.966378314515337E+051
   9.35000000000000       3.823493871018764E+051
   9.40000000000000       3.684914901061101E+051
   9.45000000000000       3.550615246625112E+051
   9.50000000000000       3.420469915460962E+051
   9.55000000000000       3.294349945972916E+051
   9.60000000000000       3.172242313123627E+051
   9.65000000000000       3.053997947712538E+051
   9.70000000000000       2.939581315302078E+051
   9.75000000000000       2.828917432767692E+051
   9.80000000000000       2.721813077544138E+051
   9.85000000000000       2.618188740111859E+051
   9.90000000000000       2.517999110045523E+051
   9.95000000000000       2.421143063423576E+051
   10.0000000000000       2.327516229191455E+051
   10.0500000000000       2.237102921164975E+051
   10.1000000000000       2.149744218715491E+051
   10.1500000000000       2.065413319605312E+051
   10.2000000000000       1.984016297255462E+051
   10.2500000000000       1.905437942104935E+051
   10.3000000000000       1.829677528744810E+051
   10.3500000000000       1.756552716011006E+051
   10.4000000000000       1.686090832122384E+051
   10.4500000000000       1.618192757106926E+051
   10.5000000000000       1.552737424506625E+051
   10.5500000000000       1.489704733062882E+051
   10.6000000000000       1.428976458429657E+051
   10.6500000000000       1.370516944391704E+051
   10.7000000000000       1.314243778927889E+051
   10.7500000000000       1.260049774372150E+051
   10.8000000000000       1.207889974537835E+051
   10.8500000000000       1.157734987184645E+051
   10.9000000000000       1.109497950830937E+051
   10.9500000000000       1.063102531363607E+051
   11.0000000000000       1.018490511767699E+051
   11.0500000000000       9.756155189564633E+050
   11.1000000000000       9.344395183537544E+050
   11.1500000000000       8.948436568696017E+050
   11.2000000000000       8.568445228315059E+050
   11.2500000000000       8.203452525882119E+050
   11.3000000000000       7.852912796153971E+050
   11.3500000000000       7.516662679073403E+050
   11.4000000000000       7.193970804999416E+050
   11.4500000000000       6.884211691741130E+050
   11.5000000000000       6.587218337518191E+050
   11.5500000000000       6.302231402362744E+050
   11.6000000000000       6.028786608777018E+050
   11.6500000000000       5.766434699775980E+050
   11.7000000000000       5.515087823084148E+050
   11.7500000000000       5.274143226598112E+050
   11.8000000000000       5.043108644221441E+050
   11.8500000000000       4.821723012830111E+050
   11.9000000000000       4.609640741107196E+050
   11.9500000000000       4.406368114932241E+050
   12.0000000000000       4.211703027768954E+050
   12.0500000000000       4.025212806909345E+050
   12.1000000000000       3.846700117617072E+050
   12.1500000000000       3.675769140199283E+050
   12.2000000000000       3.512259638820036E+050
   12.2500000000000       3.355707578867355E+050
   12.3000000000000       3.205827884446723E+050
   12.3500000000000       3.062406039584913E+050
   12.4000000000000       2.925134116753642E+050
   12.4500000000000       2.793783461871961E+050
   12.5000000000000       2.668149317451225E+050
   12.5500000000000       2.547918996609772E+050
   12.6000000000000       2.432942476463867E+050
   12.6500000000000       2.322949253249758E+050
   12.7000000000000       2.217788320018350E+050
   12.7500000000000       2.117217811307986E+050
   12.8000000000000       2.021062476700319E+050
   12.8500000000000       1.929132366412520E+050
   12.9000000000000       1.841289762313554E+050
   12.9500000000000       1.757347553693519E+050
   13.0000000000000       1.677167652603608E+050
   13.0500000000000       1.600514248671423E+050
   13.1000000000000       1.527301893345788E+050
   13.1500000000000       1.457306271118885E+050
   13.2000000000000       1.390451908143256E+050
   13.2500000000000       1.326565395847746E+050
   13.3000000000000       1.265552493988328E+050
   13.3500000000000       1.207261014574877E+050
   13.4000000000000       1.151597600631474E+050
   13.4500000000000       1.098446186549854E+050
   13.5000000000000       1.047660096352328E+050
   13.5500000000000       9.991778459283730E+049
   13.6000000000000       9.528923886446862E+049
   13.6500000000000       9.086788004158735E+049
   13.7000000000000       8.664994725050652E+049
   13.7500000000000       8.262476990994508E+049
   13.8000000000000       7.878394697899664E+049
   13.8500000000000       7.511982372287604E+049
   13.9000000000000       7.161998605622239E+049
   13.9500000000000       6.827982775021537E+049
   14.0000000000000       6.509407761475655E+049
   14.0500000000000       6.205210983824713E+049
   14.1000000000000       5.915065016619874E+049
   14.1500000000000       5.637935458317265E+049
   14.2000000000000       5.373759228594535E+049
   14.2500000000000       5.121984032518718E+049
   14.3000000000000       4.881361356712922E+049
   14.3500000000000       4.651966310830962E+049
   14.4000000000000       4.432981095352935E+049
   14.4500000000000       4.224340059276232E+049
   14.5000000000000       4.025362489583264E+049
   14.5500000000000       3.835586540300722E+049
   14.6000000000000       3.654743540994885E+049
   14.6500000000000       3.482270799890834E+049
   14.7000000000000       3.317821488352381E+049
   14.7500000000000       3.161000049658860E+049
   14.8000000000000       3.011444399928301E+049
   14.8500000000000       2.868714211206905E+049
   14.9000000000000       2.732806198378972E+049
   14.9500000000000       2.603224151195338E+049
   15.0000000000000       2.479676951868048E+049
   15.0500000000000       2.361899022146570E+049
   15.1000000000000       2.249577087373480E+049
   15.1500000000000       2.142545604658211E+049
   15.2000000000000       2.040571227915194E+049
   15.2500000000000       1.943274863589586E+049
   15.3000000000000       1.850638538677357E+049
   15.3500000000000       1.762349557532406E+049
   15.4000000000000       1.678260860628985E+049
   15.4500000000000       1.598139030614577E+049
   15.5000000000000       1.521689772115083E+049
   15.5500000000000       1.448965024476797E+049
   15.6000000000000       1.379620011445664E+049
   15.6500000000000       1.313503353748788E+049
   15.7000000000000       1.250561449568701E+049
   15.7500000000000       1.190505292936587E+049
   15.8000000000000       1.133351878798121E+049
   15.8500000000000       1.078904520336128E+049
   15.9000000000000       1.027025529414731E+049
   15.9500000000000       9.775703301819762E+048
   16.0000000000000       9.304992723286862E+048
   16.0500000000000       8.856783410127573E+048
   16.1000000000000       8.429236795070108E+048
   16.1500000000000       8.022516334831591E+048
   16.2000000000000       7.635432332395579E+048
   16.2500000000000       7.266850801610405E+048
   16.3000000000000       6.915827377832362E+048
   16.3500000000000       6.581434726112534E+048
   16.4000000000000       6.262784174293768E+048
   16.4500000000000       5.959357678546883E+048
   16.5000000000000       5.670342263701447E+048
   16.5500000000000       5.395581627182181E+048
   16.6000000000000       5.133573341728546E+048
   16.6500000000000       4.883551896758893E+048
   16.7000000000000       4.646216729592460E+048
   16.7500000000000       4.420266416281026E+048
   16.8000000000000       4.204859310750987E+048
   16.8500000000000       4.000046236924398E+048
   16.9000000000000       3.804981410992707E+048
   16.9500000000000       3.619323201342450E+048
   17.0000000000000       3.442535985922173E+048
   17.0500000000000       3.274435169421316E+048
   17.1000000000000       3.114060530694350E+048
   17.1500000000000       2.961749362735088E+048
   17.2000000000000       2.816777769434797E+048
   17.2500000000000       2.678779119080479E+048
   17.3000000000000       2.547477474213857E+048
   17.3500000000000       2.422507196085216E+048
   17.4000000000000       2.303438181903284E+048
   17.4500000000000       2.190096795902349E+048
   17.5000000000000       2.082395009972513E+048
   17.5500000000000       1.979768905156960E+048
   17.6000000000000       1.882276256370678E+048
   17.6500000000000       1.789418292204699E+048
   17.7000000000000       1.701100008137825E+048
   17.7500000000000       1.617077010327116E+048
   17.8000000000000       1.537028779637418E+048
   17.8500000000000       1.461119316748319E+048
   17.9000000000000       1.388908879711914E+048
   17.9500000000000       1.319944149731784E+048
   18.0000000000000       1.254633541811722E+048
   18.0500000000000       1.191974300537379E+048
   18.1000000000000       1.132878706850650E+048
   18.1500000000000       1.076708100136288E+048
   18.2000000000000       1.023251877886165E+048
   18.2500000000000       9.724164368914807E+047
   18.3000000000000       9.240866376053660E+047
   18.3500000000000       8.781048702043918E+047
   18.4000000000000       8.343928229465168E+047
   18.4500000000000       7.928347660433153E+047
   18.5000000000000       7.533264620437172E+047
   18.5500000000000       7.157379252042025E+047
   18.6000000000000       6.800100886936247E+047
   18.6500000000000       6.460797669749717E+047
   18.7000000000000       6.138368318268945E+047
   18.7500000000000       5.831616933431888E+047
   18.8000000000000       5.540075510134119E+047
   18.8500000000000       5.262901642152045E+047
   18.9000000000000       4.999323121815522E+047
   18.9500000000000       4.748942139557549E+047
   19.0000000000000       4.510799283283139E+047
   19.0500000000000       4.284356337465976E+047
   19.1000000000000       4.067760793824092E+047
   19.1500000000000       3.863441770467482E+047
   19.2000000000000       3.669278320695817E+047
   19.2500000000000       3.483464923863562E+047
   19.3000000000000       3.308216482532935E+047
   19.3500000000000       3.141508538101055E+047
   19.4000000000000       2.983040755887935E+047
   19.4500000000000       2.832782183689972E+047
   19.5000000000000       2.690010860227917E+047
   19.5500000000000       2.554376536578612E+047
   19.6000000000000       2.425528212721669E+047
   19.6500000000000       2.303068088633230E+047
   19.7000000000000       2.186762164285201E+047
   19.7500000000000       2.076282839644228E+047
   19.8000000000000       1.971302514670381E+047
   19.8500000000000       1.871587189315406E+047
   19.9000000000000       1.776879463520390E+047
   19.9500000000000       1.686898537212591E+047
   20.0000000000000       1.601433810301044E+047
   20.0500000000000       1.520251282670384E+047
   20.1000000000000       1.443140354171935E+047
   20.1500000000000       1.369937224610592E+047
   20.2000000000000       1.300094838145565E+047
   20.2500000000000       1.233661021408441E+047
   20.3000000000000       1.170988467146648E+047
   20.3500000000000       1.111474912858839E+047
   20.4000000000000       1.055003358543908E+047
   20.4500000000000       1.001316404200649E+047
   20.5000000000000       9.503672498277412E+046
   20.5500000000000       9.019920954237346E+046
   20.6000000000000       8.560505409870269E+046
   20.6500000000000       8.124255865158385E+046
   20.7000000000000       7.710236320081823E+046
   20.7500000000000       7.317042774618203E+046
   20.8000000000000       6.943739228742169E+046
   20.8500000000000       6.589155682424704E+046
   20.9000000000000       6.252824135632272E+046
   20.9500000000000       5.933340588325638E+046
   21.0000000000000       5.630003040458256E+046
   21.0500000000000       5.341528691223609E+046
   21.1000000000000       5.068283896618922E+046
   21.1500000000000       4.808938701999565E+046
   21.2000000000000       4.562697507364928E+046
   21.2500000000000       4.329045512714346E+046
   21.3000000000000       4.107233918047096E+046
   21.3500000000000       3.896747923362390E+046
   21.4000000000000       3.696955728659353E+046
   21.4500000000000       3.507295733937030E+046
   21.5000000000000       3.327323339194349E+046
   21.5500000000000       3.156523744430118E+046
   21.6000000000000       2.994405549642999E+046
   21.6500000000000       2.840570954831470E+046
   21.7000000000000       2.694551959993791E+046
   21.7500000000000       2.555997565127960E+046
   21.8000000000000       2.424509970231630E+046
   21.8500000000000       2.299728600000000E+046
   21.9000000000000       2.181324600000000E+046
   21.9500000000000       2.068981200000000E+046
   22.0000000000000       1.962417600000000E+046
   22.0500000000000       1.861259400000000E+046
   22.1000000000000       1.765296000000000E+046
   22.1500000000000       1.674246600000000E+046
   22.2000000000000       1.587853800000000E+046
   22.2500000000000       1.505883600000000E+046
   22.3000000000000       1.428125400000000E+046
   22.3500000000000       1.354345200000000E+046
   22.4000000000000       1.284355800000000E+046
   22.4500000000000       1.217946600000000E+046
   22.5000000000000       1.154977200000000E+046
   22.5500000000000       1.095213600000000E+046
   22.6000000000000       1.038538800000000E+046
   22.6500000000000       9.847656000000001E+045
   22.7000000000000       9.337536000000000E+045
   22.7500000000000       8.853858000000000E+045
   22.8000000000000       8.394984000000001E+045
   22.8500000000000       7.959744000000000E+045
   22.9000000000000       7.546968000000000E+045
   22.9500000000000       7.155252000000000E+045
   23.0000000000000       6.783894000000000E+045
   23.0500000000000       6.431724000000000E+045
   23.1000000000000       6.097572000000001E+045
   23.1500000000000       5.780970000000000E+045
   23.2000000000000       5.480326799999999E+045
   23.2500000000000       5.195431800000000E+045
   23.3000000000000       4.925138400000000E+045
   23.3500000000000       4.668861600000000E+045
   23.4000000000000       4.425852600000000E+045
   23.4500000000000       4.195596600000000E+045
   23.5000000000000       3.977017200000000E+045
   23.5500000000000       3.769810200000001E+045
   23.6000000000000       3.573367200000000E+045
   23.6500000000000       3.387079800000000E+045
   23.7000000000000       3.210433200000000E+045
   23.7500000000000       3.042959400000000E+045
   23.8000000000000       2.884167000000000E+045
   23.8500000000000       2.733634800000000E+045
   23.9000000000000       2.590894800000000E+045
   23.9500000000000       2.455572600000000E+045
   24.0000000000000       2.327270400000000E+045
   24.0500000000000       2.205613800000000E+045
   24.1000000000000       2.090298600000000E+045
   24.1500000000000       1.980997200000000E+045
   24.2000000000000       1.877382000000000E+045
   24.2500000000000       1.779125400000000E+045
   24.3000000000000       1.685970000000000E+045
   24.3500000000000       1.597705200000000E+045
   24.4000000000000       1.514003400000000E+045
   24.4500000000000       1.434700800000000E+045
   24.5000000000000       1.359493200000000E+045
   24.5500000000000       1.288216800000000E+045
   24.6000000000000       1.220661000000000E+045
   24.6500000000000       1.156638600000000E+045
   24.7000000000000       1.095962400000000E+045
   24.7500000000000       1.038421800000000E+045
   24.8000000000000       9.839232000000000E+044
   24.8500000000000       9.322560000000001E+044
   24.9000000000000       8.832564000000000E+044
   24.9500000000000       8.368542000000000E+044
   25.0000000000000       7.928622000000001E+044
