  0.000000000000000E+000  0.000000000000000E+000
  5.000000000000000E-002  2.601644055382520E+048
  0.100000000000000       1.068663834495218E+049
  0.150000000000000       2.571865282022803E+049
  0.200000000000000       4.956929878803158E+049
  0.250000000000000       9.096581392932757E+049
  0.300000000000000       1.542637496134050E+050
  0.350000000000000       2.374114823320553E+050
  0.400000000000000       3.429945971516548E+050
  0.450000000000000       4.694124821316664E+050
  0.500000000000000       6.133469692196699E+050
  0.550000000000000       7.734031809100488E+050
  0.600000000000000       9.435409736441522E+050
  0.650000000000000       1.122705018367255E+051
  0.700000000000000       1.306470615662181E+051
  0.750000000000000       1.491852691298252E+051
  0.800000000000000       1.677023151964451E+051
  0.850000000000000       1.860426631201490E+051
  0.900000000000000       2.041627385662081E+051
  0.950000000000000       2.216908310755885E+051
   1.00000000000000       2.386093888662666E+051
   1.05000000000000       2.548642787836346E+051
   1.10000000000000       2.703646823048789E+051
   1.15000000000000       2.850075191378422E+051
   1.20000000000000       2.988337657581373E+051
   1.25000000000000       3.117600549525247E+051
   1.30000000000000       3.237265041021804E+051
   1.35000000000000       3.346916464457889E+051
   1.40000000000000       3.445575209014519E+051
   1.45000000000000       3.534913614229077E+051
   1.50000000000000       3.615696283537731E+051
   1.55000000000000       3.687177280829043E+051
   1.60000000000000       3.747690244368052E+051
   1.65000000000000       3.799438884897774E+051
   1.70000000000000       3.842400077421744E+051
   1.75000000000000       3.876480956843480E+051
   1.80000000000000       3.902590758653649E+051
   1.85000000000000       3.920686912281541E+051
   1.90000000000000       3.931391027439726E+051
   1.95000000000000       3.934265202425567E+051
   2.00000000000000       3.930170069829619E+051
   2.05000000000000       3.919770429943990E+051
   2.10000000000000       3.903326001868607E+051
   2.15000000000000       3.881021769948798E+051
   2.20000000000000       3.852917104136629E+051
   2.25000000000000       3.820118462279253E+051
   2.30000000000000       3.782443412946192E+051
   2.35000000000000       3.740464827775105E+051
   2.40000000000000       3.694911756408302E+051
   2.45000000000000       3.645912242914058E+051
   2.50000000000000       3.593396257218610E+051
   2.55000000000000       3.537891498387452E+051
   2.60000000000000       3.479799149229906E+051
   2.65000000000000       3.419371866795725E+051
   2.70000000000000       3.356706967176709E+051
   2.75000000000000       3.292414621253797E+051
   2.80000000000000       3.227641580804662E+051
   2.85000000000000       3.160396783448217E+051
   2.90000000000000       3.092243200154538E+051
   2.95000000000000       3.022964805769037E+051
   3.00000000000000       2.952981018691440E+051
   3.05000000000000       2.883184649823658E+051
   3.10000000000000       2.812763187317207E+051
   3.15000000000000       2.742591255521908E+051
   3.20000000000000       2.672694912251801E+051
   3.25000000000000       2.603114233854483E+051
   3.30000000000000       2.534200954254946E+051
   3.35000000000000       2.465095792752809E+051
   3.40000000000000       2.396278674469257E+051
   3.45000000000000       2.328667412318479E+051
   3.50000000000000       2.261712583540822E+051
   3.55000000000000       2.194953290441161E+051
   3.60000000000000       2.129380867360588E+051
   3.65000000000000       2.064468040956238E+051
   3.70000000000000       2.000898667025712E+051
   3.75000000000000       1.937877588978398E+051
   3.80000000000000       1.875733210578270E+051
   3.85000000000000       1.814643441906621E+051
   3.90000000000000       1.755274470506877E+051
   3.95000000000000       1.696877131532086E+051
   4.00000000000000       1.639773040689519E+051
   4.05000000000000       1.584333069475713E+051
   4.10000000000000       1.529974083323439E+051
   4.15000000000000       1.476623497266203E+051
   4.20000000000000       1.424696041922666E+051
   4.25000000000000       1.373488850885375E+051
   4.30000000000000       1.323429186759976E+051
   4.35000000000000       1.274804839037377E+051
   4.40000000000000       1.227353166122577E+051
   4.45000000000000       1.181068410470163E+051
   4.50000000000000       1.136066716270345E+051
   4.55000000000000       1.092327789893368E+051
   4.60000000000000       1.049859255577134E+051
   4.65000000000000       1.008761685745460E+051
   4.70000000000000       9.687113462869429E+050
   4.75000000000000       9.299940902601943E+050
   4.80000000000000       8.920395510929448E+050
   4.85000000000000       8.553243058886045E+050
   4.90000000000000       8.198841525444283E+050
   4.95000000000000       7.858367213476208E+050
   5.00000000000000       7.526927485336065E+050
   5.05000000000000       7.205103229060468E+050
   5.10000000000000       6.896414174789938E+050
   5.15000000000000       6.599144026055831E+050
   5.20000000000000       6.311988591813644E+050
   5.25000000000000       6.035138218836989E+050
   5.30000000000000       5.766874124042306E+050
   5.35000000000000       5.507245133113326E+050
   5.40000000000000       5.257679169250742E+050
   5.45000000000000       5.017749069859213E+050
   5.50000000000000       4.786791377129388E+050
   5.55000000000000       4.564867433803793E+050
   5.60000000000000       4.351957057891573E+050
   5.65000000000000       4.148250541441526E+050
   5.70000000000000       3.953418019286660E+050
   5.75000000000000       3.767810106309229E+050
   5.80000000000000       3.589676002329613E+050
   5.85000000000000       3.418042401793771E+050
   5.90000000000000       3.252953136479228E+050
   5.95000000000000       3.094706860790522E+050
   6.00000000000000       2.943533486239278E+050
   6.05000000000000       2.798968098113185E+050
   6.10000000000000       2.660370700001125E+050
   6.15000000000000       2.527465483352168E+050
   6.20000000000000       2.400802254604109E+050
   6.25000000000000       2.280413233403522E+050
   6.30000000000000       2.166235531713157E+050
   6.35000000000000       2.057191240678931E+050
   6.40000000000000       1.953092348258196E+050
   6.45000000000000       1.854533814877231E+050
   6.50000000000000       1.760284796558656E+050
   6.55000000000000       1.670376333875554E+050
   6.60000000000000       1.584554077604897E+050
   6.65000000000000       1.502314044659250E+050
   6.70000000000000       1.423969866204455E+050
   6.75000000000000       1.349198693168298E+050
   6.80000000000000       1.278489591284609E+050
   6.85000000000000       1.211350830097019E+050
   6.90000000000000       1.147672316665778E+050
   6.95000000000000       1.086883434070511E+050
   7.00000000000000       1.029494292034061E+050
   7.05000000000000       9.749688407206714E+049
   7.10000000000000       9.237163308154408E+049
   7.15000000000000       8.748333580948726E+049
   7.20000000000000       8.281611753870820E+049
   7.25000000000000       7.837204417850639E+049
   7.30000000000000       7.414306768234414E+049
   7.35000000000000       7.013835265935512E+049
   7.40000000000000       6.633593099097139E+049
   7.45000000000000       6.272372523412355E+049
   7.50000000000000       5.930389081421558E+049
   7.55000000000000       5.604724606818524E+049
   7.60000000000000       5.297888420469212E+049
   7.65000000000000       5.008164993612247E+049
   7.70000000000000       4.734897699484756E+049
   7.75000000000000       4.477112822663730E+049
   7.80000000000000       4.240224882444944E+049
   7.85000000000000       4.008770840464952E+049
   7.90000000000000       3.789435644638918E+049
   7.95000000000000       3.580792193777215E+049
   8.00000000000000       3.383198806942844E+049
   8.05000000000000       3.196133688529124E+049
   8.10000000000000       3.018785874537668E+049
   8.15000000000000       2.851160269323796E+049
   8.20000000000000       2.692675252520666E+049
   8.25000000000000       2.542935729901051E+049
   8.30000000000000       2.401600080786519E+049
   8.35000000000000       2.269144425697466E+049
   8.40000000000000       2.145643394210818E+049
   8.45000000000000       2.027380811140433E+049
   8.50000000000000       1.914862571117578E+049
   8.55000000000000       1.808259240266937E+049
   8.60000000000000       1.707502833771088E+049
   8.65000000000000       1.611588470919301E+049
   8.70000000000000       1.520955235201521E+049
   8.75000000000000       1.435539192223097E+049
   8.80000000000000       1.354050928145827E+049
   8.85000000000000       1.277421049849515E+049
   8.90000000000000       1.205090672937080E+049
   8.95000000000000       1.136490245439710E+049
   9.00000000000000       1.072575164003038E+049
   9.05000000000000       1.012204825322479E+049
   9.10000000000000       9.550291472856609E+048
   9.15000000000000       9.008495598262365E+048
   9.20000000000000       8.494645074891932E+048
   9.25000000000000       8.007618914613820E+048
   9.30000000000000       7.547130516234942E+048
   9.35000000000000       7.112047272676129E+048
   9.40000000000000       6.698651843281020E+048
   9.45000000000000       6.309296396149255E+048
   9.50000000000000       5.939945262973965E+048
   9.55000000000000       5.592981669777649E+048
   9.60000000000000       5.265896078052603E+048
   9.65000000000000       4.962560383205927E+048
   9.70000000000000       4.675797503747788E+048
   9.75000000000000       4.404321258656645E+048
   9.80000000000000       4.147348617859668E+048
   9.85000000000000       3.904688328148059E+048
   9.90000000000000       3.675080426634593E+048
   9.95000000000000       3.458060191544995E+048
   10.0000000000000       3.253177788838691E+048
   10.0500000000000       3.058551702936926E+048
   10.1000000000000       2.875202029775497E+048
   10.1500000000000       2.703304663251717E+048
   10.2000000000000       2.541619257752821E+048
   10.2500000000000       2.390337658031298E+048
   10.3000000000000       2.249873999823191E+048
   10.3500000000000       2.117080186359024E+048
   10.4000000000000       1.991567382194763E+048
   10.4500000000000       1.873023921491591E+048
   10.5000000000000       1.760967923111916E+048
   10.5500000000000       1.654781498584852E+048
   10.6000000000000       1.555197027792023E+048
   10.6500000000000       1.460873476775821E+048
   10.7000000000000       1.372082399383102E+048
   10.7500000000000       1.288050284827404E+048
   10.8000000000000       1.209949889314673E+048
   10.8500000000000       1.136355713880491E+048
   10.9000000000000       1.067896979385722E+048
   10.9500000000000       1.004063766174489E+048
   11.0000000000000       9.437377936273280E+047
   11.0500000000000       8.867908227372058E+047
   11.1000000000000       8.327570140100140E+047
   11.1500000000000       7.820253879074558E+047
   11.2000000000000       7.342643571028324E+047
   11.2500000000000       6.892586291441791E+047
   11.3000000000000       6.466941960733869E+047
   11.3500000000000       6.069087987205934E+047
   11.4000000000000       5.695135426837503E+047
   11.4500000000000       5.339282591604046E+047
   11.5000000000000       5.009972895889016E+047
   11.5500000000000       4.704316327777355E+047
   11.6000000000000       4.418580150063579E+047
   11.6500000000000       4.149287917571736E+047
   11.7000000000000       3.894938638717166E+047
   11.7500000000000       3.651384149650633E+047
   11.8000000000000       3.423299053192775E+047
   11.8500000000000       3.212167895616493E+047
   11.9000000000000       3.011226538798769E+047
   11.9500000000000       2.823994547029924E+047
   12.0000000000000       2.645100398972463E+047
   12.0500000000000       2.480634589701987E+047
   12.1000000000000       2.325708615509034E+047
   12.1500000000000       2.176913958227008E+047
   12.2000000000000       2.043116590276724E+047
   12.2500000000000       1.916898849807941E+047
   12.3000000000000       1.798588307634927E+047
   12.3500000000000       1.684859531196145E+047
   12.4000000000000       1.580184758050581E+047
   12.4500000000000       1.478958441724617E+047
   12.5000000000000       1.384304175071233E+047
   12.5500000000000       1.297299534390495E+047
   12.6000000000000       1.216096465883750E+047
   12.6500000000000       1.139425265467637E+047
   12.7000000000000       1.067928508163334E+047
   12.7500000000000       1.000571379241228E+047
   12.8000000000000       9.378628829550738E+046
   12.8500000000000       8.794858930442400E+046
   12.9000000000000       8.249437926854491E+046
   12.9500000000000       7.733111726710218E+046
   13.0000000000000       7.233688162398170E+046
   13.0500000000000       6.781420988419273E+046
   13.1000000000000       6.356514118047766E+046
   13.1500000000000       5.955369617664079E+046
   13.2000000000000       5.579146979199176E+046
   13.2500000000000       5.225995848822365E+046
   13.3000000000000       4.889374527988745E+046
   13.3500000000000       4.579693191084648E+046
   13.4000000000000       4.279433980588118E+046
   13.4500000000000       4.009831287086773E+046
   13.5000000000000       3.756096490906997E+046
   13.5500000000000       3.512565234606925E+046
   13.6000000000000       3.292541305860060E+046
   13.6500000000000       3.085224642943784E+046
   13.7000000000000       2.888037402434285E+046
   13.7500000000000       2.700770046635143E+046
   13.8000000000000       2.522108856921013E+046
   13.8500000000000       2.361958463590539E+046
   13.9000000000000       2.207604080073545E+046
   13.9500000000000       2.065405956986129E+046
   14.0000000000000       1.927951918492005E+046
   14.0500000000000       1.801240788585316E+046
   14.1000000000000       1.679956870575939E+046
   14.1500000000000       1.574481449624963E+046
   14.2000000000000       1.467726259164583E+046
   14.2500000000000       1.374936079244098E+046
   14.3000000000000       1.288002813915742E+046
   14.3500000000000       1.206251265971018E+046
   14.4000000000000       1.129244085908621E+046
   14.4500000000000       1.056986870591694E+046
   14.5000000000000       9.894125537795621E+045
   14.5500000000000       9.258997564012141E+045
   14.6000000000000       8.667630344913832E+045
   14.6500000000000       8.110368799592022E+045
   14.7000000000000       7.590372412305287E+045
   14.7500000000000       7.110037845841594E+045
   14.8000000000000       6.660520607779500E+045
   14.8500000000000       6.237902112745668E+045
   14.9000000000000       5.767340904448426E+045
   14.9500000000000       5.399992560302070E+045
   15.0000000000000       5.054681908749245E+045
   15.0500000000000       4.729652621254943E+045
   15.1000000000000       4.377354576267315E+045
   15.1500000000000       4.094703344234767E+045
   15.2000000000000       3.762934664816081E+045
   15.2500000000000       3.519806424504237E+045
   15.3000000000000       3.263950516032658E+045
   15.3500000000000       3.052859519485622E+045
   15.4000000000000       2.857797606822375E+045
   15.4500000000000       2.675439146247797E+045
   15.5000000000000       2.504523266697894E+045
   15.5500000000000       2.344324565795837E+045
   15.6000000000000       2.194141040652728E+045
   15.6500000000000       2.053340887713653E+045
   15.7000000000000       1.921362502543380E+045
   15.7500000000000       1.797620879521988E+045
   15.8000000000000       1.681577811402446E+045
   15.8500000000000       1.572788688650554E+045
   15.9000000000000       1.470762098430112E+045
   15.9500000000000       1.375076828002133E+045
   16.0000000000000       1.260077863480988E+045
   16.0500000000000       1.178530357250888E+045
   16.1000000000000       1.102470808455747E+045
   16.1500000000000       1.031255059264615E+045
   16.2000000000000       9.645789096522977E+044
   16.2500000000000       9.022317595900715E+044
   16.3000000000000       8.438626090448715E+044
   16.3500000000000       7.892374579782011E+044
   16.4000000000000       7.381223063446520E+044
   16.4500000000000       6.902831540898299E+044
   16.5000000000000       6.455328011473633E+044
   16.5500000000000       6.036606474344422E+044
   16.6000000000000       5.640449480750698E+044
   16.6500000000000       5.273751600000000E+044
   16.7000000000000       4.931269200000000E+044
   16.7500000000000       4.610876400000001E+044
   16.8000000000000       4.311286200000000E+044
   16.8500000000000       4.030860600000001E+044
   16.9000000000000       3.768663600000000E+044
   16.9500000000000       3.523408200000001E+044
   17.0000000000000       3.294018000000000E+044
   17.0500000000000       3.079463400000000E+044
   17.1000000000000       2.878808400000000E+044
   17.1500000000000       2.691140400000000E+044
   17.2000000000000       2.515617000000000E+044
   17.2500000000000       2.351489400000000E+044
   17.3000000000000       2.198008800000000E+044
   17.3500000000000       2.054449800000000E+044
   17.4000000000000       1.920250800000000E+044
   17.4500000000000       1.794756600000000E+044
   17.5000000000000       1.677405600000000E+044
   17.5500000000000       1.567706400000000E+044
   17.6000000000000       1.465097400000000E+044
   17.6500000000000       1.369204200000000E+044
   17.7000000000000       1.279535400000000E+044
   17.7500000000000       1.195716600000000E+044
   17.8000000000000       1.117326600000000E+044
   17.8500000000000       1.044084600000000E+044
   17.9000000000000       9.755927999999998E+043
   17.9500000000000       9.115704000000000E+043
   18.0000000000000       8.517366000000000E+043
   18.0500000000000       7.957872000000000E+043
   18.1000000000000       7.435116000000001E+043
   18.1500000000000       6.946758000000000E+043
   18.2000000000000       6.489990000000001E+043
   18.2500000000000       6.063174000000000E+043
   18.3000000000000       5.663970000000000E+043
   18.3500000000000       5.291184600000000E+043
   18.4000000000000       4.942992600000001E+043
   18.4500000000000       4.617381600000000E+043
   18.5000000000000       4.313017800000000E+043
   18.5500000000000       4.028778000000000E+043
   18.6000000000000       3.763141200000000E+043
   18.6500000000000       3.514890600000000E+043
   18.7000000000000       3.282926400000000E+043
   18.7500000000000       3.066219000000000E+043
   18.8000000000000       2.863738800000000E+043
   18.8500000000000       2.674573200000000E+043
   18.9000000000000       2.497833000000000E+043
   18.9500000000000       2.332699200000000E+043
   19.0000000000000       2.178446400000000E+043
   19.0500000000000       2.034325800000000E+043
   19.1000000000000       1.899705600000000E+043
   19.1500000000000       1.773954000000000E+043
   19.2000000000000       1.656462600000000E+043
   19.2500000000000       1.546740000000000E+043
   19.3000000000000       1.444248000000000E+043
   19.3500000000000       1.348518600000000E+043
   19.4000000000000       1.259107200000000E+043
   19.4500000000000       1.175592600000000E+043
   19.5000000000000       1.097577000000000E+043
   19.5500000000000       1.024709400000000E+043
   19.6000000000000       9.566855999999999E+042
   19.6500000000000       8.931546000000000E+042
   19.7000000000000       8.337888000000001E+042
   19.7500000000000       7.783776000000001E+042
   19.8000000000000       7.266402000000000E+042
   19.8500000000000       6.782958000000000E+042
   19.9000000000000       6.331806000000000E+042
   19.9500000000000       5.910372000000000E+042
   20.0000000000000       5.517018000000001E+042
   20.0500000000000       5.149544400000000E+042
   20.1000000000000       4.806453600000001E+042
   20.1500000000000       4.486294800000000E+042
   20.2000000000000       4.187266200000000E+042
   20.2500000000000       3.908034000000000E+042
   20.3000000000000       3.647381400000000E+042
   20.3500000000000       3.404044800000000E+042
   20.4000000000000       3.176877600000000E+042
   20.4500000000000       2.964803400000000E+042
   20.5000000000000       2.766816000000000E+042
   20.5500000000000       2.582026200000000E+042
   20.6000000000000       2.409498000000000E+042
   20.6500000000000       2.248459200000001E+042
   20.7000000000000       2.098114200000000E+042
   20.7500000000000       1.957807800000000E+042
   20.8000000000000       1.826838000000000E+042
   20.8500000000000       1.704596400000000E+042
   20.9000000000000       1.590521400000000E+042
   20.9500000000000       1.484004600000000E+042
   21.0000000000000       1.384624800000000E+042
   21.0500000000000       1.291867200000000E+042
   21.1000000000000       1.205287200000000E+042
   21.1500000000000       1.124510400000000E+042
   21.2000000000000       1.049092200000000E+042
   21.2500000000000       9.787518000000000E+041
   21.3000000000000       9.130914000000000E+041
   21.3500000000000       8.518068000000001E+041
   21.4000000000000       7.946406000000000E+041
   21.4500000000000       7.412652000000000E+041
   21.5000000000000       6.914934000000000E+041
   21.5500000000000       6.450210000000001E+041
   21.6000000000000       6.017076000000000E+041
   21.6500000000000       5.612490000000001E+041
   21.7000000000000       5.235165000000000E+041
   21.7500000000000       4.882924800000000E+041
   21.8000000000000       4.554622800000001E+041
   21.8500000000000       4.248176400000000E+041
   21.9000000000000       3.962134800000000E+041
   21.9500000000000       3.695398200000000E+041
   22.0000000000000       3.446562600000001E+041
   22.0500000000000       3.214387800000000E+041
   22.1000000000000       2.997820800000000E+041
   22.1500000000000       2.795785200000000E+041
   22.2000000000000       2.607298200000000E+041
   22.2500000000000       2.431494000000000E+041
   22.3000000000000       2.267506800000000E+041
   22.3500000000000       2.114541000000000E+041
   22.4000000000000       1.971847800000000E+041
   22.4500000000000       1.838725200000000E+041
   22.5000000000000       1.714611600000000E+041
   22.5500000000000       1.598805000000000E+041
   22.6000000000000       1.490814000000000E+041
   22.6500000000000       1.390077000000000E+041
   22.7000000000000       1.296126000000000E+041
   22.7500000000000       1.208539800000000E+041
   22.8000000000000       1.126803600000000E+041
   22.8500000000000       1.050613200000000E+041
   22.9000000000000       9.795240000000000E+040
   22.9500000000000       9.132318000000001E+040
   23.0000000000000       8.514324000000000E+040
   23.0500000000000       7.937982000000000E+040
   23.1000000000000       7.400484000000001E+040
   23.1500000000000       6.899256000000001E+040
   23.2000000000000       6.431724000000000E+040
   23.2500000000000       5.996016000000000E+040
   23.3000000000000       5.589792000000000E+040
   23.3500000000000       5.210665200000000E+040
   23.4000000000000       4.857301800000000E+040
   23.4500000000000       4.527900000000000E+040
   23.5000000000000       4.220658000000000E+040
   23.5500000000000       3.934335600000000E+040
   23.6000000000000       3.667294800000000E+040
   23.6500000000000       3.418342200000000E+040
   23.7000000000000       3.186237600000000E+040
   23.7500000000000       2.969834400000000E+040
   23.8000000000000       2.768079600000000E+040
   23.8500000000000       2.579990400000000E+040
   23.9000000000000       2.404654200000000E+040
   23.9500000000000       2.241181800000000E+040
   24.0000000000000       2.088824400000000E+040
   24.0500000000000       1.946739600000000E+040
   24.1000000000000       1.814319000000000E+040
   24.1500000000000       1.690907400000000E+040
   24.2000000000000       1.575826200000000E+040
   24.2500000000000       1.468560600000000E+040
   24.3000000000000       1.368572400000000E+040
   24.3500000000000       1.275370200000000E+040
   24.4000000000000       1.188509400000000E+040
   24.4500000000000       1.107545400000000E+040
   24.5000000000000       1.032057000000000E+040
   24.5500000000000       9.617400000000001E+039
   24.6000000000000       8.961732000000000E+039
   24.6500000000000       8.350758000000000E+039
   24.7000000000000       7.781202000000000E+039
   24.7500000000000       7.250490000000000E+039
   24.8000000000000       6.755814000000000E+039
   24.8500000000000       6.294834000000001E+039
   24.9000000000000       5.865210000000001E+039
   24.9500000000000       5.464719000000000E+039
   25.0000000000000       5.091512400000000E+039
