  0.000000000000000E+000  0.000000000000000E+000
  5.000000000000000E-002  1.652292925124738E+048
  0.100000000000000       7.274216978821988E+048
  0.150000000000000       2.263918613285437E+049
  0.200000000000000       6.278730939907056E+049
  0.250000000000000       1.485684565263895E+050
  0.300000000000000       2.866716838419962E+050
  0.350000000000000       4.725332548042665E+050
  0.400000000000000       6.894799990808003E+050
  0.450000000000000       9.264274798345468E+050
  0.500000000000000       1.172018398254552E+051
  0.550000000000000       1.417375037044947E+051
  0.600000000000000       1.656928533960690E+051
  0.650000000000000       1.882902985015639E+051
  0.700000000000000       2.089455026396417E+051
  0.750000000000000       2.274918505106246E+051
  0.800000000000000       2.434815101511328E+051
  0.850000000000000       2.568814444268825E+051
  0.900000000000000       2.677537291524811E+051
  0.950000000000000       2.760492590523990E+051
   1.00000000000000       2.820632670501872E+051
   1.05000000000000       2.862561897192928E+051
   1.10000000000000       2.885231856885208E+051
   1.15000000000000       2.892376887232625E+051
   1.20000000000000       2.884109785023516E+051
   1.25000000000000       2.863281557570121E+051
   1.30000000000000       2.830870061760848E+051
   1.35000000000000       2.788156649486900E+051
   1.40000000000000       2.737268463565239E+051
   1.45000000000000       2.678965070920683E+051
   1.50000000000000       2.614263480565123E+051
   1.55000000000000       2.544128640728229E+051
   1.60000000000000       2.469705510989271E+051
   1.65000000000000       2.391193591508986E+051
   1.70000000000000       2.309573941109632E+051
   1.75000000000000       2.226095272436475E+051
   1.80000000000000       2.140631397364939E+051
   1.85000000000000       2.054056482512355E+051
   1.90000000000000       1.966797980488523E+051
   1.95000000000000       1.878819552735648E+051
   2.00000000000000       1.790851489797300E+051
   2.05000000000000       1.702939412655071E+051
   2.10000000000000       1.616813763369958E+051
   2.15000000000000       1.531571662626152E+051
   2.20000000000000       1.448880411463788E+051
   2.25000000000000       1.367856832441478E+051
   2.30000000000000       1.289171786131509E+051
   2.35000000000000       1.212410356920956E+051
   2.40000000000000       1.138465748095702E+051
   2.45000000000000       1.066743685377816E+051
   2.50000000000000       9.981356614242976E+050
   2.55000000000000       9.324439315277996E+050
   2.60000000000000       8.694578315467228E+050
   2.65000000000000       8.089688102935087E+050
   2.70000000000000       7.515909701585257E+050
   2.75000000000000       6.971660655799262E+050
   2.80000000000000       6.466503828728814E+050
   2.85000000000000       5.992967111653361E+050
   2.90000000000000       5.547225817126894E+050
   2.95000000000000       5.125825490807770E+050
   3.00000000000000       4.725739369138429E+050
   3.05000000000000       4.349803193257317E+050
   3.10000000000000       4.004405259683700E+050
   3.15000000000000       3.685775419010318E+050
   3.20000000000000       3.392021020043106E+050
   3.25000000000000       3.121089126118044E+050
   3.30000000000000       2.866150762038260E+050
   3.35000000000000       2.626219704462206E+050
   3.40000000000000       2.403383253368628E+050
   3.45000000000000       2.200924240215772E+050
   3.50000000000000       2.014704922247636E+050
   3.55000000000000       1.843889226843501E+050
   3.60000000000000       1.689874423780356E+050
   3.65000000000000       1.546899978320498E+050
   3.70000000000000       1.411873249548901E+050
   3.75000000000000       1.288209051781608E+050
   3.80000000000000       1.173770396964896E+050
   3.85000000000000       1.070565941217603E+050
   3.90000000000000       9.757176985619217E+049
   3.95000000000000       8.895627462698756E+049
   4.00000000000000       8.128983601294972E+049
   4.05000000000000       7.417031588928515E+049
   4.10000000000000       6.747029308447423E+049
   4.15000000000000       6.141329834920369E+049
   4.20000000000000       5.578002190359841E+049
   4.25000000000000       5.064213377886437E+049
   4.30000000000000       4.599533986201440E+049
   4.35000000000000       4.182693794485195E+049
   4.40000000000000       3.811474141593619E+049
   4.45000000000000       3.473135933467073E+049
   4.50000000000000       3.151602159744604E+049
   4.55000000000000       2.863244910023126E+049
   4.60000000000000       2.595850490551284E+049
   4.65000000000000       2.349386555682297E+049
   4.70000000000000       2.131281180275315E+049
   4.75000000000000       1.922085869486336E+049
   4.80000000000000       1.751451025219348E+049
   4.85000000000000       1.593715768256991E+049
   4.90000000000000       1.442364188146286E+049
   4.95000000000000       1.310821778298162E+049
   5.00000000000000       1.191266195266925E+049
   5.05000000000000       1.079142258779677E+049
   5.10000000000000       9.782515391726791E+048
   5.15000000000000       8.878837412570926E+048
   5.20000000000000       8.061777410984021E+048
   5.25000000000000       7.332829075224902E+048
   5.30000000000000       6.656492460504429E+048
   5.35000000000000       6.043970555073512E+048
   5.40000000000000       5.496503255651508E+048
   5.45000000000000       4.980714084378435E+048
   5.50000000000000       4.501194176606447E+048
   5.55000000000000       4.084744669831125E+048
   5.60000000000000       3.710565519911105E+048
   5.65000000000000       3.366589723175390E+048
   5.70000000000000       3.048859546494682E+048
   5.75000000000000       2.775514648654020E+048
   5.80000000000000       2.527641030860122E+048
   5.85000000000000       2.292447062319954E+048
   5.90000000000000       2.073289435272190E+048
   5.95000000000000       1.879359395153632E+048
   6.00000000000000       1.707008246280208E+048
   6.05000000000000       1.545263280587110E+048
   6.10000000000000       1.402524821401357E+048
   6.15000000000000       1.271259816206016E+048
   6.20000000000000       1.160395539938705E+048
   6.25000000000000       1.055442141735689E+048
   6.30000000000000       9.552004091577061E+047
   6.35000000000000       8.657154318973728E+047
   6.40000000000000       7.879040193107300E+047
   6.45000000000000       7.129325960168015E+047
   6.50000000000000       6.471627372730489E+047
   6.55000000000000       5.878003682401430E+047
   6.60000000000000       5.361693359755627E+047
   6.65000000000000       4.902735497913827E+047
   6.70000000000000       4.460133449829102E+047
   6.75000000000000       4.055356387978709E+047
   6.80000000000000       3.705444154455044E+047
   6.85000000000000       3.392388578731232E+047
   6.90000000000000       3.096092137484950E+047
   6.95000000000000       2.827575639951975E+047
   7.00000000000000       2.598711292004552E+047
   7.05000000000000       2.395353184174217E+047
   7.10000000000000       2.205138724752774E+047
   7.15000000000000       2.036625039416074E+047
   7.20000000000000       1.890198140275502E+047
   7.25000000000000       1.757717638411580E+047
   7.30000000000000       1.634849510162420E+047
   7.35000000000000       1.516136790098535E+047
   7.40000000000000       1.410989266402124E+047
   7.45000000000000       1.326511700394974E+047
   7.50000000000000       1.252003371282689E+047
   7.55000000000000       1.188247742466054E+047
   7.60000000000000       1.133437669126774E+047
   7.65000000000000       1.080528442368931E+047
   7.70000000000000       1.035432999236068E+047
   7.75000000000000       9.931733846286372E+046
   7.80000000000000       9.530203302919026E+046
   7.85000000000000       9.243607759146642E+046
   7.90000000000000       8.913232330194495E+046
   7.95000000000000       8.708484462566399E+046
   8.00000000000000       8.528453240508013E+046
   8.05000000000000       8.357427615203796E+046
   8.10000000000000       8.165369055735284E+046
   8.15000000000000       8.019147848382404E+046
   8.20000000000000       7.872549119345294E+046
   8.25000000000000       7.723335834522948E+046
   8.30000000000000       7.607694070013007E+046
   8.35000000000000       7.484238263890127E+046
   8.40000000000000       7.324899822128912E+046
   8.45000000000000       7.211050419015788E+046
   8.50000000000000       7.079439562900109E+046
   8.55000000000000       6.935508652964711E+046
   8.60000000000000       6.801327607318874E+046
   8.65000000000000       6.634901373605861E+046
   8.70000000000000       6.492807215657760E+046
   8.75000000000000       6.299625415465610E+046
   8.80000000000000       6.157865483445885E+046
   8.85000000000000       6.010411958774768E+046
   8.90000000000000       5.854085554117451E+046
   8.95000000000000       5.690214148985891E+046
   9.00000000000000       5.513052102669905E+046
   9.05000000000000       5.289898818586816E+046
   9.10000000000000       5.114377114485748E+046
   9.15000000000000       4.935086253689911E+046
   9.20000000000000       4.751294051822685E+046
   9.25000000000000       4.567171076414078E+046
   9.30000000000000       4.381835224155100E+046
   9.35000000000000       4.195423060162006E+046
   9.40000000000000       4.010161423641433E+046
   9.45000000000000       3.824982022631430E+046
   9.50000000000000       3.640678409642584E+046
   9.55000000000000       3.460907752988622E+046
   9.60000000000000       3.283622802216176E+046
   9.65000000000000       3.108217888896038E+046
   9.70000000000000       2.936567697657331E+046
   9.75000000000000       2.768817212735244E+046
   9.80000000000000       2.595453564709996E+046
   9.85000000000000       2.444453252108179E+046
   9.90000000000000       2.298749682589436E+046
   9.95000000000000       2.143277215243352E+046
   10.0000000000000       2.010706679858707E+046
   10.0500000000000       1.883736027303581E+046
   10.1000000000000       1.758714448208438E+046
   10.1500000000000       1.644086276460772E+046
   10.2000000000000       1.535186529253073E+046
   10.2500000000000       1.431886780198319E+046
   10.3000000000000       1.334187029103881E+046
   10.3500000000000       1.241987275736663E+046
   10.4000000000000       1.154987519807570E+046
   10.4500000000000       1.073087760946149E+046
   10.5000000000000       9.961379986593551E+045
   10.5500000000000       9.229144056897696E+045
   10.6000000000000       8.552100002697399E+045
   10.6500000000000       7.921200002104800E+045
   10.7000000000000       7.331600001624500E+045
   10.7500000000000       6.781300001238000E+045
   10.8000000000000       6.268400000929659E+045
   10.8500000000000       5.790700000024010E+045
   10.9000000000000       5.346300000021455E+045
   10.9500000000000       4.933200000019275E+045
   11.0000000000000       4.549600000017416E+045
   11.0500000000000       4.193600000015831E+045
   11.1000000000000       3.863600000014478E+045
   11.1500000000000       3.557800000013325E+045
   11.2000000000000       3.274800000012337E+045
   11.2500000000000       3.012900000011492E+045
   11.3000000000000       2.770800000010269E+045
   11.3500000000000       2.547200000009782E+045
   11.4000000000000       2.340600000009348E+045
   11.4500000000000       2.150000000008960E+045
   11.5000000000000       1.974300000008610E+045
   11.5500000000000       1.812200000008292E+045
   11.6000000000000       1.662900000008002E+045
   11.6500000000000       1.525500000007735E+045
   11.7000000000000       1.399000000007488E+045
   11.7500000000000       1.282600000007085E+045
   11.8000000000000       1.175500000006915E+045
   11.8500000000000       1.077200000006747E+045
   11.9000000000000       9.867600000065809E+044
   11.9500000000000       9.037500000064163E+044
   12.0000000000000       8.275200000062539E+044
   12.0500000000000       7.575600000060935E+044
   12.1000000000000       6.933700000059353E+044
   12.1500000000000       6.345000000057797E+044
   12.2000000000000       5.805200000056264E+044
   12.2500000000000       5.310300000054757E+044
   12.3000000000000       4.856800000053277E+044
   12.3500000000000       4.441200000051824E+044
   12.4000000000000       4.060600000050398E+044
   12.4500000000000       3.712000000049000E+044
   12.5000000000000       3.392700000047630E+044
   12.5500000000000       3.100500000046289E+044
   12.6000000000000       2.833000000044975E+044
   12.6500000000000       2.588200000043688E+044
   12.7000000000000       2.364200000042429E+044
   12.7500000000000       2.159300000041197E+044
   12.8000000000000       1.971800000039991E+044
   12.8500000000000       1.800300000038811E+044
   12.9000000000000       1.643500000037656E+044
   12.9500000000000       1.500200000036526E+044
   13.0000000000000       1.369100000035418E+044
   13.0500000000000       1.249400000034334E+044
   13.1000000000000       1.139900000033271E+044
   13.1500000000000       1.039800000032229E+044
   13.2000000000000       9.484400000312069E+043
   13.2500000000000       8.649400000302050E+043
   13.3000000000000       7.886700000292220E+043
   13.3500000000000       7.190300000282580E+043
   13.4000000000000       6.554400000273111E+043
   13.4500000000000       5.973800000263820E+043
   13.5000000000000       5.443900000254700E+043
   13.5500000000000       4.960200000245750E+043
   13.6000000000000       4.518900000236981E+043
   13.6500000000000       4.116300000228360E+043
   13.7000000000000       3.749000000219930E+043
   13.7500000000000       3.414000000211670E+043
   13.8000000000000       3.108600000203590E+043
   13.8500000000000       2.830000000195680E+043
   13.9000000000000       2.576100000187960E+043
   13.9500000000000       2.344700000180420E+043
   14.0000000000000       2.133800000173070E+043
   14.0500000000000       1.941600000165900E+043
   14.1000000000000       1.766500000158930E+043
   14.1500000000000       1.607000000152150E+043
   14.2000000000000       1.461800000145560E+043
   14.2500000000000       1.329500000139170E+043
   14.3000000000000       1.209100000132960E+043
   14.3500000000000       1.099400000126950E+043
   14.4000000000000       9.995800001211200E+042
   14.4500000000000       9.087300001154699E+042
   14.5000000000000       8.260500001100000E+042
   14.5500000000000       7.508100001047000E+042
   14.6000000000000       6.823600000995749E+042
   14.6500000000000       6.200800000946190E+042
   14.7000000000000       5.634300000898251E+042
   14.7500000000000       5.119100000851880E+042
   14.8000000000000       4.650600000807070E+042
   14.8500000000000       4.224500000763770E+042
   14.9000000000000       3.837200000721960E+042
   14.9500000000000       3.485000000681620E+042
   15.0000000000000       3.164900000642750E+042
   15.0500000000000       2.873900000605280E+042
   15.1000000000000       2.609400000569310E+042
   15.1500000000000       2.369100000534770E+042
   15.2000000000000       2.150800000501650E+042
   15.2500000000000       1.952300000469960E+042
   15.3000000000000       1.772100000439690E+042
   15.3500000000000       1.608300000410830E+042
   15.4000000000000       1.459600000383360E+042
   15.4500000000000       1.324500000357280E+042
   15.5000000000000       1.201900000332510E+042
   15.5500000000000       1.090400000309130E+042
   15.6000000000000       9.893000002870500E+041
   15.6500000000000       8.974600002662401E+041
   15.7000000000000       8.140900002466401E+041
   15.7500000000000       7.384000002282199E+041
   15.8000000000000       6.697000002109400E+041
   15.8500000000000       6.073500001947300E+041
   15.9000000000000       5.507700001795600E+041
   15.9500000000000       4.994200001653600E+041
   16.0000000000000       4.528200001520900E+041
   16.0500000000000       4.105400001397000E+041
   16.1000000000000       3.721900001281300E+041
   16.1500000000000       3.373900001173200E+041
   16.2000000000000       3.058300001072800E+041
   16.2500000000000       2.772000000979310E+041
   16.3000000000000       2.512300000892360E+041
   16.3500000000000       2.276800000811580E+041
   16.4000000000000       2.063200000736660E+041
   16.4500000000000       1.869600000667250E+041
   16.5000000000000       1.694000000603080E+041
   16.5500000000000       1.534800000543850E+041
   16.6000000000000       1.390500000489300E+041
   16.6500000000000       1.259700000439180E+041
   16.7000000000000       1.141100000393240E+041
   16.7500000000000       1.033600000350730E+041
   16.8000000000000       9.361300003125700E+040
   16.8500000000000       8.478400002778699E+040
   16.9000000000000       7.678300002463999E+040
   16.9500000000000       6.953200002179400E+040
   17.0000000000000       6.296300001922900E+040
   17.0500000000000       5.701100001692500E+040
   17.1000000000000       5.161800001486100E+040
   17.1500000000000       4.673300001301699E+040
   17.2000000000000       4.230700001137600E+040
   17.2500000000000       3.829900000991910E+040
   17.3000000000000       3.466800000862950E+040
   17.3500000000000       3.138000000749100E+040
   17.4000000000000       2.840200000647940E+040
   17.4500000000000       2.570500000560220E+040
   17.5000000000000       2.326300000483380E+040
   17.5500000000000       2.105200000416220E+040
   17.6000000000000       1.905000000357680E+040
   17.6500000000000       1.723700000306760E+040
   17.7000000000000       1.559600000262560E+040
   17.7500000000000       1.411100000224300E+040
   17.8000000000000       1.276600000191230E+040
   17.8500000000000       1.154900000162710E+040
   17.9000000000000       1.044700000138180E+040
   17.9500000000000       9.450300001171099E+039
   18.0000000000000       8.548000000963120E+039
   18.0500000000000       7.731400000816160E+039
   18.1000000000000       6.992500000690120E+039
   18.1500000000000       6.323900000582220E+039
   18.2000000000000       5.718900000490041E+039
   18.2500000000000       5.171500000411450E+039
   18.3000000000000       4.676300000344580E+039
   18.3500000000000       4.228400000287790E+039
   18.4000000000000       3.823100000239680E+039
   18.4500000000000       3.456500000199000E+039
   18.5000000000000       3.125000000164700E+039
   18.5500000000000       2.825100000135830E+039
   18.6000000000000       2.553800000111610E+039
   18.6500000000000       2.308500000089075E+039
   18.7000000000000       2.086700000072803E+039
   18.7500000000000       1.886100000059226E+039
   18.8000000000000       1.704700000047937E+039
   18.8500000000000       1.540700000038581E+039
   18.9000000000000       1.392300000030858E+039
   18.9500000000000       1.258300000024508E+039
   19.0000000000000       1.137000000019312E+039
   19.0500000000000       1.027500000015082E+039
   19.1000000000000       9.283900000116580E+038
   19.1500000000000       8.388300000089041E+038
   19.2000000000000       7.578900000067066E+038
   19.2500000000000       6.847300000000000E+038
   19.3000000000000       6.186000000000000E+038
   19.3500000000000       5.588400000000000E+038
   19.4000000000000       5.048200000000000E+038
   19.4500000000000       4.560100000000000E+038
   19.5000000000000       4.119000000000000E+038
   19.5500000000000       3.720400000000000E+038
   19.6000000000000       3.360300000000000E+038
   19.6500000000000       3.034900000000000E+038
   19.7000000000000       2.740900000000000E+038
   19.7500000000000       2.475300000000000E+038
   19.8000000000000       2.235300000000000E+038
   19.8500000000000       2.018500000000000E+038
   19.9000000000000       1.822700000000000E+038
   19.9500000000000       1.645800000000000E+038
   20.0000000000000       1.486000000000000E+038
   20.0500000000000       1.341700000000000E+038
   20.1000000000000       1.211300000000000E+038
   20.1500000000000       1.093600000000000E+038
   20.2000000000000       9.872900000000001E+037
   20.2500000000000       8.912700000000001E+037
   20.3000000000000       8.045500000000000E+037
   20.3500000000000       7.262500000000000E+037
   20.4000000000000       6.555500000000000E+037
   20.4500000000000       5.917000000000000E+037
   20.5000000000000       5.340500000000000E+037
   20.5500000000000       4.820100000000000E+037
   20.6000000000000       4.350200000000000E+037
   20.6500000000000       3.925900000000000E+037
   20.7000000000000       3.542900000000000E+037
   20.7500000000000       3.197200000000000E+037
   20.8000000000000       2.885100000000000E+037
   20.8500000000000       2.603400000000000E+037
   20.9000000000000       2.349100000000000E+037
   20.9500000000000       2.119600000000000E+037
   21.0000000000000       1.912400000000000E+037
   21.0500000000000       1.725400000000000E+037
   21.1000000000000       1.556700000000000E+037
   21.1500000000000       1.404400000000000E+037
   21.2000000000000       1.266900000000000E+037
   21.2500000000000       1.142900000000000E+037
   21.3000000000000       1.031000000000000E+037
   21.3500000000000       9.300100000000000E+036
   21.4000000000000       8.388900000000000E+036
   21.4500000000000       7.566700000000000E+036
   21.5000000000000       6.824800000000000E+036
   21.5500000000000       6.155600000000000E+036
   21.6000000000000       5.551700000000000E+036
   21.6500000000000       5.006900000000000E+036
   21.7000000000000       4.515500000000000E+036
   21.7500000000000       4.072200000000000E+036
   21.8000000000000       3.672200000000000E+036
   21.8500000000000       3.311500000000000E+036
   21.9000000000000       2.986100000000000E+036
   21.9500000000000       2.692600000000000E+036
   22.0000000000000       2.427800000000000E+036
   22.0500000000000       2.189100000000000E+036
   22.1000000000000       1.973700000000000E+036
   22.1500000000000       1.779500000000000E+036
   22.2000000000000       1.604400000000000E+036
   22.2500000000000       1.446400000000000E+036
   22.3000000000000       1.304000000000000E+036
   22.3500000000000       1.175500000000000E+036
   22.4000000000000       1.059700000000000E+036
   22.4500000000000       9.552400000000000E+035
   22.5000000000000       8.610700000000000E+035
   22.5500000000000       7.761600000000000E+035
   22.6000000000000       6.996000000000000E+035
   22.6500000000000       6.305800000000000E+035
   22.7000000000000       5.683500000000000E+035
   22.7500000000000       5.122500000000000E+035
   22.8000000000000       4.616700000000000E+035
   22.8500000000000       4.160700000000000E+035
   22.9000000000000       3.749700000000000E+035
   22.9500000000000       3.379200000000000E+035
   23.0000000000000       3.045200000000000E+035
   23.0500000000000       2.744200000000000E+035
   23.1000000000000       2.472800000000000E+035
   23.1500000000000       2.228200000000000E+035
   23.2000000000000       2.007800000000000E+035
   23.2500000000000       1.809100000000000E+035
   23.3000000000000       1.630000000000000E+035
   23.3500000000000       1.468700000000000E+035
   23.4000000000000       1.323200000000000E+035
   23.4500000000000       1.192200000000000E+035
   23.5000000000000       1.074100000000000E+035
   23.5500000000000       9.676200000000000E+034
   23.6000000000000       8.717099999999999E+034
   23.6500000000000       7.852800000000000E+034
   23.7000000000000       7.074200000000000E+034
   23.7500000000000       6.372500000000000E+034
   23.8000000000000       5.740300000000000E+034
   23.8500000000000       5.170700000000000E+034
   23.9000000000000       4.657500000000000E+034
   23.9500000000000       4.195100000000000E+034
   24.0000000000000       3.778500000000000E+034
   24.0500000000000       3.403300000000000E+034
   24.1000000000000       3.065200000000000E+034
   24.1500000000000       2.760600000000000E+034
   24.2000000000000       2.486200000000000E+034
   24.2500000000000       2.239100000000000E+034
   24.3000000000000       2.016500000000000E+034
   24.3500000000000       1.815900000000000E+034
   24.4000000000000       1.635300000000000E+034
   24.4500000000000       1.472600000000000E+034
   24.5000000000000       1.326100000000000E+034
   24.5500000000000       1.194100000000000E+034
   24.6000000000000       1.075200000000000E+034
   24.6500000000000       9.681400000000000E+033
   24.7000000000000       8.717200000000000E+033
   24.7500000000000       7.848800000000000E+033
   24.8000000000000       7.066800000000000E+033
   24.8500000000000       6.362600000000000E+033
   24.9000000000000       5.728400000000000E+033
   24.9500000000000       5.157300000000000E+033
   25.0000000000000       4.643000000000000E+033
