  0.000000000000000E+000  0.000000000000000E+000
  5.000000000000000E-002  4.141845271766851E+044
  0.100000000000000       5.589027399590090E+046
  0.150000000000000       1.078079879495681E+048
  0.200000000000000       7.655546947944119E+048
  0.250000000000000       2.944161750023966E+049
  0.300000000000000       6.842821860657146E+049
  0.350000000000000       1.136143067082532E+050
  0.400000000000000       1.645249949065120E+050
  0.450000000000000       2.204846669202605E+050
  0.500000000000000       2.799045358325639E+050
  0.550000000000000       3.366490838158670E+050
  0.600000000000000       3.865505458195674E+050
  0.650000000000000       4.271219010310977E+050
  0.700000000000000       4.585269023833690E+050
  0.750000000000000       4.792642153783934E+050
  0.800000000000000       4.909482808995736E+050
  0.850000000000000       4.943252391263858E+050
  0.900000000000000       4.902073768162073E+050
  0.950000000000000       4.809937881051611E+050
   1.00000000000000       4.658189127187898E+050
   1.05000000000000       4.494061894714313E+050
   1.10000000000000       4.307562411236073E+050
   1.15000000000000       4.101712168591885E+050
   1.20000000000000       3.882279962130384E+050
   1.25000000000000       3.656705132285229E+050
   1.30000000000000       3.430290562213176E+050
   1.35000000000000       3.206119634068418E+050
   1.40000000000000       2.987560991838559E+050
   1.45000000000000       2.776456600611012E+050
   1.50000000000000       2.572881574962578E+050
   1.55000000000000       2.376610171639635E+050
   1.60000000000000       2.191556816818622E+050
   1.65000000000000       2.015924880056856E+050
   1.70000000000000       1.853872714583627E+050
   1.75000000000000       1.701997130866596E+050
   1.80000000000000       1.559699672747456E+050
   1.85000000000000       1.426721604999590E+050
   1.90000000000000       1.304367601444373E+050
   1.95000000000000       1.192225712283838E+050
   2.00000000000000       1.088304442655513E+050
   2.05000000000000       9.924703731869005E+049
   2.10000000000000       9.021975818583745E+049
   2.15000000000000       8.220031876586396E+049
   2.20000000000000       7.480597991826803E+049
   2.25000000000000       6.801306665387838E+049
   2.30000000000000       6.174893505725232E+049
   2.35000000000000       5.604804092587618E+049
   2.40000000000000       5.086174621811915E+049
   2.45000000000000       4.613097657845147E+049
   2.50000000000000       4.179043872343477E+049
   2.55000000000000       3.776989981675127E+049
   2.60000000000000       3.418601308215918E+049
   2.65000000000000       3.089493563688999E+049
   2.70000000000000       2.794860804449759E+049
   2.75000000000000       2.524077200642556E+049
   2.80000000000000       2.275039412360964E+049
   2.85000000000000       2.052157035100153E+049
   2.90000000000000       1.848300576105899E+049
   2.95000000000000       1.665158542387875E+049
   3.00000000000000       1.498625374101165E+049
   3.05000000000000       1.347075028292109E+049
   3.10000000000000       1.213397890095508E+049
   3.15000000000000       1.090725238565877E+049
   3.20000000000000       9.820791689450843E+048
   3.25000000000000       8.785424651771662E+048
   3.30000000000000       7.883935109619013E+048
   3.35000000000000       7.056839004605431E+048
   3.40000000000000       6.335454193416111E+048
   3.45000000000000       5.686159777741553E+048
   3.50000000000000       5.104062017285223E+048
   3.55000000000000       4.550018321535704E+048
   3.60000000000000       4.069278898579114E+048
   3.65000000000000       3.638299621141873E+048
   3.70000000000000       3.243439398912771E+048
   3.75000000000000       2.905566274669472E+048
   3.80000000000000       2.604053273198745E+048
   3.85000000000000       2.319046170794930E+048
   3.90000000000000       2.070754951193504E+048
   3.95000000000000       1.842039201649878E+048
   4.00000000000000       1.638046002225288E+048
   4.05000000000000       1.462228297377964E+048
   4.10000000000000       1.304190847705602E+048
   4.15000000000000       1.162847978225314E+048
   4.20000000000000       1.034649165632380E+048
   4.25000000000000       9.179811416883772E+047
   4.30000000000000       8.174285444199148E+047
   4.35000000000000       7.252768720957583E+047
   4.40000000000000       6.429856377428829E+047
   4.45000000000000       5.730697470149571E+047
   4.50000000000000       5.094089928738474E+047
   4.55000000000000       4.521723361882080E+047
   4.60000000000000       4.015248539739631E+047
   4.65000000000000       3.558467821561501E+047
   4.70000000000000       3.136629365329373E+047
   4.75000000000000       2.784727325752655E+047
   4.80000000000000       2.476352844205711E+047
   4.85000000000000       2.193946359778420E+047
   4.90000000000000       1.938767241522341E+047
   4.95000000000000       1.723252760518494E+047
   5.00000000000000       1.512897552673569E+047
   5.05000000000000       1.338440735816843E+047
   5.10000000000000       1.187619293744971E+047
   5.15000000000000       1.047684519908771E+047
   5.20000000000000       9.309490841643288E+046
   5.25000000000000       8.243032667628354E+046
   5.30000000000000       7.263090450875959E+046
   5.35000000000000       6.382735077850413E+046
   5.40000000000000       5.648586754883278E+046
   5.45000000000000       4.972399802344920E+046
   5.50000000000000       4.419649522082138E+046
   5.55000000000000       3.897706220681380E+046
   5.60000000000000       3.443554680797109E+046
   5.65000000000000       3.024581559916454E+046
   5.70000000000000       2.665163339917953E+046
   5.75000000000000       2.346159769558020E+046
   5.80000000000000       2.060741237967802E+046
   5.85000000000000       1.824194205667059E+046
   5.90000000000000       1.610949091356510E+046
   5.95000000000000       1.421639472790541E+046
   6.00000000000000       1.245306863187811E+046
   6.05000000000000       1.093597847674821E+046
   6.10000000000000       9.582505258281288E+045
   6.15000000000000       8.452374419519620E+045
   6.20000000000000       7.417196158281105E+045
   6.25000000000000       6.539757188866569E+045
   6.30000000000000       5.584890339548810E+045
   6.35000000000000       4.891713319403466E+045
   6.40000000000000       4.287802405718309E+045
   6.45000000000000       3.769466468036209E+045
   6.50000000000000       3.312224285828596E+045
   6.55000000000000       2.819827886790725E+045
   6.60000000000000       2.496195183067288E+045
   6.65000000000000       2.191985923628029E+045
   6.70000000000000       1.841432293859467E+045
   6.75000000000000       1.609686294268563E+045
   6.80000000000000       1.337992166663983E+045
   6.85000000000000       1.177973147110310E+045
   6.90000000000000       1.048315670364109E+045
   6.95000000000000       9.277983867986091E+044
   7.00000000000000       8.100586519831855E+044
   7.05000000000000       7.070249463386941E+044
   7.10000000000000       6.222782326955495E+044
   7.15000000000000       5.477491452484823E+044
   7.20000000000000       4.714847909158919E+044
   7.25000000000000       3.662606031263329E+044
   7.30000000000000       3.217594031008044E+044
   7.35000000000000       2.802691775836018E+044
   7.40000000000000       2.005261961816360E+044
   7.45000000000000       1.762888269379264E+044
   7.50000000000000       1.550181181312299E+044
   7.55000000000000       8.712587945831638E+043
   7.60000000000000       7.742789762683332E+043
   7.65000000000000       6.772798117454225E+043
   7.70000000000000       4.702083310770704E+043
   7.75000000000000       2.651964051437177E+043
   7.80000000000000       5.298479152133218E+042
   7.85000000000000       1.112173922541607E+041
   7.90000000000000        1604663100.00000     
   7.95000000000000        1604663100.00000     
   8.00000000000000        1604663100.00000     
   8.05000000000000        1604663100.00000     
   8.10000000000000        1604663100.00000     
   8.15000000000000        1604663100.00000     
   8.20000000000000        1604663100.00000     
   8.25000000000000        1604663100.00000     
   8.30000000000000        1604663100.00000     
   8.35000000000000        1604663100.00000     
   8.40000000000000        1604663100.00000     
   8.45000000000000        1604663100.00000     
   8.50000000000000        1604663100.00000     
   8.55000000000000        1604663100.00000     
   8.60000000000000        1604663100.00000     
   8.65000000000000        1604663100.00000     
   8.70000000000000        1604663100.00000     
   8.75000000000000        1604663100.00000     
   8.80000000000000        1604663100.00000     
   8.85000000000000        1604663100.00000     
   8.90000000000000        1604663100.00000     
   8.95000000000000        1604663100.00000     
   9.00000000000000        1604663100.00000     
   9.05000000000000        1604663100.00000     
   9.10000000000000        1604663100.00000     
   9.15000000000000        1604663100.00000     
   9.20000000000000        1604663100.00000     
   9.25000000000000        1604663100.00000     
   9.30000000000000        1604663100.00000     
   9.35000000000000        1604663100.00000     
   9.40000000000000        1604663100.00000     
   9.45000000000000        1604663100.00000     
   9.50000000000000        1604663100.00000     
   9.55000000000000        1604663100.00000     
   9.60000000000000        1604663100.00000     
   9.65000000000000        1604663100.00000     
   9.70000000000000        1604663100.00000     
   9.75000000000000        1604663100.00000     
   9.80000000000000        1604663100.00000     
   9.85000000000000        1604663100.00000     
   9.90000000000000        1604663100.00000     
   9.95000000000000        1604663100.00000     
   10.0000000000000        1604663100.00000     
   10.0500000000000        1604663100.00000     
   10.1000000000000        1604663100.00000     
   10.1500000000000        1604663100.00000     
   10.2000000000000        1604663100.00000     
   10.2500000000000        1604663100.00000     
   10.3000000000000        1604663100.00000     
   10.3500000000000        1604663100.00000     
   10.4000000000000        1604663100.00000     
   10.4500000000000        1604663100.00000     
   10.5000000000000        1604663100.00000     
   10.5500000000000        1604663100.00000     
   10.6000000000000        1604663100.00000     
   10.6500000000000        1604663100.00000     
   10.7000000000000        1604663100.00000     
   10.7500000000000        1604663100.00000     
   10.8000000000000        1604663100.00000     
   10.8500000000000        1604663100.00000     
   10.9000000000000        1604663100.00000     
   10.9500000000000        1604663100.00000     
   11.0000000000000        1604663100.00000     
   11.0500000000000        1604663100.00000     
   11.1000000000000        1604663100.00000     
   11.1500000000000        1604663100.00000     
   11.2000000000000        1604663100.00000     
   11.2500000000000        1604663100.00000     
   11.3000000000000        1604663100.00000     
   11.3500000000000        1604663100.00000     
   11.4000000000000        1604663100.00000     
   11.4500000000000        1604663100.00000     
   11.5000000000000        1604663100.00000     
   11.5500000000000        1604663100.00000     
   11.6000000000000        1604663100.00000     
   11.6500000000000        1604663100.00000     
   11.7000000000000        1604663100.00000     
   11.7500000000000        1604663100.00000     
   11.8000000000000        1604663100.00000     
   11.8500000000000        1604663100.00000     
   11.9000000000000        1604663100.00000     
   11.9500000000000        1604663100.00000     
   12.0000000000000        1604663100.00000     
   12.0500000000000        1604663100.00000     
   12.1000000000000        1604663100.00000     
   12.1500000000000        1604663100.00000     
   12.2000000000000        1604663100.00000     
   12.2500000000000        1604663100.00000     
   12.3000000000000        1604663100.00000     
   12.3500000000000        1604663100.00000     
   12.4000000000000        1604663100.00000     
   12.4500000000000        1604663100.00000     
   12.5000000000000        1604663100.00000     
   12.5500000000000        1604663100.00000     
   12.6000000000000        1604663100.00000     
   12.6500000000000        1604663100.00000     
   12.7000000000000        1604663100.00000     
   12.7500000000000        1604663100.00000     
   12.8000000000000        1604663100.00000     
   12.8500000000000        1604663100.00000     
   12.9000000000000        1604663100.00000     
   12.9500000000000        1604663100.00000     
   13.0000000000000        1604663100.00000     
   13.0500000000000        1604663100.00000     
   13.1000000000000        1604663100.00000     
   13.1500000000000        1604663100.00000     
   13.2000000000000        1604663100.00000     
   13.2500000000000        1604663100.00000     
   13.3000000000000        1604663100.00000     
   13.3500000000000        1604663100.00000     
   13.4000000000000        1604663100.00000     
   13.4500000000000        1604663100.00000     
   13.5000000000000        1604663100.00000     
   13.5500000000000        1604663100.00000     
   13.6000000000000        1604663100.00000     
   13.6500000000000        1604663100.00000     
   13.7000000000000        1604663100.00000     
   13.7500000000000        1604663100.00000     
   13.8000000000000        1604663100.00000     
   13.8500000000000        1604663100.00000     
   13.9000000000000        1604663100.00000     
   13.9500000000000        1604663100.00000     
   14.0000000000000        1604663100.00000     
   14.0500000000000        1604663100.00000     
   14.1000000000000        1604663100.00000     
   14.1500000000000        1604663100.00000     
   14.2000000000000        1604663100.00000     
   14.2500000000000        1604663100.00000     
   14.3000000000000        1604663100.00000     
   14.3500000000000        1604663100.00000     
   14.4000000000000        1604663100.00000     
   14.4500000000000        1604663100.00000     
   14.5000000000000        1604663100.00000     
   14.5500000000000        1604663100.00000     
   14.6000000000000        1604663100.00000     
   14.6500000000000        1604663100.00000     
   14.7000000000000        1604663100.00000     
   14.7500000000000        1604663100.00000     
   14.8000000000000        1604663100.00000     
   14.8500000000000        1604663100.00000     
   14.9000000000000        1604663100.00000     
   14.9500000000000        1604663100.00000     
   15.0000000000000        1604663100.00000     
   15.0500000000000        1604663100.00000     
   15.1000000000000        1604663100.00000     
   15.1500000000000        1604663100.00000     
   15.2000000000000        1604663100.00000     
   15.2500000000000        1604663100.00000     
   15.3000000000000        1604663100.00000     
   15.3500000000000        1604663100.00000     
   15.4000000000000        1604663100.00000     
   15.4500000000000        1604663100.00000     
   15.5000000000000        1604663100.00000     
   15.5500000000000        1604663100.00000     
   15.6000000000000        1604663100.00000     
   15.6500000000000        1604663100.00000     
   15.7000000000000        1604663100.00000     
   15.7500000000000        1604663100.00000     
   15.8000000000000        1604663100.00000     
   15.8500000000000        1604663100.00000     
   15.9000000000000        1604663100.00000     
   15.9500000000000        1604663100.00000     
   16.0000000000000        1604663100.00000     
   16.0500000000000        1604663100.00000     
   16.1000000000000        1604663100.00000     
   16.1500000000000        1604663100.00000     
   16.2000000000000        1604663100.00000     
   16.2500000000000        1604663100.00000     
   16.3000000000000        1604663100.00000     
   16.3500000000000        1604663100.00000     
   16.4000000000000        1604663100.00000     
   16.4500000000000        1604663100.00000     
   16.5000000000000        1604663100.00000     
   16.5500000000000        1604663100.00000     
   16.6000000000000        1604663100.00000     
   16.6500000000000        1604663100.00000     
   16.7000000000000        1604663100.00000     
   16.7500000000000        1604663100.00000     
   16.8000000000000        1604663100.00000     
   16.8500000000000        1604663100.00000     
   16.9000000000000        1604663100.00000     
   16.9500000000000        1604663100.00000     
   17.0000000000000        1604663100.00000     
   17.0500000000000        1604663100.00000     
   17.1000000000000        1604663100.00000     
   17.1500000000000        1604663100.00000     
   17.2000000000000        1604663100.00000     
   17.2500000000000        1604663100.00000     
   17.3000000000000        1604663100.00000     
   17.3500000000000        1604663100.00000     
   17.4000000000000        1604663100.00000     
   17.4500000000000        1604663100.00000     
   17.5000000000000        1604663100.00000     
   17.5500000000000        1604663100.00000     
   17.6000000000000        1604663100.00000     
   17.6500000000000        1604663100.00000     
   17.7000000000000        1604663100.00000     
   17.7500000000000        1604663100.00000     
   17.8000000000000        1604663100.00000     
   17.8500000000000        1604663100.00000     
   17.9000000000000        1604663100.00000     
   17.9500000000000        1604663100.00000     
   18.0000000000000        1604663100.00000     
   18.0500000000000        1604663100.00000     
   18.1000000000000        1604663100.00000     
   18.1500000000000        1604663100.00000     
   18.2000000000000        1604663100.00000     
   18.2500000000000        1604663100.00000     
   18.3000000000000        1604663100.00000     
   18.3500000000000        1604663100.00000     
   18.4000000000000        1604663100.00000     
   18.4500000000000        1604663100.00000     
   18.5000000000000        1604663100.00000     
   18.5500000000000        1604663100.00000     
   18.6000000000000        1604663100.00000     
   18.6500000000000        1604663100.00000     
   18.7000000000000        1604663100.00000     
   18.7500000000000        1604663100.00000     
   18.8000000000000        1604663100.00000     
   18.8500000000000        1604663100.00000     
   18.9000000000000        1604663100.00000     
   18.9500000000000        1604663100.00000     
   19.0000000000000        1604663100.00000     
   19.0500000000000        1604663100.00000     
   19.1000000000000        1604663100.00000     
   19.1500000000000        1604663100.00000     
   19.2000000000000        1604663100.00000     
   19.2500000000000        1604663100.00000     
   19.3000000000000        1604663100.00000     
   19.3500000000000        1604663100.00000     
   19.4000000000000        1604663100.00000     
   19.4500000000000        1604663100.00000     
   19.5000000000000        1604663100.00000     
   19.5500000000000        1604663100.00000     
   19.6000000000000        1604663100.00000     
   19.6500000000000        1604663100.00000     
   19.7000000000000        1604663100.00000     
   19.7500000000000        1604663100.00000     
   19.8000000000000        1604663100.00000     
   19.8500000000000        1604663100.00000     
   19.9000000000000        1604663100.00000     
   19.9500000000000        1604663100.00000     
   20.0000000000000        1604663100.00000     
   20.0500000000000        1604663100.00000     
   20.1000000000000        1604663100.00000     
   20.1500000000000        1604663100.00000     
   20.2000000000000        1604663100.00000     
   20.2500000000000        1604663100.00000     
   20.3000000000000        1604663100.00000     
   20.3500000000000        1604663100.00000     
   20.4000000000000        1604663100.00000     
   20.4500000000000        1604663100.00000     
   20.5000000000000        1604663100.00000     
   20.5500000000000        1604663100.00000     
   20.6000000000000        1604663100.00000     
   20.6500000000000        1604663100.00000     
   20.7000000000000        1604663100.00000     
   20.7500000000000        1604663100.00000     
   20.8000000000000        1604663100.00000     
   20.8500000000000        1604663100.00000     
   20.9000000000000        1604663100.00000     
   20.9500000000000        1604663100.00000     
   21.0000000000000        1604663100.00000     
   21.0500000000000        1604663100.00000     
   21.1000000000000        1604663100.00000     
   21.1500000000000        1604663100.00000     
   21.2000000000000        1604663100.00000     
   21.2500000000000        1604663100.00000     
   21.3000000000000        1604663100.00000     
   21.3500000000000        1604663100.00000     
   21.4000000000000        1604663100.00000     
   21.4500000000000        1604663100.00000     
   21.5000000000000        1604663100.00000     
   21.5500000000000        1604663100.00000     
   21.6000000000000        1604663100.00000     
   21.6500000000000        1604663100.00000     
   21.7000000000000        1604663100.00000     
   21.7500000000000        1604663100.00000     
   21.8000000000000        1604663100.00000     
   21.8500000000000        1604663100.00000     
   21.9000000000000        1604663100.00000     
   21.9500000000000        1604663100.00000     
   22.0000000000000        1604663100.00000     
   22.0500000000000        1604663100.00000     
   22.1000000000000        1604663100.00000     
   22.1500000000000        1604663100.00000     
   22.2000000000000        1604663100.00000     
   22.2500000000000        1604663100.00000     
   22.3000000000000        1604663100.00000     
   22.3500000000000        1604663100.00000     
   22.4000000000000        1604663100.00000     
   22.4500000000000        1604663100.00000     
   22.5000000000000        1604663100.00000     
   22.5500000000000        1604663100.00000     
   22.6000000000000        1604663100.00000     
   22.6500000000000        1604663100.00000     
   22.7000000000000        1604663100.00000     
   22.7500000000000        1604663100.00000     
   22.8000000000000        1604663100.00000     
   22.8500000000000        1604663100.00000     
   22.9000000000000        1604663100.00000     
   22.9500000000000        1604663100.00000     
   23.0000000000000        1604663100.00000     
   23.0500000000000        1604663100.00000     
   23.1000000000000        1604663100.00000     
   23.1500000000000        1604663100.00000     
   23.2000000000000        1604663100.00000     
   23.2500000000000        1604663100.00000     
   23.3000000000000        1604663100.00000     
   23.3500000000000        1604663100.00000     
   23.4000000000000        1604663100.00000     
   23.4500000000000        1604663100.00000     
   23.5000000000000        1604663100.00000     
   23.5500000000000        1604663100.00000     
   23.6000000000000        1604663100.00000     
   23.6500000000000        1604663100.00000     
   23.7000000000000        1604663100.00000     
   23.7500000000000        1604663100.00000     
   23.8000000000000        1604663100.00000     
   23.8500000000000        1604663100.00000     
   23.9000000000000        1604663100.00000     
   23.9500000000000        1604663100.00000     
   24.0000000000000        1604663100.00000     
   24.0500000000000        1604663100.00000     
   24.1000000000000        1604663100.00000     
   24.1500000000000        1604663100.00000     
   24.2000000000000        1604663100.00000     
   24.2500000000000        1604663100.00000     
   24.3000000000000        1604663100.00000     
   24.3500000000000        1604663100.00000     
   24.4000000000000        1604663100.00000     
   24.4500000000000        1604663100.00000     
   24.5000000000000        1604663100.00000     
   24.5500000000000        1604663100.00000     
   24.6000000000000        1604663100.00000     
   24.6500000000000        1604663100.00000     
   24.7000000000000        1604663100.00000     
   24.7500000000000        1604663100.00000     
   24.8000000000000        1604663100.00000     
   24.8500000000000        1604663100.00000     
   24.9000000000000        1604663100.00000     
   24.9500000000000        1604663100.00000     
   25.0000000000000        1604663100.00000     
