  0.000000000000000E+000  0.000000000000000E+000
  5.000000000000000E-002  4.760179135332525E+048
  0.100000000000000       9.817428090978945E+048
  0.150000000000000       1.395064539304622E+049
  0.200000000000000       1.657652269262164E+049
  0.250000000000000       1.839353235180660E+049
  0.300000000000000       2.008045627446532E+049
  0.350000000000000       2.208124720425455E+049
  0.400000000000000       2.461097536016303E+049
  0.450000000000000       2.738481495847071E+049
  0.500000000000000       3.023316784369238E+049
  0.550000000000000       3.311898432799287E+049
  0.600000000000000       3.600014494599300E+049
  0.650000000000000       3.883985027124793E+049
  0.700000000000000       4.160533639647796E+049
  0.750000000000000       4.428466935100146E+049
  0.800000000000000       4.684514611443106E+049
  0.850000000000000       4.926742082643065E+049
  0.900000000000000       5.154547163223818E+049
  0.950000000000000       5.367012042129104E+049
   1.00000000000000       5.562559252915735E+049
   1.05000000000000       5.741187673089020E+049
   1.10000000000000       5.903054906288862E+049
   1.15000000000000       6.047389257729548E+049
   1.20000000000000       6.174290801699856E+049
   1.25000000000000       6.284854974588597E+049
   1.30000000000000       6.378835394552744E+049
   1.35000000000000       6.433340110304485E+049
   1.40000000000000       6.496334314950331E+049
   1.45000000000000       6.541680083866995E+049
   1.50000000000000       6.574713330982945E+049
   1.55000000000000       6.593258949272526E+049
   1.60000000000000       6.598244957735299E+049
   1.65000000000000       6.590464851165115E+049
   1.70000000000000       6.570730104724191E+049
   1.75000000000000       6.539295765369787E+049
   1.80000000000000       6.497768199846577E+049
   1.85000000000000       6.446346253274192E+049
   1.90000000000000       6.386025765553036E+049
   1.95000000000000       6.317282135038806E+049
   2.00000000000000       6.241043891546714E+049
   2.05000000000000       6.157985872982224E+049
   2.10000000000000       6.068355476871917E+049
   2.15000000000000       5.973921367672105E+049
   2.20000000000000       5.874453038816167E+049
   2.25000000000000       5.770896103619318E+049
   2.30000000000000       5.663659259224271E+049
   2.35000000000000       5.553176275785428E+049
   2.40000000000000       5.439591475005649E+049
   2.45000000000000       5.324185195628112E+049
   2.50000000000000       5.207461936705751E+049
   2.55000000000000       5.089240238542302E+049
   2.60000000000000       4.970202707315034E+049
   2.65000000000000       4.851073559760992E+049
   2.70000000000000       4.731634155829874E+049
   2.75000000000000       4.612488010345736E+049
   2.80000000000000       4.493851813178253E+049
   2.85000000000000       4.376594673191890E+049
   2.90000000000000       4.260110209073705E+049
   2.95000000000000       4.145229986701184E+049
   3.00000000000000       3.967372362621947E+049
   3.05000000000000       3.869020924579059E+049
   3.10000000000000       3.770815325945082E+049
   3.15000000000000       3.673456944656506E+049
   3.20000000000000       3.576889555010782E+049
   3.25000000000000       3.481255439698034E+049
   3.30000000000000       3.386625279046601E+049
   3.35000000000000       3.293450221814753E+049
   3.40000000000000       3.201634092930236E+049
   3.45000000000000       3.111114873235217E+049
   3.50000000000000       3.022354227592070E+049
   3.55000000000000       2.935430323450227E+049
   3.60000000000000       2.850169459965039E+049
   3.65000000000000       2.734137127267604E+049
   3.70000000000000       2.659615213875160E+049
   3.75000000000000       2.585908427768477E+049
   3.80000000000000       2.513249843421491E+049
   3.85000000000000       2.441835953873746E+049
   3.90000000000000       2.371688310869999E+049
   3.95000000000000       2.302621756660397E+049
   4.00000000000000       2.234993215803528E+049
   4.05000000000000       2.168799987300777E+049
   4.10000000000000       2.103961234201017E+049
   4.15000000000000       2.040302434412080E+049
   4.20000000000000       1.978181376079458E+049
   4.25000000000000       1.917505757361050E+049
   4.30000000000000       1.858220323511241E+049
   4.35000000000000       1.800390864244334E+049
   4.40000000000000       1.744232010725471E+049
   4.45000000000000       1.689308183009192E+049
   4.50000000000000       1.635868574154397E+049
   4.55000000000000       1.583972627575773E+049
   4.60000000000000       1.533476660099295E+049
   4.65000000000000       1.484531079655582E+049
   4.70000000000000       1.436890905889663E+049
   4.75000000000000       1.390775614789937E+049
   4.80000000000000       1.345973302629518E+049
   4.85000000000000       1.302435210863388E+049
   4.90000000000000       1.260222406351467E+049
   4.95000000000000       1.219367073976374E+049
   5.00000000000000       1.179833105010372E+049
   5.05000000000000       1.141492122210087E+049
   5.10000000000000       1.104525388997262E+049
   5.15000000000000       1.068796328750262E+049
   5.20000000000000       1.034053979518166E+049
   5.25000000000000       1.000751199847565E+049
   5.30000000000000       9.685549582579416E+048
   5.35000000000000       9.374445331450390E+048
   5.40000000000000       9.073038197137892E+048
   5.45000000000000       8.782816014643791E+048
   5.50000000000000       8.499162769593874E+048
   5.55000000000000       8.228905830745478E+048
   5.60000000000000       7.968390637158141E+048
   5.65000000000000       7.717200630906032E+048
   5.70000000000000       7.475130186419613E+048
   5.75000000000000       7.242036141835391E+048
   5.80000000000000       7.017851628193129E+048
   5.85000000000000       6.801889089233666E+048
   5.90000000000000       6.593814703633368E+048
   5.95000000000000       6.393277503852986E+048
   6.00000000000000       6.200336683560918E+048
   6.05000000000000       6.014380510399037E+048
   6.10000000000000       5.835270678593347E+048
   6.15000000000000       5.662198098244150E+048
   6.20000000000000       5.495636285308590E+048
   6.25000000000000       5.335366187447104E+048
   6.30000000000000       5.181392950023304E+048
   6.35000000000000       5.033710061768955E+048
   6.40000000000000       4.891977161539463E+048
   6.45000000000000       4.755246514487539E+048
   6.50000000000000       4.623719786016364E+048
   6.55000000000000       4.496866011671730E+048
   6.60000000000000       4.374726193553196E+048
   6.65000000000000       4.257038317156848E+048
   6.70000000000000       4.143936056837357E+048
   6.75000000000000       4.032850816387978E+048
   6.80000000000000       3.928643841992376E+048
   6.85000000000000       3.828412105434315E+048
   6.90000000000000       3.732015029617104E+048
   6.95000000000000       3.639184435267148E+048
   7.00000000000000       3.549915934482561E+048
   7.05000000000000       3.463872832905404E+048
   7.10000000000000       3.381055031683982E+048
   7.15000000000000       3.301251630171540E+048
   7.20000000000000       3.224357723809882E+048
   7.25000000000000       3.150182913432485E+048
   7.30000000000000       3.078730770384222E+048
   7.35000000000000       3.009714301735435E+048
   7.40000000000000       2.942351484560521E+048
   7.45000000000000       2.878242391108252E+048
   7.50000000000000       2.816381929694252E+048
   7.55000000000000       2.756494381712932E+048
   7.60000000000000       2.698661908369704E+048
   7.65000000000000       2.642624385496294E+048
   7.70000000000000       2.588448502550870E+048
   7.75000000000000       2.535889779222346E+048
   7.80000000000000       2.485925441759062E+048
   7.85000000000000       2.437942759188332E+048
   7.90000000000000       2.392373101896752E+048
   7.95000000000000       2.348665914728628E+048
   8.00000000000000       2.300480240259545E+048
   8.05000000000000       2.260670904280746E+048
   8.10000000000000       2.221814787854507E+048
   8.15000000000000       2.183938851886901E+048
   8.20000000000000       2.146968058722013E+048
   8.25000000000000       2.110887565694730E+048
   8.30000000000000       2.075649684381939E+048
   8.35000000000000       2.041281081756441E+048
   8.40000000000000       2.007617642768202E+048
   8.45000000000000       1.974673026427399E+048
   8.50000000000000       1.942432652875262E+048
   8.55000000000000       1.910849124479574E+048
   8.60000000000000       1.879901347394360E+048
   8.65000000000000       1.848662242548966E+048
   8.70000000000000       1.819110568008678E+048
   8.75000000000000       1.790077412108367E+048
   8.80000000000000       1.761536149268669E+048
   8.85000000000000       1.733460260706495E+048
   8.90000000000000       1.707527311791697E+048
   8.95000000000000       1.682969049867558E+048
   9.00000000000000       1.659833742442727E+048
   9.05000000000000       1.638940765142641E+048
   9.10000000000000       1.614056330439024E+048
   9.15000000000000       1.593941287694045E+048
   9.20000000000000       1.574181638121000E+048
   9.25000000000000       1.553277703724000E+048
   9.30000000000000       1.534521132359000E+048
   9.35000000000000       1.515942298235000E+048
   9.40000000000000       1.497682796629000E+048
   9.45000000000000       1.479578379019000E+048
   9.50000000000000       1.461755448735000E+048
   9.55000000000000       1.444086250833000E+048
   9.60000000000000       1.426690430573000E+048
   9.65000000000000       1.409447666888000E+048
   9.70000000000000       1.392377585602000E+048
   9.75000000000000       1.375562283555000E+048
   9.80000000000000       1.358855029336800E+048
   9.85000000000000       1.342377292886300E+048
   9.90000000000000       1.324986541178800E+048
   9.95000000000000       1.308996467059500E+048
   10.0000000000000       1.294949685792000E+048
   10.0500000000000       1.282240581246200E+048
   10.1000000000000       1.269763967047100E+048
   10.1500000000000       1.260366111143800E+048
   10.2000000000000       1.250871155485100E+048
   10.2500000000000       1.241620017281500E+048
   10.3000000000000       1.232509595805800E+048
   10.3500000000000       1.223438492587000E+048
   10.4000000000000       1.214432483292800E+048
   10.4500000000000       1.205511422938500E+048
   10.5000000000000       1.196647671017800E+048
   10.5500000000000       1.187901833708100E+048
   10.6000000000000       1.179151009137100E+048
   10.6500000000000       1.170442287342200E+048
   10.7000000000000       1.161781885747800E+048
   10.7500000000000       1.153155882729700E+048
   10.8000000000000       1.144550289083000E+048
   10.8500000000000       1.135956859962300E+048
   10.9000000000000       1.127447379781500E+048
   10.9500000000000       1.118901865377100E+048
   11.0000000000000       1.110373732728740E+048
   11.0500000000000       1.101828725373950E+048
   11.1000000000000       1.094852894522140E+048
   11.1500000000000       1.089044076129280E+048
   11.2000000000000       1.083218051690200E+048
   11.2500000000000       1.079471953012940E+048
   11.3000000000000       1.073815151962650E+048
   11.3500000000000       1.070719206846030E+048
   11.4000000000000       1.067551166444290E+048
   11.4500000000000       1.064290324225310E+048
   11.5000000000000       1.060929489796970E+048
   11.5500000000000       1.057455694034220E+048
   11.6000000000000       1.053854677798080E+048
   11.6500000000000       1.050099645146640E+048
   11.7000000000000       1.046231374079920E+048
   11.7500000000000       1.042168190968590E+048
   11.8000000000000       1.037938622802810E+048
   11.8500000000000       1.033527439634900E+048
   11.9000000000000       1.028921117195740E+048
   11.9500000000000       1.024112850108840E+048
   12.0000000000000       1.019075506094200E+048
   12.0500000000000       1.013815822947610E+048
   12.1000000000000       1.008313498055740E+048
   12.1500000000000       1.002548190998940E+048
   12.2000000000000       9.977477645997600E+047
   12.2500000000000       9.936455129472979E+047
   12.3000000000000       9.892812448775451E+047
   12.3500000000000       9.856344084117771E+047
   12.4000000000000       9.829230333506210E+047
   12.4500000000000       9.798403543801041E+047
   12.5000000000000       9.764809594753671E+047
   12.5500000000000       9.727840030289721E+047
   12.6000000000000       9.688170110199881E+047
   12.6500000000000       9.644515915876980E+047
   12.7000000000000       9.597407915267599E+047
   12.7500000000000       9.546935706863801E+047
   12.8000000000000       9.492410420510632E+047
   12.8500000000000       9.435183859239691E+047
   12.9000000000000       9.373903963212721E+047
   12.9500000000000       9.309246728461322E+047
   13.0000000000000       9.240536246614441E+047
   13.0500000000000       9.168448209784892E+047
   13.1000000000000       9.092982199166691E+047
   13.1500000000000       9.014131334850220E+047
   13.2000000000000       8.931910937574529E+047
   13.2500000000000       8.845569009664079E+047
   13.3000000000000       8.764306702604959E+047
   13.3500000000000       8.685817773971048E+047
   13.4000000000000       8.604626336395781E+047
   13.4500000000000       8.522387020838254E+047
   13.5000000000000       8.449849323773552E+047
   13.5500000000000       8.373933166144800E+047
   13.6000000000000       8.294841247476158E+047
   13.6500000000000       8.213306592643086E+047
   13.7000000000000       8.129149413330339E+047
   13.7500000000000       8.042221157216573E+047
   13.8000000000000       7.952995211367367E+047
   13.8500000000000       7.861336734520881E+047
   13.9000000000000       7.767515399739499E+047
   13.9500000000000       7.671733945744184E+047
   14.0000000000000       7.573925436841904E+047
   14.0500000000000       7.474427128146660E+047
   14.1000000000000       7.373171728009483E+047
   14.1500000000000       7.270362046786884E+047
   14.2000000000000       7.166200785354634E+047
   14.2500000000000       7.060822778892314E+047
   14.3000000000000       6.954228349565502E+047
   14.3500000000000       6.846620238122585E+047
   14.4000000000000       6.742572385653108E+047
   14.4500000000000       6.642354789006973E+047
   14.5000000000000       6.541393828651990E+047
   14.5500000000000       6.440103092667024E+047
   14.6000000000000       6.345470299143655E+047
   14.6500000000000       6.252189464492980E+047
   14.7000000000000       6.158840744209806E+047
   14.7500000000000       6.065154138605839E+047
   14.8000000000000       5.971737872899789E+047
   14.8500000000000       5.878388879852528E+047
   14.9000000000000       5.785242968371505E+047
   14.9500000000000       5.692299813452750E+047
   15.0000000000000       5.600032154857136E+047
   15.0500000000000       5.508021627722747E+047
   15.1000000000000       5.416578481240059E+047
   15.1500000000000       5.325675991440607E+047
   15.2000000000000       5.235584480245837E+047
   15.2500000000000       5.146033624450271E+047
   15.3000000000000       5.057422148697130E+047
   15.3500000000000       4.969492923485030E+047
   15.4000000000000       4.882564224868033E+047
   15.4500000000000       4.796317774697075E+047
   15.5000000000000       4.713542910318251E+047
   15.5500000000000       4.634410852427078E+047
   15.6000000000000       4.556353009757910E+047
   15.6500000000000       4.479018578367124E+047
   15.7000000000000       4.405558265190236E+047
   15.7500000000000       4.335364342026344E+047
   15.8000000000000       4.266244956925842E+047
   15.8500000000000       4.198071673869109E+047
   15.9000000000000       4.131114847757815E+047
   15.9500000000000       4.065171703829369E+047
   16.0000000000000       4.000377435632748E+047
   16.0500000000000       3.936596849118879E+047
   16.1000000000000       3.873762363344471E+047
   16.1500000000000       3.812076752112467E+047
   16.2000000000000       3.751398064472942E+047
   16.2500000000000       3.691739848140435E+047
   16.3000000000000       3.633088554379936E+047
   16.3500000000000       3.575383360399252E+047
   16.4000000000000       3.518624298441973E+047
   16.4500000000000       3.462811303541096E+047
   16.5000000000000       3.408005263009784E+047
   16.5500000000000       3.354219660453852E+047
   16.6000000000000       3.302237364722580E+047
   16.6500000000000       3.252730180271579E+047
   16.7000000000000       3.204094755891021E+047
   16.7500000000000       3.156060788941068E+047
   16.8000000000000       3.109670363454811E+047
   16.8500000000000       3.065805432046501E+047
   16.9000000000000       3.022879905503846E+047
   16.9500000000000       2.980562573504181E+047
   17.0000000000000       2.938860226488825E+047
   17.0500000000000       2.897826896565364E+047
   17.1000000000000       2.857469406601848E+047
   17.1500000000000       2.817652530321155E+047
   17.2000000000000       2.778511429090175E+047
   17.2500000000000       2.739775844914388E+047
   17.3000000000000       2.701513293625462E+047
   17.3500000000000       2.663919791643637E+047
   17.4000000000000       2.626603338456497E+047
   17.4500000000000       2.589827531203205E+047
   17.5000000000000       2.553450450381324E+047
   17.5500000000000       2.517546402319251E+047
   17.6000000000000       2.481919435386012E+047
   17.6500000000000       2.446623581703385E+047
   17.7000000000000       2.412320371612270E+047
   17.7500000000000       2.379018605583025E+047
   17.8000000000000       2.346054743240979E+047
   17.8500000000000       2.313354445802412E+047
   17.9000000000000       2.280987530884631E+047
   17.9500000000000       2.249956170411891E+047
   18.0000000000000       2.219276194006473E+047
   18.0500000000000       2.188940915727566E+047
   18.1000000000000       2.158666427659360E+047
   18.1500000000000       2.128594714110454E+047
   18.2000000000000       2.098725710242249E+047
   18.2500000000000       2.068998625844044E+047
   18.3000000000000       2.039467525475839E+047
   18.3500000000000       2.010003973388335E+047
   18.4000000000000       1.980743195820131E+047
   18.4500000000000       1.951549966532628E+047
   18.5000000000000       1.922559479345125E+047
   18.5500000000000       1.893567640543622E+047
   18.6000000000000       1.864778543842119E+047
   18.6500000000000       1.836057027840615E+047
   18.7000000000000       1.807469965012814E+047
   18.7500000000000       1.778949807078012E+047
   18.8000000000000       1.750839916404711E+047
   18.8500000000000       1.723213933533210E+047
   18.9000000000000       1.695721084640709E+047
   18.9500000000000       1.668293113220208E+047
   19.0000000000000       1.641005228364507E+047
   19.0500000000000       1.614193358565106E+047
   19.1000000000000       1.587768709967056E+047
   19.1500000000000       1.561411642069005E+047
   19.2000000000000       1.535189732329024E+047
   19.2500000000000       1.509034724240113E+047
   19.3000000000000       1.483082458251203E+047
   19.3500000000000       1.457197769720362E+047
   19.4000000000000       1.431448239347592E+047
   19.4500000000000       1.405766289674822E+047
   19.5000000000000       1.380286403053121E+047
   19.5500000000000       1.354942350396491E+047
   19.6000000000000       1.329664523583931E+047
   19.6500000000000       1.304590111436441E+047
   19.7000000000000       1.279650184881951E+047
   19.7500000000000       1.254912993943601E+047
   19.8000000000000       1.230310288598251E+047
   19.8500000000000       1.205842738169041E+047
   19.9000000000000       1.181702818244581E+047
   19.9500000000000       1.157975834633951E+047
   20.0000000000000       1.134450920558251E+047
   20.0500000000000       1.111059813026621E+047
   20.1000000000000       1.087870768546061E+047
   20.1500000000000       1.065056615673230E+047
   20.2000000000000       1.042661098558681E+047
   20.2500000000000       1.020468323544130E+047
   20.3000000000000       9.984789664365800E+046
   20.3500000000000       9.767592563220302E+046
   20.4000000000000       9.551747043655499E+046
   20.4500000000000       9.339280559090701E+046
   20.5000000000000       9.129510512036600E+046
   20.5500000000000       8.921774644052501E+046
   20.6000000000000       8.716066197068401E+046
   20.6500000000000       8.513730027014302E+046
   20.7000000000000       8.314097052540900E+046
   20.7500000000000       8.116491499067500E+046
   20.8000000000000       7.922264948174801E+046
   20.8500000000000       7.730065818282100E+046
   20.9000000000000       7.541238932900101E+046
   20.9500000000000       7.355115275518100E+046
   21.0000000000000       7.172247501732700E+046
   21.0500000000000       6.993802732801701E+046
   21.1000000000000       6.817716497881400E+046
   21.1500000000000       6.644732249510401E+046
   21.2000000000000       6.474647180750100E+046
   21.2500000000000       6.307444551094201E+046
   21.3000000000000       6.144597490125500E+046
   21.3500000000000       5.984811802447500E+046
   21.4000000000000       5.827864536588799E+046
   21.4500000000000       5.673951611740800E+046
   21.5000000000000       5.523012270112101E+046
   21.5500000000000       5.374985624234100E+046
   21.6000000000000       5.229858190386100E+046
   21.6500000000000       5.087711065408100E+046
   21.7000000000000       4.948395539340800E+046
   21.7500000000000       4.811986015792801E+046
   21.8000000000000       4.678414849225501E+046
   21.8500000000000       4.547681396251200E+046
   21.9000000000000       4.419853913376900E+046
   21.9500000000000       4.294660726188600E+046
   22.0000000000000       4.172305220174000E+046
   22.0500000000000       4.052855040871700E+046
   22.1000000000000       3.936209637710801E+046
   22.1500000000000       3.822772325367000E+046
   22.2000000000000       3.711967950611340E+046
   22.2500000000000       3.603864776434680E+046
   22.3000000000000       3.498326965630021E+046
   22.3500000000000       3.395311297483100E+046
   22.4000000000000       3.295249966308100E+046
   22.4500000000000       3.197910785729100E+046
   22.5000000000000       3.103003831301171E+046
   22.5500000000000       3.010530457880240E+046
   22.6000000000000       2.920286565268450E+046
   22.6500000000000       2.832475581098591E+046
   22.7000000000000       2.746962334244870E+046
   22.7500000000000       2.663610993984150E+046
   22.8000000000000       2.582558066846570E+046
   22.8500000000000       2.503463628394990E+046
   22.9000000000000       2.426600028850410E+046
   22.9500000000000       2.351830072907970E+046
   23.0000000000000       2.279020629830600E+046
   23.0500000000000       2.208170351246230E+046
   23.1000000000000       2.139279230671000E+046
   23.1500000000000       2.072347274588770E+046
   23.2000000000000       2.007339592420520E+046
   23.2500000000000       1.944397382713040E+046
   23.3000000000000       1.883143338891560E+046
   23.3500000000000       1.823712622356080E+046
   23.4000000000000       1.765903166813600E+046
   23.4500000000000       1.709781873915190E+046
   23.5000000000000       1.655412922903150E+046
   23.5500000000000       1.602786276901500E+046
   23.6000000000000       1.551713307950920E+046
   23.6500000000000       1.502127117642270E+046
   23.7000000000000       1.453960118791690E+046
   23.7500000000000       1.407279892099180E+046
   23.8000000000000       1.361950603599670E+046
   23.8500000000000       1.317973604907160E+046
   23.9000000000000       1.275279963707650E+046
   23.9500000000000       1.233871028373210E+046
   24.0000000000000       1.193745450531770E+046
   24.0500000000000       1.154835649483330E+046
   24.1000000000000       1.117075392899960E+046
   24.1500000000000       1.080463329167660E+046
   24.2000000000000       1.044932556635360E+046
   24.2500000000000       1.010549980196060E+046
   24.3000000000000       9.772227177895701E+045
   24.3500000000000       9.450217049718200E+045
   24.4000000000000       9.138330542820001E+045
   24.4500000000000       8.835912059572500E+045
   24.5000000000000       8.542941390604301E+045
   24.5500000000000       8.259431987216800E+045
   24.6000000000000       7.984854143969701E+045
   24.6500000000000       7.719665302368502E+045
   24.7000000000000       7.463255193697300E+045
   24.7500000000000       7.214961527096100E+045
   24.8000000000000       6.974094979424901E+045
   24.8500000000000       6.741338115753701E+045
   24.9000000000000       6.515819112633200E+045
   24.9500000000000       6.297388005748001E+045
