  0.000000000000000E+000  0.000000000000000E+000
  5.000000000000000E-002  1.922267394756077E+049
  0.100000000000000       3.567399479520959E+049
  0.150000000000000       5.002582845114826E+049
  0.200000000000000       6.021140474549361E+049
  0.250000000000000       6.906559082187931E+049
  0.300000000000000       7.821392209510275E+049
  0.350000000000000       8.859329162803903E+049
  0.400000000000000       1.008576282572682E+050
  0.450000000000000       1.144698098690513E+050
  0.500000000000000       1.286145479137682E+050
  0.550000000000000       1.431121788328555E+050
  0.600000000000000       1.577890105894792E+050
  0.650000000000000       1.724649916157473E+050
  0.700000000000000       1.870116703121976E+050
  0.750000000000000       2.013381841644414E+050
  0.800000000000000       2.153107932127148E+050
  0.850000000000000       2.288341162177372E+050
  0.900000000000000       2.418595010537412E+050
  0.950000000000000       2.543221214796168E+050
   1.00000000000000       2.661494752278580E+050
   1.05000000000000       2.773045810057005E+050
   1.10000000000000       2.877750645631030E+050
   1.15000000000000       2.974764509037571E+050
   1.20000000000000       3.064701968396437E+050
   1.25000000000000       3.147288344026571E+050
   1.30000000000000       3.221944981740863E+050
   1.35000000000000       3.289524818940563E+050
   1.40000000000000       3.349455799665892E+050
   1.45000000000000       3.401521108865558E+050
   1.50000000000000       3.446663583109093E+050
   1.55000000000000       3.478503186993137E+050
   1.60000000000000       3.509678183631290E+050
   1.65000000000000       3.533954057393975E+050
   1.70000000000000       3.551660132853504E+050
   1.75000000000000       3.562994313646660E+050
   1.80000000000000       3.568228378443173E+050
   1.85000000000000       3.567692565215184E+050
   1.90000000000000       3.561587708054652E+050
   1.95000000000000       3.550248223956662E+050
   2.00000000000000       3.533939330225300E+050
   2.05000000000000       3.512931807377336E+050
   2.10000000000000       3.487490935394949E+050
   2.15000000000000       3.458153160933923E+050
   2.20000000000000       3.425051811356677E+050
   2.25000000000000       3.388455509351579E+050
   2.30000000000000       3.348700600467263E+050
   2.35000000000000       3.305931577994334E+050
   2.40000000000000       3.260461263465303E+050
   2.45000000000000       3.212560764762367E+050
   2.50000000000000       3.162569591999981E+050
   2.55000000000000       3.110581491299336E+050
   2.60000000000000       3.056984871625413E+050
   2.65000000000000       3.001974588175518E+050
   2.70000000000000       2.945628412495475E+050
   2.75000000000000       2.888337438147793E+050
   2.80000000000000       2.830225414491833E+050
   2.85000000000000       2.771482624865913E+050
   2.90000000000000       2.712260600361160E+050
   2.95000000000000       2.652693183973154E+050
   3.00000000000000       2.567429180361312E+050
   3.05000000000000       2.512902944630861E+050
   3.10000000000000       2.457822890118758E+050
   3.15000000000000       2.402437562635294E+050
   3.20000000000000       2.346947985272784E+050
   3.25000000000000       2.291311462279545E+050
   3.30000000000000       2.235710045098363E+050
   3.35000000000000       2.174606503948366E+050
   3.40000000000000       2.120576458456704E+050
   3.45000000000000       2.066731517304231E+050
   3.50000000000000       2.013111758968672E+050
   3.55000000000000       1.959918414673134E+050
   3.60000000000000       1.907054862230778E+050
   3.65000000000000       1.853749921917403E+050
   3.70000000000000       1.802233219629329E+050
   3.75000000000000       1.751306311208074E+050
   3.80000000000000       1.700962324931045E+050
   3.85000000000000       1.651301080220102E+050
   3.90000000000000       1.602456772737088E+050
   3.95000000000000       1.554347049274626E+050
   4.00000000000000       1.507005426048754E+050
   4.05000000000000       1.460571502142782E+050
   4.10000000000000       1.414979934960504E+050
   4.15000000000000       1.370255016041885E+050
   4.20000000000000       1.326470092594239E+050
   4.25000000000000       1.283644787690944E+050
   4.30000000000000       1.241771558129069E+050
   4.35000000000000       1.200800758294063E+050
   4.40000000000000       1.160864502125084E+050
   4.45000000000000       1.121912194651552E+050
   4.50000000000000       1.083916221221333E+050
   4.55000000000000       1.046855435099897E+050
   4.60000000000000       1.010810792497938E+050
   4.65000000000000       9.757279404776117E+049
   4.70000000000000       9.415646780711785E+049
   4.75000000000000       9.084225519494379E+049
   4.80000000000000       8.762803306469457E+049
   4.85000000000000       8.450367849403094E+049
   4.90000000000000       8.145897255098230E+049
   4.95000000000000       7.852359252944407E+049
   5.00000000000000       7.567522961797109E+049
   5.05000000000000       7.291245435095799E+049
   5.10000000000000       7.023997744239839E+049
   5.15000000000000       6.765438243652466E+049
   5.20000000000000       6.514953683965025E+049
   5.25000000000000       6.273219188190022E+049
   5.30000000000000       6.039687042789485E+049
   5.35000000000000       5.814154429256232E+049
   5.40000000000000       5.596008016011269E+049
   5.45000000000000       5.385718654177519E+049
   5.50000000000000       5.182202434170930E+049
   5.55000000000000       4.986267368284314E+049
   5.60000000000000       4.797505335277789E+049
   5.65000000000000       4.615576127828336E+049
   5.70000000000000       4.440206676993130E+049
   5.75000000000000       4.271327376390062E+049
   5.80000000000000       4.108936447901494E+049
   5.85000000000000       3.952691963064630E+049
   5.90000000000000       3.802257565627799E+049
   5.95000000000000       3.657561054594738E+049
   6.00000000000000       3.518601165968169E+049
   6.05000000000000       3.384972030285757E+049
   6.10000000000000       3.256467220738786E+049
   6.15000000000000       3.133018976272937E+049
   6.20000000000000       3.014624993828120E+049
   6.25000000000000       2.900878234411829E+049
   6.30000000000000       2.791777551356038E+049
   6.35000000000000       2.687120032201024E+049
   6.40000000000000       2.586631848252718E+049
   6.45000000000000       2.490313692496425E+049
   6.50000000000000       2.398029141556880E+049
   6.55000000000000       2.309576447044742E+049
   6.60000000000000       2.224680341464014E+049
   6.65000000000000       2.143205265488992E+049
   6.70000000000000       2.065219658939501E+049
   6.75000000000000       1.989775467363626E+049
   6.80000000000000       1.918359120216446E+049
   6.85000000000000       1.850091314254979E+049
   6.90000000000000       1.784701488438384E+049
   6.95000000000000       1.721985385920627E+049
   7.00000000000000       1.662146484254315E+049
   7.05000000000000       1.604709303621307E+049
   7.10000000000000       1.549877791270261E+049
   7.15000000000000       1.497380824463238E+049
   7.20000000000000       1.447183496182861E+049
   7.25000000000000       1.399089028947560E+049
   7.30000000000000       1.353144968249702E+049
   7.35000000000000       1.309114005224232E+049
   7.40000000000000       1.266800649395740E+049
   7.45000000000000       1.226535271874294E+049
   7.50000000000000       1.188073283992950E+049
   7.55000000000000       1.151178156330726E+049
   7.60000000000000       1.115924174934452E+049
   7.65000000000000       1.082102469552171E+049
   7.70000000000000       1.049704544587238E+049
   7.75000000000000       1.018744532946758E+049
   7.80000000000000       9.891351332013033E+048
   7.85000000000000       9.610928331718423E+048
   7.90000000000000       9.344333966828528E+048
   7.95000000000000       9.091308269034764E+048
   8.00000000000000       8.821833004108429E+048
   8.05000000000000       8.595386486658241E+048
   8.10000000000000       8.377565481942781E+048
   8.15000000000000       8.168232896290986E+048
   8.20000000000000       7.966850463528122E+048
   8.25000000000000       7.773076256876040E+048
   8.30000000000000       7.586427160755962E+048
   8.35000000000000       7.406720232193219E+048
   8.40000000000000       7.233491330835691E+048
   8.45000000000000       7.066504364697601E+048
   8.50000000000000       6.905362492574059E+048
   8.55000000000000       6.749805806935227E+048
   8.60000000000000       6.599616891897229E+048
   8.65000000000000       6.448785564270593E+048
   8.70000000000000       6.309682449355286E+048
   8.75000000000000       6.174865802895665E+048
   8.80000000000000       6.044279469012433E+048
   8.85000000000000       5.917682915535406E+048
   8.90000000000000       5.796387277023152E+048
   8.95000000000000       5.684071263270293E+048
   9.00000000000000       5.577261591205485E+048
   9.05000000000000       5.480963686439902E+048
   9.10000000000000       5.387338587060971E+048
   9.15000000000000       5.296660482621076E+048
   9.20000000000000       5.206447446500998E+048
   9.25000000000000       5.097882774097002E+048
   9.30000000000000       5.017385385625000E+048
   9.35000000000000       4.939007507740001E+048
   9.40000000000000       4.862447874878000E+048
   9.45000000000000       4.787699080583001E+048
   9.50000000000000       4.714599255368000E+048
   9.55000000000000       4.643074060463000E+048
   9.60000000000000       4.573082947448001E+048
   9.65000000000000       4.504605966306000E+048
   9.70000000000000       4.437365387781000E+048
   9.75000000000000       4.371422358696000E+048
   9.80000000000000       4.306716056421001E+048
   9.85000000000000       4.243118077626001E+048
   9.90000000000000       4.170964382211001E+048
   9.95000000000000       4.111922963561001E+048
   10.0000000000000       4.055179612904000E+048
   10.0500000000000       4.004435209039000E+048
   10.1000000000000       3.956220268512000E+048
   10.1500000000000       3.916252552420001E+048
   10.2000000000000       3.876941720731999E+048
   10.2500000000000       3.839880650547000E+048
   10.3000000000000       3.803531205133001E+048
   10.3500000000000       3.767406803450000E+048
   10.4000000000000       3.731497308393000E+048
   10.4500000000000       3.696058175008000E+048
   10.5000000000000       3.661013712911000E+048
   10.5500000000000       3.626149015476001E+048
   10.6000000000000       3.591588782805001E+048
   10.6500000000000       3.557324201986001E+048
   10.7000000000000       3.523413744035001E+048
   10.7500000000000       3.489510719961000E+048
   10.8000000000000       3.455943923580000E+048
   10.8500000000000       3.421823965459000E+048
   10.9000000000000       3.388983985796000E+048
   10.9500000000000       3.355961889857001E+048
   11.0000000000000       3.322957689093000E+048
   11.0500000000000       3.290375999950000E+048
   11.1000000000000       3.259493262184000E+048
   11.1500000000000       3.232812660064000E+048
   11.2000000000000       3.209111444218001E+048
   11.2500000000000       3.189393110637000E+048
   11.3000000000000       3.173917655498500E+048
   11.3500000000000       3.158388135800000E+048
   11.4000000000000       3.142843040121201E+048
   11.4500000000000       3.127075603939400E+048
   11.5000000000000       3.110947286819600E+048
   11.5500000000000       3.094727703335501E+048
   11.6000000000000       3.078142508264401E+048
   11.6500000000000       3.061392451446700E+048
   11.7000000000000       3.044138004703500E+048
   11.7500000000000       3.026511899271701E+048
   11.8000000000000       3.008661934142200E+048
   11.8500000000000       2.990366612199701E+048
   11.9000000000000       2.971556798388101E+048
   11.9500000000000       2.952298419051300E+048
   12.0000000000000       2.932387412894600E+048
   12.0500000000000       2.912092683523300E+048
   12.1000000000000       2.891075078565500E+048
   12.1500000000000       2.869745573821600E+048
   12.2000000000000       2.849110149801800E+048
   12.2500000000000       2.830520302422500E+048
   12.3000000000000       2.814193367986900E+048
   12.3500000000000       2.798151556524600E+048
   12.4000000000000       2.787056955044400E+048
   12.4500000000000       2.775231908939300E+048
   12.5000000000000       2.762675674821600E+048
   12.5500000000000       2.749184629300100E+048
   12.6000000000000       2.734960841409899E+048
   12.6500000000000       2.719868506363301E+048
   12.7000000000000       2.703864980738600E+048
   12.7500000000000       2.687110565956200E+048
   12.8000000000000       2.669416679443800E+048
   12.8500000000000       2.646525296455800E+048
   12.9000000000000       2.627289218369400E+048
   12.9500000000000       2.607112343971280E+048
   13.0000000000000       2.586062149848290E+048
   13.0500000000000       2.564070537671140E+048
   13.1000000000000       2.541272412033170E+048
   13.1500000000000       2.517593080002640E+048
   13.2000000000000       2.493053039982550E+048
   13.2500000000000       2.467791671703510E+048
   13.3000000000000       2.442601198320870E+048
   13.3500000000000       2.418046659443470E+048
   13.4000000000000       2.395138468140110E+048
   13.4500000000000       2.371476076224750E+048
   13.5000000000000       2.350587007011430E+048
   13.5500000000000       2.329828626726820E+048
   13.6000000000000       2.308329046985840E+048
   13.6500000000000       2.286125020915250E+048
   13.7000000000000       2.263353775142370E+048
   13.7500000000000       2.239907048127900E+048
   13.8000000000000       2.215926778245000E+048
   13.8500000000000       2.191331848379460E+048
   13.9000000000000       2.166196577027070E+048
   13.9500000000000       2.140656086410460E+048
   14.0000000000000       2.114575259694020E+048
   14.0500000000000       2.088089175868168E+048
   14.1000000000000       2.061332976039258E+048
   14.1500000000000       2.034036415800902E+048
   14.2000000000000       2.006537303383748E+048
   14.2500000000000       1.978768108058645E+048
   14.3000000000000       1.950742855213092E+048
   14.3500000000000       1.922598900622385E+048
   14.4000000000000       1.894826816943112E+048
   14.4500000000000       1.867529683311068E+048
   14.5000000000000       1.841907949354169E+048
   14.5500000000000       1.816076896324110E+048
   14.6000000000000       1.791644799621258E+048
   14.6500000000000       1.768382105815630E+048
   14.7000000000000       1.745261422057576E+048
   14.7500000000000       1.722134097144133E+048
   14.8000000000000       1.699074463087231E+048
   14.8500000000000       1.676082513128800E+048
   14.9000000000000       1.653232580632384E+048
   14.9500000000000       1.630511143375720E+048
   15.0000000000000       1.607857342254666E+048
   15.0500000000000       1.585473948390051E+048
   15.1000000000000       1.563158249436819E+048
   15.1500000000000       1.541180493875636E+048
   15.2000000000000       1.519337967295153E+048
   15.2500000000000       1.497765860135635E+048
   15.3000000000000       1.476464079850395E+048
   15.3500000000000       1.455365117766854E+048
   15.4000000000000       1.434618162954709E+048
   15.4500000000000       1.414115925816725E+048
   15.5000000000000       1.394282780997494E+048
   15.5500000000000       1.374862359360461E+048
   15.6000000000000       1.356919236183152E+048
   15.6500000000000       1.339300539022003E+048
   15.7000000000000       1.322100875182180E+048
   15.7500000000000       1.306584004900610E+048
   15.8000000000000       1.291398312420196E+048
   15.8500000000000       1.276422146873682E+048
   15.9000000000000       1.261777151899132E+048
   15.9500000000000       1.247476848295727E+048
   16.0000000000000       1.233440127740580E+048
   16.0500000000000       1.219748095447865E+048
   16.1000000000000       1.206319643162275E+048
   16.1500000000000       1.193168293438147E+048
   16.2000000000000       1.180280523721144E+048
   16.2500000000000       1.167737436657375E+048
   16.3000000000000       1.155457924532180E+048
   16.3500000000000       1.143387931430056E+048
   16.4000000000000       1.131649091871504E+048
   16.4500000000000       1.120045427296672E+048
   16.5000000000000       1.108725996982333E+048
   16.5500000000000       1.097765385139036E+048
   16.6000000000000       1.087115655463813E+048
   16.6500000000000       1.076668678296017E+048
   16.7000000000000       1.067190422921260E+048
   16.7500000000000       1.057793267998932E+048
   16.8000000000000       1.048727345214586E+048
   16.8500000000000       1.040371025166422E+048
   16.9000000000000       1.032366802385123E+048
   16.9500000000000       1.024495045755160E+048
   17.0000000000000       1.016757775875771E+048
   17.0500000000000       1.009156347305530E+048
   17.1000000000000       1.001756988873632E+048
   17.1500000000000       9.943576340032359E+047
   17.2000000000000       9.870934406158806E+047
   17.2500000000000       9.798968342724093E+047
   17.3000000000000       9.728353857240159E+047
   17.3500000000000       9.657739430869900E+047
   17.4000000000000       9.588476610206652E+047
   17.4500000000000       9.518531248396972E+047
   17.5000000000000       9.449937521875212E+047
   17.5500000000000       9.381343815154598E+047
   17.6000000000000       9.312151089898271E+047
   17.6500000000000       9.244393783179021E+047
   17.7000000000000       9.176913540454032E+047
   17.7500000000000       9.109419796058069E+047
   17.8000000000000       9.045099118545478E+047
   17.8500000000000       8.980631558752701E+047
   17.9000000000000       8.916150494024805E+047
   17.9500000000000       8.852939956729174E+047
   18.0000000000000       8.791844474900851E+047
   18.0500000000000       8.730073443041216E+047
   18.1000000000000       8.667626636600920E+047
   18.1500000000000       8.604504023160676E+047
   18.2000000000000       8.540029763301163E+047
   18.2500000000000       8.475562261511686E+047
   18.3000000000000       8.410405436582241E+047
   18.3500000000000       8.343903755722830E+047
   18.4000000000000       8.276726267863447E+047
   18.4500000000000       8.208872973004082E+047
   18.5000000000000       8.139661306074753E+047
   18.5500000000000       8.069104750796142E+047
   18.6000000000000       7.997865630447546E+047
   18.6500000000000       7.925957493588063E+047
   18.7000000000000       7.852739717598053E+047
   18.7500000000000       7.778205158617589E+047
   18.8000000000000       7.703467864020998E+047
   18.8500000000000       7.627372187628617E+047
   18.9000000000000       7.551956633245079E+047
   18.9500000000000       7.475684418452681E+047
   19.0000000000000       7.398053831590289E+047
   19.0500000000000       7.320031273425977E+047
   19.1000000000000       7.242387163939732E+047
   19.1500000000000       7.164060489383502E+047
   19.2000000000000       7.084382200827271E+047
   19.2500000000000       7.003359053099077E+047
   19.3000000000000       6.921653337058999E+047
   19.3500000000000       6.839204233318930E+047
   19.4000000000000       6.755606257678858E+047
   19.4500000000000       6.671129726454929E+047
   19.5000000000000       6.585713823501002E+047
   19.5500000000000       6.499412613377077E+047
   19.6000000000000       6.412368012311222E+047
   19.6500000000000       6.324505681533441E+047
   19.7000000000000       6.235906717883729E+047
   19.7500000000000       6.146631947234019E+047
   19.8000000000000       6.056776793046810E+047
   19.8500000000000       5.966327308005411E+047
   19.9000000000000       5.875492609732070E+047
   19.9500000000000       5.784252420774887E+047
   20.0000000000000       5.693088285568673E+047
   20.0500000000000       5.601938784968312E+047
   20.1000000000000       5.510444626039880E+047
   20.1500000000000       5.418680144311447E+047
   20.2000000000000       5.327496853361084E+047
   20.2500000000000       5.236360868900723E+047
   20.3000000000000       5.145163386003362E+047
   20.3500000000000       5.053894940129071E+047
   20.4000000000000       4.962626497496710E+047
   20.4500000000000       4.871492537215417E+047
   20.5000000000000       4.780494410899196E+047
   20.5500000000000       4.689698354117905E+047
   20.6000000000000       4.599173292701684E+047
   20.6500000000000       4.508917878278464E+047
   20.7000000000000       4.419134849706313E+047
   20.7500000000000       4.329689727876092E+047
   20.8000000000000       4.240852825862012E+047
   20.8500000000000       4.152421411289860E+047
   20.9000000000000       4.064679754276329E+047
   20.9500000000000       3.977553874149280E+047
   21.0000000000000       3.891209899479299E+047
   21.0500000000000       3.805607960895320E+047
   21.1000000000000       3.721090652157620E+047
   21.1500000000000       3.637471505647011E+047
   21.2000000000000       3.554728208250330E+047
   21.2500000000000       3.472929006748790E+047
   21.3000000000000       3.392294223950180E+047
   21.3500000000000       3.312913063136570E+047
   21.4000000000000       3.234409775615961E+047
   21.4500000000000       3.156988451860420E+047
   21.5000000000000       3.080580841846810E+047
   21.5500000000000       3.005321424684270E+047
   21.6000000000000       2.931143298721731E+047
   21.6500000000000       2.858114720466190E+047
   21.7000000000000       2.786234338303650E+047
   21.7500000000000       2.715435247341110E+047
   21.8000000000000       2.645920186436640E+047
   21.8500000000000       2.577485744167100E+047
   21.9000000000000       2.510268427062630E+047
   21.9500000000000       2.444266886751160E+047
   22.0000000000000       2.379489457906632E+047
   22.0500000000000       2.315931888253509E+047
   22.1000000000000       2.253571847631807E+047
   22.1500000000000       2.192562744878912E+047
   22.2000000000000       2.132773689997748E+047
   22.2500000000000       2.074329884616886E+047
   22.3000000000000       2.017101179897831E+047
   22.3500000000000       1.961087575840583E+047
   22.4000000000000       1.906253254998335E+047
   22.4500000000000       1.852817178514894E+047
   22.5000000000000       1.800596878824453E+047
   22.5500000000000       1.749593707541012E+047
   22.6000000000000       1.699671826809185E+047
   22.6500000000000       1.650966399001551E+047
   22.7000000000000       1.603409166638531E+047
   22.7500000000000       1.556933901282511E+047
   22.8000000000000       1.511539251319491E+047
   22.8500000000000       1.467361729439278E+047
   22.9000000000000       1.424197241927872E+047
   22.9500000000000       1.382114045292273E+047
   23.0000000000000       1.341112139856674E+047
   23.0500000000000       1.301124620403882E+047
   23.1000000000000       1.262153626849868E+047
   23.1500000000000       1.224198372189433E+047
   23.2000000000000       1.187210873152998E+047
   23.2500000000000       1.151237083968177E+047
   23.3000000000000       1.116230438466377E+047
   23.3500000000000       1.082240419038992E+047
   23.4000000000000       1.049128272904607E+047
   23.4500000000000       1.016894405547422E+047
   23.5000000000000       9.856061949253371E+046
   23.5500000000000       9.552072108296591E+046
   23.6000000000000       9.256375770843811E+046
   23.6500000000000       8.969465600198030E+046
   23.7000000000000       8.690664437745251E+046
   23.7500000000000       8.419297824857542E+046
   23.8000000000000       8.155364413162830E+046
   23.8500000000000       7.899540009661122E+046
   23.9000000000000       7.651150158966411E+046
   23.9500000000000       7.409517699222770E+046
   24.0000000000000       7.174642633672130E+046
   24.0500000000000       6.946526313928491E+046
   24.1000000000000       6.725639774228919E+046
   24.1500000000000       6.510905151037371E+046
   24.2000000000000       6.302539117560881E+046
   24.2500000000000       6.100261422863530E+046
   24.3000000000000       5.904097081530110E+046
   24.3500000000000       5.713744001347760E+046
   24.4000000000000       5.529111760339541E+046
   24.4500000000000       5.350390553802520E+046
   24.5000000000000       5.177074451651500E+046
   24.5500000000000       5.008960035979480E+046
   24.6000000000000       4.845911466337530E+046
   24.6500000000000       4.688002412172511E+046
   24.7000000000000       4.535186915366491E+046
   24.7500000000000       4.387102064318541E+046
   24.8000000000000       4.243477539470590E+046
   24.8500000000000       4.104313344064570E+046
   24.9000000000000       3.969474310216621E+046
   24.9500000000000       3.838824603961670E+046
