  0.000000000000000E+000  0.000000000000000E+000
  5.000000000000000E-002  1.069650123715009E+051
  0.100000000000000       1.887394711364991E+051
  0.150000000000000       2.931367237556019E+051
  0.200000000000000       3.666616637418003E+051
  0.250000000000000       4.232306604340435E+051
  0.300000000000000       4.717337150446623E+051
  0.350000000000000       5.165629654554806E+051
  0.400000000000000       5.596219256292931E+051
  0.450000000000000       6.013996414160478E+051
  0.500000000000000       6.419682458325890E+051
  0.550000000000000       6.815150585182981E+051
  0.600000000000000       7.210716640176792E+051
  0.650000000000000       7.436370533835598E+051
  0.700000000000000       7.848557406894516E+051
  0.750000000000000       8.240180484767993E+051
  0.800000000000000       8.608023970199803E+051
  0.850000000000000       8.617097169358469E+051
  0.900000000000000       8.982708665737144E+051
  0.950000000000000       9.326302166414144E+051
   1.00000000000000       9.646221845749540E+051
   1.05000000000000       9.941531356385612E+051
   1.10000000000000       1.021355857216028E+052
   1.15000000000000       1.045885954091256E+052
   1.20000000000000       1.068206180473139E+052
   1.25000000000000       1.088035165728179E+052
   1.30000000000000       1.105511257133120E+052
   1.35000000000000       1.120689135129655E+052
   1.40000000000000       1.133687923200636E+052
   1.45000000000000       1.137936630124944E+052
   1.50000000000000       1.147825522260355E+052
   1.55000000000000       1.155645590459938E+052
   1.60000000000000       1.161416618520767E+052
   1.65000000000000       1.165439862448459E+052
   1.70000000000000       1.167724691457660E+052
   1.75000000000000       1.163876797353649E+052
   1.80000000000000       1.163625285701299E+052
   1.85000000000000       1.161899235051159E+052
   1.90000000000000       1.158765121383260E+052
   1.95000000000000       1.154220931135578E+052
   2.00000000000000       1.148398644122418E+052
   2.05000000000000       1.141365814250480E+052
   2.10000000000000       1.127308150489843E+052
   2.15000000000000       1.119399141060253E+052
   2.20000000000000       1.110474471999520E+052
   2.25000000000000       1.100531373733236E+052
   2.30000000000000       1.089695956570815E+052
   2.35000000000000       1.078036317435095E+052
   2.40000000000000       1.063045618632532E+052
   2.45000000000000       1.050397121437035E+052
   2.50000000000000       1.037050538392989E+052
   2.55000000000000       1.023135848375061E+052
   2.60000000000000       1.008584068905948E+052
   2.65000000000000       9.935302308792726E+051
   2.70000000000000       9.760806813762768E+051
   2.75000000000000       9.606281651356570E+051
   2.80000000000000       9.447327088134906E+051
   2.85000000000000       9.284648196408943E+051
   2.90000000000000       9.119573118890368E+051
   2.95000000000000       8.951415402657849E+051
   3.00000000000000       8.767975196105930E+051
   3.05000000000000       8.599637530119957E+051
   3.10000000000000       8.428887761103921E+051
   3.15000000000000       8.257682124057098E+051
   3.20000000000000       8.085301925752053E+051
   3.25000000000000       7.912465920488867E+051
   3.30000000000000       7.739176416724157E+051
   3.35000000000000       7.558609368477909E+051
   3.40000000000000       7.387627645056206E+051
   3.45000000000000       7.217055026262831E+051
   3.50000000000000       7.047020393831597E+051
   3.55000000000000       6.877919569788382E+051
   3.60000000000000       6.709993249506183E+051
   3.65000000000000       6.538826169598187E+051
   3.70000000000000       6.374663283417061E+051
   3.75000000000000       6.212136471062418E+051
   3.80000000000000       6.051294831031297E+051
   3.85000000000000       5.892325272560267E+051
   3.90000000000000       5.735377374476929E+051
   3.95000000000000       5.580541692903995E+051
   4.00000000000000       5.428034220401432E+051
   4.05000000000000       5.277778917627772E+051
   4.10000000000000       5.130035870379127E+051
   4.15000000000000       4.984841342056015E+051
   4.20000000000000       4.842211713424762E+051
   4.25000000000000       4.699738294314787E+051
   4.30000000000000       4.562970394094639E+051
   4.35000000000000       4.428798907941193E+051
   4.40000000000000       4.297389457014301E+051
   4.45000000000000       4.168748992621326E+051
   4.50000000000000       4.042748736065997E+051
   4.55000000000000       3.919653217897522E+051
   4.60000000000000       3.799329650336948E+051
   4.65000000000000       3.681708735903601E+051
   4.70000000000000       3.567007342588615E+051
   4.75000000000000       3.455001413648123E+051
   4.80000000000000       3.345881806888229E+051
   4.85000000000000       3.239428059922642E+051
   4.90000000000000       3.135574253912425E+051
   4.95000000000000       3.034674780859172E+051
   5.00000000000000       2.936501758144526E+051
   5.05000000000000       2.841018442788942E+051
   5.10000000000000       2.748131714821421E+051
   5.15000000000000       2.657852276501340E+051
   5.20000000000000       2.570061162418539E+051
   5.25000000000000       2.484924008016977E+051
   5.30000000000000       2.402313340324791E+051
   5.35000000000000       2.322041715720289E+051
   5.40000000000000       2.244245128097962E+051
   5.45000000000000       2.168764933171109E+051
   5.50000000000000       2.095510522859896E+051
   5.55000000000000       2.024606879095797E+051
   5.60000000000000       1.956017869574368E+051
   5.65000000000000       1.889477504904714E+051
   5.70000000000000       1.825103999489996E+051
   5.75000000000000       1.762848280060448E+051
   5.80000000000000       1.702579382612154E+051
   5.85000000000000       1.644301156046504E+051
   5.90000000000000       1.587938739327407E+051
   5.95000000000000       1.533487906168857E+051
   6.00000000000000       1.480798677457972E+051
   6.05000000000000       1.429957021371816E+051
   6.10000000000000       1.380838134007490E+051
   6.15000000000000       1.333300886432662E+051
   6.20000000000000       1.287457160482283E+051
   6.25000000000000       1.243256716100569E+051
   6.30000000000000       1.200630933501840E+051
   6.35000000000000       1.159518414668347E+051
   6.40000000000000       1.119801651254710E+051
   6.45000000000000       1.081593711492010E+051
   6.50000000000000       1.044698951594356E+051
   6.55000000000000       1.009175585518873E+051
   6.60000000000000       9.748869145799010E+050
   6.65000000000000       9.418652695974302E+050
   6.70000000000000       9.100567784849132E+050
   6.75000000000000       8.791611826058958E+050
   6.80000000000000       8.497262430370326E+050
   6.85000000000000       8.213781268189242E+050
   6.90000000000000       7.940761372471204E+050
   6.95000000000000       7.677981516783756E+050
   7.00000000000000       7.425096378581958E+050
   7.05000000000000       7.181698109283063E+050
   7.10000000000000       6.947561251946476E+050
   7.15000000000000       6.722223473881986E+050
   7.20000000000000       6.505527247487324E+050
   7.25000000000000       6.296922628083716E+050
   7.30000000000000       6.096278146802842E+050
   7.35000000000000       5.903505951075833E+050
   7.40000000000000       5.717530035043307E+050
   7.45000000000000       5.539485059350138E+050
   7.50000000000000       5.368220270940023E+050
   7.55000000000000       5.203653863930525E+050
   7.60000000000000       5.045726945901363E+050
   7.65000000000000       4.893815657662211E+050
   7.70000000000000       4.747773269655750E+050
   7.75000000000000       4.607741964764968E+050
   7.80000000000000       4.473059798173516E+050
   7.85000000000000       4.343816289317746E+050
   7.90000000000000       4.219612720475157E+050
   7.95000000000000       4.100105537539513E+050
   8.00000000000000       3.977141344393833E+050
   8.05000000000000       3.869015044059748E+050
   8.10000000000000       3.765103016675393E+050
   8.15000000000000       3.665274941429802E+050
   8.20000000000000       3.569112285440292E+050
   8.25000000000000       3.476685593202969E+050
   8.30000000000000       3.387721203733198E+050
   8.35000000000000       3.301937874640765E+050
   8.40000000000000       3.219960004765499E+050
   8.45000000000000       3.140878755459531E+050
   8.50000000000000       3.064388622897502E+050
   8.55000000000000       2.991134959176220E+050
   8.60000000000000       2.920584411485633E+050
   8.65000000000000       2.852321605858052E+050
   8.70000000000000       2.787492473808357E+050
   8.75000000000000       2.725019280437811E+050
   8.80000000000000       2.664542532079527E+050
   8.85000000000000       2.606941096700752E+050
   8.90000000000000       2.551376437739787E+050
   8.95000000000000       2.498156592276339E+050
   9.00000000000000       2.446928372086733E+050
   9.05000000000000       2.397770456487014E+050
   9.10000000000000       2.350267480157876E+050
   9.15000000000000       2.304932401266211E+050
   9.20000000000000       2.261423711686420E+050
   9.25000000000000       2.214171325666021E+050
   9.30000000000000       2.174743361826234E+050
   9.35000000000000       2.137285782717877E+050
   9.40000000000000       2.101308987338525E+050
   9.45000000000000       2.066906141494069E+050
   9.50000000000000       2.033150542470726E+050
   9.55000000000000       2.001021067212571E+050
   9.60000000000000       1.969310225534170E+050
   9.65000000000000       1.939246544344905E+050
   9.70000000000000       1.909847260333243E+050
   9.75000000000000       1.882400369410084E+050
   9.80000000000000       1.854806555922756E+050
   9.85000000000000       1.829177889840587E+050
   9.90000000000000       1.802883535142546E+050
   9.95000000000000       1.779842734398040E+050
   10.0000000000000       1.756311011447157E+050
   10.0500000000000       1.735032741996481E+050
   10.1000000000000       1.713345661116978E+050
   10.1500000000000       1.692069466030890E+050
   10.2000000000000       1.671352987270237E+050
   10.2500000000000       1.651310555271670E+050
   10.3000000000000       1.631325784091073E+050
   10.3500000000000       1.613863929311387E+050
   10.4000000000000       1.596808284057049E+050
   10.4500000000000       1.581108118632673E+050
   10.5000000000000       1.566724002409400E+050
   10.5500000000000       1.552850197992000E+050
   10.6000000000000       1.539348119843900E+050
   10.6500000000000       1.526305590455800E+050
   10.7000000000000       1.513513142077000E+050
   10.7500000000000       1.501153437113300E+050
   10.8000000000000       1.489538416621600E+050
   10.8500000000000       1.477774718589900E+050
   10.9000000000000       1.466778704890900E+050
   10.9500000000000       1.456069200940600E+050
   11.0000000000000       1.445955726345000E+050
   11.0500000000000       1.436336044729600E+050
   11.1000000000000       1.426986399138800E+050
   11.1500000000000       1.418034197900900E+050
   11.2000000000000       1.409322524114700E+050
   11.2500000000000       1.400695326203500E+050
   11.3000000000000       1.392098507188000E+050
   11.3500000000000       1.383973433877800E+050
   11.4000000000000       1.375703029643300E+050
   11.4500000000000       1.367491615133600E+050
   11.5000000000000       1.359915691137300E+050
   11.5500000000000       1.352501317433300E+050
   11.6000000000000       1.345130162958000E+050
   11.6500000000000       1.337924521357400E+050
   11.7000000000000       1.330683802631400E+050
   11.7500000000000       1.323120015740100E+050
   11.8000000000000       1.315918753174500E+050
   11.8500000000000       1.308920821254600E+050
   11.9000000000000       1.301737334183400E+050
   11.9500000000000       1.294532897095200E+050
   12.0000000000000       1.287066922698000E+050
   12.0500000000000       1.279493273051000E+050
   12.1000000000000       1.272214761545500E+050
   12.1500000000000       1.264801796866300E+050
   12.2000000000000       1.257177401854000E+050
   12.2500000000000       1.249606946722800E+050
   12.3000000000000       1.242033279651400E+050
   12.3500000000000       1.234206828342700E+050
   12.4000000000000       1.226105291165700E+050
   12.4500000000000       1.217881432921700E+050
   12.5000000000000       1.209546742329700E+050
   12.5500000000000       1.201005222376400E+050
   12.6000000000000       1.192301995032600E+050
   12.6500000000000       1.183435903200100E+050
   12.7000000000000       1.174386700089900E+050
   12.7500000000000       1.165134046653400E+050
   12.8000000000000       1.155719236954500E+050
   12.8500000000000       1.146005579916000E+050
   12.9000000000000       1.136262338497600E+050
   12.9500000000000       1.126346500969700E+050
   13.0000000000000       1.116249901036000E+050
   13.0500000000000       1.105815792118100E+050
   13.1000000000000       1.095198431276900E+050
   13.1500000000000       1.084315581026800E+050
   13.2000000000000       1.073327202142600E+050
   13.2500000000000       1.062111005976600E+050
   13.3000000000000       1.050761086314100E+050
   13.3500000000000       1.039175231459500E+050
   13.4000000000000       1.027718182191100E+050
   13.4500000000000       1.016003207068000E+050
   13.5000000000000       1.004164791683200E+050
   13.5500000000000       9.922360533218001E+049
   13.6000000000000       9.803987516475002E+049
   13.6500000000000       9.681832007953001E+049
   13.7000000000000       9.559430505683001E+049
   13.7500000000000       9.436756433824001E+049
   13.8000000000000       9.312926594889999E+049
   13.8500000000000       9.188745012123000E+049
   13.9000000000000       9.063737241588001E+049
   13.9500000000000       8.938782992052001E+049
   14.0000000000000       8.814491407552000E+049
   14.0500000000000       8.689974697058001E+049
   14.1000000000000       8.565659349629001E+049
   14.1500000000000       8.441307668289001E+049
   14.2000000000000       8.316452131699001E+049
   14.2500000000000       8.191360414273001E+049
   14.3000000000000       8.067721330283000E+049
   14.3500000000000       7.944180719599200E+049
   14.4000000000000       7.820467069904101E+049
   14.4500000000000       7.697187979104900E+049
   14.5000000000000       7.575972122217701E+049
   14.5500000000000       7.455456401382500E+049
   14.6000000000000       7.336510630364600E+049
   14.6500000000000       7.218765932738401E+049
   14.7000000000000       7.103947210869701E+049
   14.7500000000000       6.990228629246200E+049
   14.8000000000000       6.877405448510000E+049
   14.8500000000000       6.765409709412001E+049
   14.9000000000000       6.655461268092801E+049
   14.9500000000000       6.546609290725901E+049
   15.0000000000000       6.439866198779700E+049
   15.0500000000000       6.334931167164001E+049
   15.1000000000000       6.232012538464702E+049
   15.1500000000000       6.130592751461700E+049
   15.2000000000000       6.030872721805801E+049
   15.2500000000000       5.932581483309300E+049
   15.3000000000000       5.835855248014400E+049
   15.3500000000000       5.741167202272000E+049
   15.4000000000000       5.648177054036401E+049
   15.4500000000000       5.556478881204101E+049
   15.5000000000000       5.466739097057801E+049
   15.5500000000000       5.378301455097000E+049
   15.6000000000000       5.292238840378302E+049
   15.6500000000000       5.207940513863001E+049
   15.7000000000000       5.125610014423100E+049
   15.7500000000000       5.044839615442700E+049
   15.8000000000000       4.966576273171000E+049
   15.8500000000000       4.890278974427301E+049
   15.9000000000000       4.816082486095800E+049
   15.9500000000000       4.743763780898100E+049
   16.0000000000000       4.673119684314900E+049
   16.0500000000000       4.604753828443000E+049
   16.1000000000000       4.538021724539300E+049
   16.1500000000000       4.473632391404701E+049
   16.2000000000000       4.410727622215801E+049
   16.2500000000000       4.349523934081099E+049
   16.3000000000000       4.289824883616200E+049
   16.3500000000000       4.231690020872100E+049
   16.4000000000000       4.174997568169500E+049
   16.4500000000000       4.119929852752801E+049
   16.5000000000000       4.066603577292800E+049
   16.5500000000000       4.014489490090631E+049
   16.6000000000000       3.963398223266820E+049
   16.6500000000000       3.913613488729091E+049
   16.7000000000000       3.865853043959280E+049
   16.7500000000000       3.819162124492419E+049
   16.8000000000000       3.773548216996200E+049
   16.8500000000000       3.729045066867510E+049
   16.9000000000000       3.685842401145860E+049
   16.9500000000000       3.644060526399780E+049
   17.0000000000000       3.603706657214390E+049
   17.0500000000000       3.564443496556220E+049
   17.1000000000000       3.526215991028031E+049
   17.1500000000000       3.489586088357250E+049
   17.2000000000000       3.454365701275350E+049
   17.2500000000000       3.420092703639390E+049
   17.3000000000000       3.387064694996580E+049
   17.3500000000000       3.354774518823051E+049
   17.4000000000000       3.323390930593230E+049
   17.4500000000000       3.293044243137290E+049
   17.5000000000000       3.263462043446940E+049
   17.5500000000000       3.234853855982360E+049
   17.6000000000000       3.206901997388990E+049
   17.6500000000000       3.179742315259150E+049
   17.7000000000000       3.153191891848610E+049
   17.7500000000000       3.127257115098931E+049
   17.8000000000000       3.101972362923480E+049
   17.8500000000000       3.077283103375920E+049
   17.9000000000000       3.053202610773960E+049
   17.9500000000000       3.029588938615320E+049
   18.0000000000000       3.006245345966160E+049
   18.0500000000000       2.983545626773661E+049
   18.1000000000000       2.961448436439430E+049
   18.1500000000000       2.939736835222927E+049
   18.2000000000000       2.918498790140369E+049
   18.2500000000000       2.897829703028432E+049
   18.3000000000000       2.877587311301520E+049
   18.3500000000000       2.857954386092616E+049
   18.4000000000000       2.838680214882159E+049
   18.4500000000000       2.819940458175674E+049
   18.5000000000000       2.801383461552869E+049
   18.5500000000000       2.783165181350247E+049
   18.6000000000000       2.765163798585484E+049
   18.6500000000000       2.747540561532124E+049
   18.7000000000000       2.730242991759967E+049
   18.7500000000000       2.713128052071490E+049
   18.8000000000000       2.696135046536455E+049
   18.8500000000000       2.679338677285514E+049
   18.9000000000000       2.662677856790706E+049
   18.9500000000000       2.646064558682466E+049
   19.0000000000000       2.629525788168589E+049
   19.0500000000000       2.613108849525959E+049
   19.1000000000000       2.596725802604379E+049
   19.1500000000000       2.580410428429657E+049
   19.2000000000000       2.564135691881458E+049
   19.2500000000000       2.547921470599513E+049
   19.3000000000000       2.531715180658653E+049
   19.3500000000000       2.515576683458374E+049
   19.4000000000000       2.499472026550232E+049
   19.4500000000000       2.483557404221485E+049
   19.5000000000000       2.467528006710722E+049
   19.5500000000000       2.451674561108686E+049
   19.6000000000000       2.435855125182340E+049
   19.6500000000000       2.420022459238183E+049
   19.7000000000000       2.404277778981953E+049
   19.7500000000000       2.388459138132096E+049
   19.8000000000000       2.372681178503701E+049
   19.8500000000000       2.356869452518397E+049
   19.9000000000000       2.340977171473516E+049
   19.9500000000000       2.325069871953679E+049
   20.0000000000000       2.309191305044862E+049
   20.0500000000000       2.293225745045338E+049
   20.1000000000000       2.277202140754681E+049
   20.1500000000000       2.261042705611553E+049
   20.2000000000000       2.244756845159877E+049
   20.2500000000000       2.228470384591585E+049
   20.3000000000000       2.212080538118416E+049
   20.3500000000000       2.195647448922714E+049
   20.4000000000000       2.179100224991831E+049
   20.4500000000000       2.162454487348426E+049
   20.5000000000000       2.145775776013181E+049
   20.5500000000000       2.129032877111198E+049
   20.6000000000000       2.112262449268309E+049
   20.6500000000000       2.095402330924395E+049
   20.7000000000000       2.078497651776386E+049
   20.7500000000000       2.061533547075679E+049
   20.8000000000000       2.044659463948712E+049
   20.8500000000000       2.027642878719665E+049
   20.9000000000000       2.010687346276626E+049
   20.9500000000000       1.993608138870302E+049
   21.0000000000000       1.976504040984867E+049
   21.0500000000000       1.959360087534083E+049
   21.1000000000000       1.942174267279568E+049
   21.1500000000000       1.924916369845159E+049
   21.2000000000000       1.907700495590783E+049
   21.2500000000000       1.890418390589865E+049
   21.3000000000000       1.873069384532588E+049
   21.3500000000000       1.855658919509148E+049
   21.4000000000000       1.838198442052908E+049
   21.4500000000000       1.820785966836559E+049
   21.5000000000000       1.803315395381407E+049
   21.5500000000000       1.785777922708376E+049
   21.6000000000000       1.768241127107540E+049
   21.6500000000000       1.750721298054090E+049
   21.7000000000000       1.733156953549859E+049
   21.7500000000000       1.715608890272510E+049
   21.8000000000000       1.698020954629507E+049
   21.8500000000000       1.680531761603344E+049
   21.9000000000000       1.663075715755740E+049
   21.9500000000000       1.645566284600483E+049
   22.0000000000000       1.628170479365453E+049
   22.0500000000000       1.610808562675667E+049
   22.1000000000000       1.593392636683989E+049
   22.1500000000000       1.576129443535018E+049
   22.2000000000000       1.558887231005592E+049
   22.2500000000000       1.541661982823893E+049
   22.3000000000000       1.524511073847895E+049
   22.3500000000000       1.507381855639923E+049
   22.4000000000000       1.490343274751724E+049
   22.4500000000000       1.473310779955249E+049
   22.5000000000000       1.456413447918397E+049
   22.5500000000000       1.439529651854761E+049
   22.6000000000000       1.422733731504894E+049
   22.6500000000000       1.406076351641252E+049
   22.7000000000000       1.389419647308535E+049
   22.7500000000000       1.372898779903634E+049
   22.8000000000000       1.356379264435169E+049
   22.8500000000000       1.340009837541554E+049
   22.9000000000000       1.323721554207076E+049
   22.9500000000000       1.307569107463988E+049
   23.0000000000000       1.291505867924104E+049
   23.0500000000000       1.275526456685664E+049
   23.1000000000000       1.259688315072427E+049
   23.1500000000000       1.243919106163147E+049
   23.2000000000000       1.228312826759951E+049
   23.2500000000000       1.212853890801814E+049
   23.3000000000000       1.197536905772359E+049
   23.3500000000000       1.182307121902112E+049
   23.4000000000000       1.167214526863341E+049
   23.4500000000000       1.152262184804436E+049
   23.5000000000000       1.137383732774229E+049
   23.5500000000000       1.122716143847542E+049
   23.6000000000000       1.108120678167965E+049
   23.6500000000000       1.093672641662521E+049
   23.7000000000000       1.079433902914974E+049
   23.7500000000000       1.065263285194242E+049
   23.8000000000000       1.051235467118616E+049
   23.8500000000000       1.037412158944263E+049
   23.9000000000000       1.023656363893582E+049
   23.9500000000000       1.010104121860737E+049
   24.0000000000000       9.966240021213853E+048
   24.0500000000000       9.833531352486460E+048
   24.1000000000000       9.702230516191287E+048
   24.1500000000000       9.572309008481975E+048
   24.2000000000000       9.443810077763721E+048
   24.2500000000000       9.316701359863895E+048
   24.3000000000000       9.191662125106937E+048
   24.3500000000000       9.068014522857195E+048
   24.4000000000000       8.945103615091799E+048
   24.4500000000000       8.824327136019367E+048
   24.5000000000000       8.705635592873655E+048
   24.5500000000000       8.587653744344423E+048
   24.6000000000000       8.471051890475306E+048
   24.6500000000000       8.356495096676193E+048
   24.7000000000000       8.243351661707725E+048
   24.7500000000000       8.131565916440596E+048
   24.8000000000000       8.021170309522759E+048
   24.8500000000000       7.912157494503970E+048
   24.9000000000000       7.805212759133585E+048
   24.9500000000000       7.698967487252739E+048
