  0.000000000000000E+000  0.000000000000000E+000
  5.000000000000000E-002  3.386499048586227E+048
  0.100000000000000       1.384168423333651E+049
  0.150000000000000       3.308583708604578E+049
  0.200000000000000       6.291219151788461E+049
  0.250000000000000       1.133627070007105E+050
  0.300000000000000       1.879328061031768E+050
  0.350000000000000       2.857023615219621E+050
  0.400000000000000       4.090700591462004E+050
  0.450000000000000       5.554258112170036E+050
  0.500000000000000       7.217921672962537E+050
  0.550000000000000       9.091518572560884E+050
  0.600000000000000       1.109373466484578E+051
  0.650000000000000       1.319945631515430E+051
  0.700000000000000       1.539130350971379E+051
  0.750000000000000       1.761900077185381E+051
  0.800000000000000       1.985899433436404E+051
  0.850000000000000       2.209199435584753E+051
  0.900000000000000       2.431700864344267E+051
  0.950000000000000       2.648907488791188E+051
   1.00000000000000       2.860734277109152E+051
   1.05000000000000       3.066577638165641E+051
   1.10000000000000       3.264504197847355E+051
   1.15000000000000       3.454124601336607E+051
   1.20000000000000       3.635589110032554E+051
   1.25000000000000       3.807405482700201E+051
   1.30000000000000       3.969461933182963E+051
   1.35000000000000       4.120704374123487E+051
   1.40000000000000       4.261229741605638E+051
   1.45000000000000       4.390816822413468E+051
   1.50000000000000       4.509841869713088E+051
   1.55000000000000       4.620111358081071E+051
   1.60000000000000       4.717030988934267E+051
   1.65000000000000       4.802915487925254E+051
   1.70000000000000       4.879150045425396E+051
   1.75000000000000       4.944821350839862E+051
   1.80000000000000       5.000778099241815E+051
   1.85000000000000       5.047186062770007E+051
   1.90000000000000       5.084314193581203E+051
   1.95000000000000       5.111975085239643E+051
   2.00000000000000       5.130750058299608E+051
   2.05000000000000       5.141440220250428E+051
   2.10000000000000       5.143749590729062E+051
   2.15000000000000       5.138907829325197E+051
   2.20000000000000       5.126445606236839E+051
   2.25000000000000       5.106855564714089E+051
   2.30000000000000       5.080577310053313E+051
   2.35000000000000       5.048588493890470E+051
   2.40000000000000       5.010546541391886E+051
   2.45000000000000       4.967600716266213E+051
   2.50000000000000       4.919841805077607E+051
   2.55000000000000       4.867579326107072E+051
   2.60000000000000       4.810780293306824E+051
   2.65000000000000       4.750038647685034E+051
   2.70000000000000       4.685953210619282E+051
   2.75000000000000       4.618512223043243E+051
   2.80000000000000       4.549548526339227E+051
   2.85000000000000       4.476897560547744E+051
   2.90000000000000       4.402105666421353E+051
   2.95000000000000       4.325190969753948E+051
   3.00000000000000       4.246500752520204E+051
   3.05000000000000       4.165820862432157E+051
   3.10000000000000       4.084238357601851E+051
   3.15000000000000       4.002198426323618E+051
   3.20000000000000       3.918704842073411E+051
   3.25000000000000       3.834874582013974E+051
   3.30000000000000       3.751288677103472E+051
   3.35000000000000       3.667076768982255E+051
   3.40000000000000       3.583633275459743E+051
   3.45000000000000       3.499632433713701E+051
   3.50000000000000       3.415399253141369E+051
   3.55000000000000       3.331880969937294E+051
   3.60000000000000       3.249222938413292E+051
   3.65000000000000       3.166419790491615E+051
   3.70000000000000       3.084156312527865E+051
   3.75000000000000       3.002565662718733E+051
   3.80000000000000       2.921757684786266E+051
   3.85000000000000       2.842048375093917E+051
   3.90000000000000       2.762739065057086E+051
   3.95000000000000       2.684304590049848E+051
   4.00000000000000       2.607292599872319E+051
   4.05000000000000       2.531766377813060E+051
   4.10000000000000       2.457097466725083E+051
   4.15000000000000       2.383757083294803E+051
   4.20000000000000       2.312001748617540E+051
   4.25000000000000       2.241437755158523E+051
   4.30000000000000       2.171611652888334E+051
   4.35000000000000       2.103286210571361E+051
   4.40000000000000       2.036090559363341E+051
   4.45000000000000       1.969964619964747E+051
   4.50000000000000       1.905276107149956E+051
   4.55000000000000       1.841807906173127E+051
   4.60000000000000       1.779707559533280E+051
   4.65000000000000       1.719249415058047E+051
   4.70000000000000       1.659768958063043E+051
   4.75000000000000       1.601677370194666E+051
   4.80000000000000       1.545141635701834E+051
   4.85000000000000       1.489879803873606E+051
   4.90000000000000       1.436109051918147E+051
   4.95000000000000       1.383587955864680E+051
   5.00000000000000       1.331977953535449E+051
   5.05000000000000       1.282133253113143E+051
   5.10000000000000       1.233514319464557E+051
   5.15000000000000       1.186583708260525E+051
   5.20000000000000       1.140779821893092E+051
   5.25000000000000       1.095996093005127E+051
   5.30000000000000       1.052919315283647E+051
   5.35000000000000       1.011151643888644E+051
   5.40000000000000       9.706366815401402E+050
   5.45000000000000       9.312953387283036E+050
   5.50000000000000       8.931076527924118E+050
   5.55000000000000       8.560665367178712E+050
   5.60000000000000       8.202682309852288E+050
   5.65000000000000       7.855974167045044E+050
   5.70000000000000       7.522277204587404E+050
   5.75000000000000       7.199740289418175E+050
   5.80000000000000       6.889226989907685E+050
   5.85000000000000       6.590075161718385E+050
   5.90000000000000       6.301651931936467E+050
   5.95000000000000       6.025700749044260E+050
   6.00000000000000       5.760524722335960E+050
   6.05000000000000       5.504474771201657E+050
   6.10000000000000       5.256985497734872E+050
   6.15000000000000       5.019444261052558E+050
   6.20000000000000       4.790379763870301E+050
   6.25000000000000       4.571294659847985E+050
   6.30000000000000       4.360538121058108E+050
   6.35000000000000       4.158238685821947E+050
   6.40000000000000       3.963400737366501E+050
   6.45000000000000       3.777373993763535E+050
   6.50000000000000       3.599551795208572E+050
   6.55000000000000       3.430253703295687E+050
   6.60000000000000       3.267949254996907E+050
   6.65000000000000       3.112391534759735E+050
   6.70000000000000       2.964444341580065E+050
   6.75000000000000       2.822144962883233E+050
   6.80000000000000       2.686240259348667E+050
   6.85000000000000       2.556182664682205E+050
   6.90000000000000       2.431551841901683E+050
   6.95000000000000       2.312175992495400E+050
   7.00000000000000       2.197900172476848E+050
   7.05000000000000       2.089253108128794E+050
   7.10000000000000       1.985963796109713E+050
   7.15000000000000       1.887665897272631E+050
   7.20000000000000       1.793431593566756E+050
   7.25000000000000       1.703874177804165E+050
   7.30000000000000       1.618614285881291E+050
   7.35000000000000       1.537645307095101E+050
   7.40000000000000       1.460782926560897E+050
   7.45000000000000       1.387067388040346E+050
   7.50000000000000       1.316848760703818E+050
   7.55000000000000       1.249712167625270E+050
   7.60000000000000       1.185774943870544E+050
   7.65000000000000       1.124945029487774E+050
   7.70000000000000       1.067106744457799E+050
   7.75000000000000       1.012263510154291E+050
   7.80000000000000       9.609092977193488E+049
   7.85000000000000       9.111087429599279E+049
   7.90000000000000       8.639538808065587E+049
   7.95000000000000       8.193565925492329E+049
   8.00000000000000       7.771394798264788E+049
   8.05000000000000       7.370839007171751E+049
   8.10000000000000       6.988876786285202E+049
   8.15000000000000       6.625085031788620E+049
   8.20000000000000       6.279619171230859E+049
   8.25000000000000       5.950650345227294E+049
   8.30000000000000       5.638092675808508E+049
   8.35000000000000       5.341368321167474E+049
   8.40000000000000       5.061898252966025E+049
   8.45000000000000       4.793774084164302E+049
   8.50000000000000       4.539512561094484E+049
   8.55000000000000       4.298620019567910E+049
   8.60000000000000       4.070808296417477E+049
   8.65000000000000       3.855257847653811E+049
   8.70000000000000       3.651792581994596E+049
   8.75000000000000       3.458113412131204E+049
   8.80000000000000       3.274088543415186E+049
   8.85000000000000       3.098868068486784E+049
   8.90000000000000       2.932922119819446E+049
   8.95000000000000       2.775271087675224E+049
   9.00000000000000       2.625129062021539E+049
   9.05000000000000       2.483390229282815E+049
   9.10000000000000       2.348670627228424E+049
   9.15000000000000       2.220315293625971E+049
   9.20000000000000       2.099161488501379E+049
   9.25000000000000       1.984878587721998E+049
   9.30000000000000       1.876208727783427E+049
   9.35000000000000       1.774350886979320E+049
   9.40000000000000       1.677713737113296E+049
   9.45000000000000       1.585984712352497E+049
   9.50000000000000       1.499103944920390E+049
   9.55000000000000       1.416555526818114E+049
   9.60000000000000       1.338231280383539E+049
   9.65000000000000       1.264142377966558E+049
   9.70000000000000       1.194072692705896E+049
   9.75000000000000       1.127438508964918E+049
   9.80000000000000       1.064295557024922E+049
   9.85000000000000       1.004709007680142E+049
   9.90000000000000       9.483157624543046E+048
   9.95000000000000       8.950085854081024E+048
   10.0000000000000       8.451555225761668E+048
   10.0500000000000       7.981283602788270E+048
   10.1000000000000       7.535507336776462E+048
   10.1500000000000       7.112549029410945E+048
   10.2000000000000       6.712696941815510E+048
   10.2500000000000       6.333882515747049E+048
   10.3000000000000       5.976223663584867E+048
   10.3500000000000       5.638033952185001E+048
   10.4000000000000       5.317031941099755E+048
   10.4500000000000       5.012511600291949E+048
   10.5000000000000       4.724920198996476E+048
   10.5500000000000       4.454876428101013E+048
   10.6000000000000       4.199542963639515E+048
   10.6500000000000       3.961173710669573E+048
   10.7000000000000       3.736858010266386E+048
   10.7500000000000       3.524779873082660E+048
   10.8000000000000       3.323893024085650E+048
   10.8500000000000       3.133888214746808E+048
   10.9000000000000       2.954058833639440E+048
   10.9500000000000       2.784774547024309E+048
   11.0000000000000       2.624173062669459E+048
   11.0500000000000       2.472107359294469E+048
   11.1000000000000       2.328536554107773E+048
   11.1500000000000       2.193351229211509E+048
   11.2000000000000       2.065499347025910E+048
   11.2500000000000       1.945597327409193E+048
   11.3000000000000       1.833180076893374E+048
   11.3500000000000       1.728024724224997E+048
   11.4000000000000       1.628510687121912E+048
   11.4500000000000       1.534383027384893E+048
   11.5000000000000       1.445477983245287E+048
   11.5500000000000       1.361151172871315E+048
   11.6000000000000       1.281965697561620E+048
   11.6500000000000       1.207158732520576E+048
   11.7000000000000       1.136446571488460E+048
   11.7500000000000       1.069445158472112E+048
   11.8000000000000       1.006536374604585E+048
   11.8500000000000       9.474100651581415E+047
   11.9000000000000       8.911201411251998E+047
   11.9500000000000       8.387824738635817E+047
   12.0000000000000       7.899658457971241E+047
   12.0500000000000       7.439145998290092E+047
   12.1000000000000       7.003883782574762E+047
   12.1500000000000       6.593264208539255E+047
   12.2000000000000       6.200349191450935E+047
   12.2500000000000       5.836250185498231E+047
   12.3000000000000       5.488762170505567E+047
   12.3500000000000       5.162958747545977E+047
   12.4000000000000       4.854502370880181E+047
   12.4500000000000       4.562893483989519E+047
   12.5000000000000       4.291968252858530E+047
   12.5500000000000       4.036861453396525E+047
   12.6000000000000       3.792034689826646E+047
   12.6500000000000       3.568418944009529E+047
   12.7000000000000       3.358011600954139E+047
   12.7500000000000       3.158807453732484E+047
   12.8000000000000       2.968632409167793E+047
   12.8500000000000       2.792426447667676E+047
   12.9000000000000       2.626820751002199E+047
   12.9500000000000       2.463688010615236E+047
   13.0000000000000       2.316321268884274E+047
   13.0500000000000       2.177287753122833E+047
   13.1000000000000       2.046788741115955E+047
   13.1500000000000       1.923874650243857E+047
   13.2000000000000       1.808327731693884E+047
   13.2500000000000       1.699494933521629E+047
   13.3000000000000       1.598010920610430E+047
   13.3500000000000       1.503032613402931E+047
   13.4000000000000       1.413024244138582E+047
   13.4500000000000       1.328137899019504E+047
   13.5000000000000       1.248751642376793E+047
   13.5500000000000       1.172089680978899E+047
   13.6000000000000       1.101664733005677E+047
   13.6500000000000       1.035165335440879E+047
   13.7000000000000       9.724699644242586E+046
   13.7500000000000       9.137020181054224E+046
   13.8000000000000       8.582685321284625E+046
   13.8500000000000       8.057135838913677E+046
   13.9000000000000       7.567224408283418E+046
   13.9500000000000       7.099857718932733E+046
   14.0000000000000       6.674049216817078E+046
   14.0500000000000       6.268297712224389E+046
   14.1000000000000       5.880660923834369E+046
   14.1500000000000       5.526820784070106E+046
   14.2000000000000       5.193101088444594E+046
   14.2500000000000       4.875036023958013E+046
   14.3000000000000       4.573134328282300E+046
   14.3500000000000       4.286369997929954E+046
   14.4000000000000       4.025259618371496E+046
   14.4500000000000       3.775029729503489E+046
   14.5000000000000       3.542970843370440E+046
   14.5500000000000       3.322955750701068E+046
   14.6000000000000       3.113032197567691E+046
   14.6500000000000       2.916196362177579E+046
   14.7000000000000       2.739619075166920E+046
   14.7500000000000       2.569682483396928E+046
   14.8000000000000       2.388799304568182E+046
   14.8500000000000       2.243584948127882E+046
   14.9000000000000       2.106793638906628E+046
   14.9500000000000       1.977933751939857E+046
   15.0000000000000       1.856606981401829E+046
   15.0500000000000       1.742599013380835E+046
   15.1000000000000       1.635229208286629E+046
   15.1500000000000       1.534919684179157E+046
   15.2000000000000       1.440407757975067E+046
   15.2500000000000       1.351868567328351E+046
   15.3000000000000       1.269547674724505E+046
   15.3500000000000       1.192318657765719E+046
   15.4000000000000       1.119652388067055E+046
   15.4500000000000       1.051291417909605E+046
   15.5000000000000       9.869080864362210E+045
   15.5500000000000       9.262917147244283E+045
   15.6000000000000       8.692315984282616E+045
   15.6500000000000       8.099229291787291E+045
   15.7000000000000       7.598673888755895E+045
   15.7500000000000       7.127597209202878E+045
   15.8000000000000       6.613436790652487E+045
   15.8500000000000       6.203052344425664E+045
   15.9000000000000       5.781339255044227E+045
   15.9500000000000       5.424472083794244E+045
   16.0000000000000       5.090983834889352E+045
   16.0500000000000       4.777549374733898E+045
   16.1000000000000       4.483302902430609E+045
   16.1500000000000       4.206887216932819E+045
   16.2000000000000       3.947249317006658E+045
   16.2500000000000       3.703336201180325E+045
   16.3000000000000       3.474235267674795E+045
   16.3500000000000       3.259010514307189E+045
   16.4000000000000       3.056819538352999E+045
   16.4500000000000       2.866913536344548E+045
   16.5000000000000       2.688473503767370E+045
   16.5500000000000       2.520846266131960E+045
   16.6000000000000       2.338148346777722E+045
   16.6500000000000       2.192961563665677E+045
   16.7000000000000       2.056760380171368E+045
   16.7500000000000       1.928912996272957E+045
   16.8000000000000       1.808951411945887E+045
   16.8500000000000       1.696407627162332E+045
   16.9000000000000       1.590813641890485E+045
   16.9500000000000       1.491748256093611E+045
   17.0000000000000       1.398766869728794E+045
   17.0500000000000       1.311541882745190E+045
   17.1000000000000       1.229722295081585E+045
   17.1500000000000       1.152980506662817E+045
   17.2000000000000       1.080965517394390E+045
   17.2500000000000       1.012892400000000E+045
   17.3000000000000       9.495720000000000E+044
   17.3500000000000       8.902062000000001E+044
   17.4000000000000       8.345376000000000E+044
   17.4500000000000       7.823088000000000E+044
   17.5000000000000       7.333092000000000E+044
   17.5500000000000       6.873749999999999E+044
   17.6000000000000       6.443190000000000E+044
   17.6500000000000       6.039072000000000E+044
   17.7000000000000       5.660226000000001E+044
   17.7500000000000       5.305248000000000E+044
   17.8000000000000       4.972032000000000E+044
   17.8500000000000       4.659805800000000E+044
   17.9000000000000       4.366908000000000E+044
   17.9500000000000       4.092379200000001E+044
   18.0000000000000       3.834979200000000E+044
   18.0500000000000       3.593701800000001E+044
   18.1000000000000       3.367494000000000E+044
   18.1500000000000       3.155419800000000E+044
   18.2000000000000       2.956660200000000E+044
   18.2500000000000       2.770302600000000E+044
   18.3000000000000       2.595621600000000E+044
   18.3500000000000       2.431891800000000E+044
   18.4000000000000       2.278458000000000E+044
   18.4500000000000       2.134618200000000E+044
   18.5000000000000       1.999810800000000E+044
   18.5500000000000       1.873450800000000E+044
   18.6000000000000       1.755046800000000E+044
   18.6500000000000       1.644084000000000E+044
   18.7000000000000       1.540071000000000E+044
   18.7500000000000       1.442633400000000E+044
   18.8000000000000       1.351303200000000E+044
   18.8500000000000       1.265729400000000E+044
   18.9000000000000       1.185537600000000E+044
   18.9500000000000       1.110423600000000E+044
   19.0000000000000       1.039989600000000E+044
   19.0500000000000       9.740249999999999E+043
   19.1000000000000       9.122490000000000E+043
   19.1500000000000       8.543340000000000E+043
   19.2000000000000       8.000928000000000E+043
   19.2500000000000       7.492680000000000E+043
   19.3000000000000       7.016490000000000E+043
   19.3500000000000       6.570720000000000E+043
   19.4000000000000       6.152796000000001E+043
   19.4500000000000       5.761314000000001E+043
   19.5000000000000       5.394635999999999E+043
   19.5500000000000       5.051358000000000E+043
   19.6000000000000       4.729631400000000E+043
   19.6500000000000       4.428403200000001E+043
   19.7000000000000       4.146199200000000E+043
   19.7500000000000       3.881896200000000E+043
   19.8000000000000       3.634347600000000E+043
   19.8500000000000       3.402500400000000E+043
   19.9000000000000       3.185395200000000E+043
   19.9500000000000       2.982049200000000E+043
   20.0000000000000       2.791620000000000E+043
   20.0500000000000       2.613312000000000E+043
   20.1000000000000       2.446306200000000E+043
   20.1500000000000       2.289947400000000E+043
   20.2000000000000       2.143510200000000E+043
   20.2500000000000       2.006409600000000E+043
   20.3000000000000       1.878037200000000E+043
   20.3500000000000       1.757831400000000E+043
   20.4000000000000       1.645277400000000E+043
   20.4500000000000       1.539907200000000E+043
   20.5000000000000       1.441252800000000E+043
   20.5500000000000       1.348893000000000E+043
   20.6000000000000       1.262406600000000E+043
   20.6500000000000       1.181466000000000E+043
   20.7000000000000       1.105650000000000E+043
   20.7500000000000       1.034724600000000E+043
   20.8000000000000       9.682920000000000E+042
   20.8500000000000       9.061182000000000E+042
   20.9000000000000       8.479224000000000E+042
   20.9500000000000       7.934472000000001E+042
   21.0000000000000       7.424586000000001E+042
   21.0500000000000       6.947226000000000E+042
   21.1000000000000       6.500286000000001E+042
   21.1500000000000       6.082362000000000E+042
   21.2000000000000       5.690880000000000E+042
   21.2500000000000       5.324670000000001E+042
   21.3000000000000       4.981860000000000E+042
   21.3500000000000       4.660975800000000E+042
   21.4000000000000       4.360660200000000E+042
   21.4500000000000       4.079626200000000E+042
   21.5000000000000       3.816657000000000E+042
   21.5500000000000       3.570559200000000E+042
   21.6000000000000       3.340256400000000E+042
   21.6500000000000       3.124765800000000E+042
   21.7000000000000       2.923081200000000E+042
   21.7500000000000       2.734407000000000E+042
   21.8000000000000       2.557830600000000E+042
   21.8500000000000       2.392626600000000E+042
   21.9000000000000       2.238022800000000E+042
   21.9500000000000       2.093387400000000E+042
   22.0000000000000       1.958065200000000E+042
   22.0500000000000       1.831447800000000E+042
   22.1000000000000       1.712997000000000E+042
   22.1500000000000       1.602151200000000E+042
   22.2000000000000       1.498465800000000E+042
   22.2500000000000       1.401472800000000E+042
   22.3000000000000       1.310704200000000E+042
   22.3500000000000       1.225832400000000E+042
   22.4000000000000       1.146412800000000E+042
   22.4500000000000       1.072117800000000E+042
   22.5000000000000       1.002619800000000E+042
   22.5500000000000       9.375912000000000E+041
   22.6000000000000       8.767980000000001E+041
   22.6500000000000       8.199126000000000E+041
   22.7000000000000       7.667010000000000E+041
   22.7500000000000       7.169526000000000E+041
   22.8000000000000       6.704100000000001E+041
   22.8500000000000       6.268626000000000E+041
   22.9000000000000       5.861232000000000E+041
   22.9500000000000       5.480748000000000E+041
   23.0000000000000       5.124366000000000E+041
   23.0500000000000       4.791267000000001E+041
   23.1000000000000       4.479696000000000E+041
   23.1500000000000       4.188342600000001E+041
   23.2000000000000       3.915873000000000E+041
   23.2500000000000       3.661070400000000E+041
   23.3000000000000       3.422764800000000E+041
   23.3500000000000       3.199926600000000E+041
   23.4000000000000       2.991549600000000E+041
   23.4500000000000       2.796674400000000E+041
   23.5000000000000       2.614458600000000E+041
   23.5500000000000       2.444106600000000E+041
   23.6000000000000       2.284776000000000E+041
   23.6500000000000       2.135811600000000E+041
   23.7000000000000       1.996511400000000E+041
   23.7500000000000       1.866267000000000E+041
   23.8000000000000       1.744516800000000E+041
   23.8500000000000       1.630675800000000E+041
   23.9000000000000       1.524205800000000E+041
   23.9500000000000       1.424709000000000E+041
   24.0000000000000       1.331647200000000E+041
   24.0500000000000       1.244669400000000E+041
   24.1000000000000       1.163331000000000E+041
   24.1500000000000       1.087304400000000E+041
   24.2000000000000       1.016238600000000E+041
   24.2500000000000       9.497826000000001E+040
   24.3000000000000       8.876790000000000E+040
   24.3500000000000       8.296001999999998E+040
   24.4000000000000       7.753355999999999E+040
   24.4500000000000       7.246044000000000E+040
   24.5000000000000       6.771726000000000E+040
   24.5500000000000       6.328062000000000E+040
   24.6000000000000       5.913882000000000E+040
   24.6500000000000       5.526378000000000E+040
   24.7000000000000       5.164380000000000E+040
   24.7500000000000       4.825875600000001E+040
   24.8000000000000       4.509718200000000E+040
   24.8500000000000       4.213965600000000E+040
   24.9000000000000       3.937635000000001E+040
   24.9500000000000       3.679416000000000E+040
   25.0000000000000       3.438021600000000E+040
