  0.000000000000000E+000  0.000000000000000E+000
  5.000000000000000E-002  2.294711015156186E+043
  0.100000000000000       3.748030756404766E+045
  0.150000000000000       7.991100023556475E+046
  0.200000000000000       6.259297398375406E+047
  0.250000000000000       2.664320807487603E+048
  0.300000000000000       7.230407918232327E+048
  0.350000000000000       1.287886567292629E+049
  0.400000000000000       1.934274763285817E+049
  0.450000000000000       2.660240274214165E+049
  0.500000000000000       3.485080467026395E+049
  0.550000000000000       4.392986084269405E+049
  0.600000000000000       5.286711175840772E+049
  0.650000000000000       6.122381836516491E+049
  0.700000000000000       6.865165797301255E+049
  0.750000000000000       7.495290980753448E+049
  0.800000000000000       7.998293270812718E+049
  0.850000000000000       8.381603354322914E+049
  0.900000000000000       8.633075845704762E+049
  0.950000000000000       8.772492138078682E+049
   1.00000000000000       8.794695399120799E+049
   1.05000000000000       8.748176204999008E+049
   1.10000000000000       8.628880602559779E+049
   1.15000000000000       8.443204372337673E+049
   1.20000000000000       8.216680173021252E+049
   1.25000000000000       7.951731573610256E+049
   1.30000000000000       7.657579836405745E+049
   1.35000000000000       7.345817148886341E+049
   1.40000000000000       7.024232105224154E+049
   1.45000000000000       6.692292929337451E+049
   1.50000000000000       6.356228062928752E+049
   1.55000000000000       6.023131707653762E+049
   1.60000000000000       5.691300776518568E+049
   1.65000000000000       5.364674804822715E+049
   1.70000000000000       5.046172868206734E+049
   1.75000000000000       4.739526996904440E+049
   1.80000000000000       4.445015413271780E+049
   1.85000000000000       4.159748787499730E+049
   1.90000000000000       3.888270302328015E+049
   1.95000000000000       3.623448664209615E+049
   2.00000000000000       3.376175473227484E+049
   2.05000000000000       3.143508533201845E+049
   2.10000000000000       2.923091860270125E+049
   2.15000000000000       2.716033498754756E+049
   2.20000000000000       2.515611856537572E+049
   2.25000000000000       2.333009043097179E+049
   2.30000000000000       2.159728812993251E+049
   2.35000000000000       1.995907753986819E+049
   2.40000000000000       1.842639380562709E+049
   2.45000000000000       1.696901097793284E+049
   2.50000000000000       1.563261737748237E+049
   2.55000000000000       1.437751215237532E+049
   2.60000000000000       1.321519016698645E+049
   2.65000000000000       1.212465611934474E+049
   2.70000000000000       1.111113379827322E+049
   2.75000000000000       1.018764656471058E+049
   2.80000000000000       9.324532258629970E+048
   2.85000000000000       8.527439954907585E+048
   2.90000000000000       7.778257448453756E+048
   2.95000000000000       7.086868120854496E+048
   3.00000000000000       6.453941606826432E+048
   3.05000000000000       5.870348937220851E+048
   3.10000000000000       5.338454382992830E+048
   3.15000000000000       4.847953611875378E+048
   3.20000000000000       4.404194342741640E+048
   3.25000000000000       3.999163541899815E+048
   3.30000000000000       3.620371914335549E+048
   3.35000000000000       3.281109595500693E+048
   3.40000000000000       2.960713623910239E+048
   3.45000000000000       2.671287426283321E+048
   3.50000000000000       2.414148470919270E+048
   3.55000000000000       2.181038338884652E+048
   3.60000000000000       1.970254477762550E+048
   3.65000000000000       1.779182835058184E+048
   3.70000000000000       1.598704416856469E+048
   3.75000000000000       1.436378513937161E+048
   3.80000000000000       1.290433086338090E+048
   3.85000000000000       1.158773857180636E+048
   3.90000000000000       1.043152481539775E+048
   3.95000000000000       9.386643293552903E+047
   4.00000000000000       8.453343648311663E+047
   4.05000000000000       7.555198123335316E+047
   4.10000000000000       6.758402818662627E+047
   4.15000000000000       6.043041724114273E+047
   4.20000000000000       5.408208684912351E+047
   4.25000000000000       4.848296025235493E+047
   4.30000000000000       4.361765827821214E+047
   4.35000000000000       3.900921958643421E+047
   4.40000000000000       3.479199278352026E+047
   4.45000000000000       3.104066685740799E+047
   4.50000000000000       2.761195408442557E+047
   4.55000000000000       2.467393032257536E+047
   4.60000000000000       2.202370001759174E+047
   4.65000000000000       1.975146785633341E+047
   4.70000000000000       1.762890190399978E+047
   4.75000000000000       1.569509893570604E+047
   4.80000000000000       1.395918087833550E+047
   4.85000000000000       1.239809355839024E+047
   4.90000000000000       1.103100043007359E+047
   4.95000000000000       9.826328714584651E+046
   5.00000000000000       8.798264161932461E+046
   5.05000000000000       7.820448248704916E+046
   5.10000000000000       6.959057846627329E+046
   5.15000000000000       6.168092909674527E+046
   5.20000000000000       5.473709548748231E+046
   5.25000000000000       4.847188509761046E+046
   5.30000000000000       4.319149568800995E+046
   5.35000000000000       3.850813435069433E+046
   5.40000000000000       3.419276261197677E+046
   5.45000000000000       3.033982793042189E+046
   5.50000000000000       2.691327592518142E+046
   5.55000000000000       2.377520692334380E+046
   5.60000000000000       2.104759250114385E+046
   5.65000000000000       1.869554701796908E+046
   5.70000000000000       1.661196139399970E+046
   5.75000000000000       1.476282286499674E+046
   5.80000000000000       1.309201893823371E+046
   5.85000000000000       1.158785624124954E+046
   5.90000000000000       1.018469436926796E+046
   5.95000000000000       9.045442705860644E+045
   6.00000000000000       8.013391566678739E+045
   6.05000000000000       7.108401786432325E+045
   6.10000000000000       6.297885095182476E+045
   6.15000000000000       5.590035281387910E+045
   6.20000000000000       4.923083925801768E+045
   6.25000000000000       4.338673727584056E+045
   6.30000000000000       3.846040972901711E+045
   6.35000000000000       3.389771579345255E+045
   6.40000000000000       3.002908455900178E+045
   6.45000000000000       2.668419067331567E+045
   6.50000000000000       2.359417625214183E+045
   6.55000000000000       2.067338789703820E+045
   6.60000000000000       1.826805352947256E+045
   6.65000000000000       1.614471609783819E+045
   6.70000000000000       1.416921023377004E+045
   6.75000000000000       1.253330900206360E+045
   6.80000000000000       1.110874973973183E+045
   6.85000000000000       9.720057628948761E+044
   6.90000000000000       8.548508154748078E+044
   6.95000000000000       7.338326636179953E+044
   7.00000000000000       6.488567822914168E+044
   7.05000000000000       5.690725249383912E+044
   7.10000000000000       5.047956020466282E+044
   7.15000000000000       4.362293360514324E+044
   7.20000000000000       3.848281536227214E+044
   7.25000000000000       3.247311633561363E+044
   7.30000000000000       2.870593071381317E+044
   7.35000000000000       2.529869679382563E+044
   7.40000000000000       2.067322641398563E+044
   7.45000000000000       1.832719871507665E+044
   7.50000000000000       1.627810224197808E+044
   7.55000000000000       1.438700306896357E+044
   7.60000000000000       1.273052159158536E+044
   7.65000000000000       1.122892692545776E+044
   7.70000000000000       9.881094801255450E+043
   7.75000000000000       8.675424327923552E+043
   7.80000000000000       7.680428682492707E+043
   7.85000000000000       6.805201435755342E+043
   7.90000000000000       5.131732191606675E+043
   7.95000000000000       4.528580043950122E+043
   8.00000000000000       3.987394165230922E+043
   8.05000000000000       3.511384978661741E+043
   8.10000000000000       2.809468681097065E+043
   8.15000000000000       2.236002219431406E+043
   8.20000000000000       1.720165151041974E+043
   8.25000000000000       1.520310964570534E+043
   8.30000000000000       1.117988771333629E+043
   8.35000000000000       7.708596219717298E+042
   8.40000000000000       3.842970165648434E+042
   8.45000000000000       1.928647213118067E+042
   8.50000000000000       6.452258177561731E+041
   8.55000000000000       8.889426000000001E+038
   8.60000000000000       7.864038000000000E+038
   8.65000000000000       6.956352000000001E+038
   8.70000000000000       6.152796000000000E+038
   8.75000000000000       5.441202000000000E+038
   8.80000000000000       4.811742000000000E+038
   8.85000000000000       4.254354000000000E+038
   8.90000000000000       3.761316000000000E+038
   8.95000000000000       3.324906000000000E+038
   9.00000000000000       2.939040000000000E+038
   9.05000000000000       2.597634000000000E+038
   9.10000000000000       2.295610200000000E+038
   9.15000000000000       2.028522600000000E+038
   9.20000000000000       1.792323000000000E+038
   9.25000000000000       1.583478000000000E+038
   9.30000000000000       1.398852000000000E+038
   9.35000000000000       1.235613600000000E+038
   9.40000000000000       1.091352600000000E+038
   9.45000000000000       9.638225999999999E+037
   9.50000000000000       8.511281999999999E+037
   9.55000000000000       7.515378000000001E+037
   9.60000000000000       6.635304000000001E+037
   9.65000000000000       5.857956000000000E+037
   9.70000000000000       5.171166000000000E+037
   9.75000000000000       4.564404000000000E+037
   9.80000000000000       4.028544000000000E+037
   9.85000000000000       3.555396000000000E+037
   9.90000000000000       3.137472000000000E+037
   9.95000000000000       2.768454000000000E+037
   10.0000000000000       2.442492000000000E+037
   10.0500000000000       2.154929400000000E+037
   10.1000000000000       1.901016000000000E+037
   10.1500000000000       1.676867400000000E+037
   10.2000000000000       1.479043800000000E+037
   10.2500000000000       1.304456400000000E+037
   10.3000000000000       1.150367400000000E+037
   10.3500000000000       1.014413400000000E+037
   10.4000000000000       8.944649999999999E+036
   10.4500000000000       7.886268000000000E+036
   10.5000000000000       6.952842000000001E+036
   10.5500000000000       6.129162000000000E+036
   10.6000000000000       5.402826000000001E+036
   10.6500000000000       4.762134000000000E+036
   10.7000000000000       4.197258000000000E+036
   10.7500000000000       3.699072000000000E+036
   10.8000000000000       3.259620000000000E+036
   10.8500000000000       2.872350000000000E+036
   10.9000000000000       2.530944000000000E+036
   10.9500000000000       2.229856200000000E+036
   11.0000000000000       1.964476800000000E+036
   11.0500000000000       1.730570400000000E+036
   11.1000000000000       1.524416400000000E+036
   11.1500000000000       1.342738800000000E+036
   11.2000000000000       1.182612600000000E+036
   11.2500000000000       1.041534000000000E+036
   11.3000000000000       9.172332000000000E+035
   11.3500000000000       8.076977999999999E+035
   11.4000000000000       7.111962000000000E+035
   11.4500000000000       6.262074000000000E+035
   11.5000000000000       5.513274000000001E+035
   11.5500000000000       4.853628000000000E+035
   11.6000000000000       4.272606000000000E+035
   11.6500000000000       3.761082000000000E+035
   11.7000000000000       3.310632000000000E+035
   11.7500000000000       2.913768000000000E+035
   11.8000000000000       2.564406000000000E+035
   11.8500000000000       2.256813000000000E+035
   11.9000000000000       1.986004800000000E+035
   11.9500000000000       1.747582200000000E+035
   12.0000000000000       1.537684200000000E+035
   12.0500000000000       1.352941200000000E+035
   12.1000000000000       1.190311200000000E+035
   12.1500000000000       1.047173400000000E+035
   12.2000000000000       9.212112000000001E+034
   12.2500000000000       8.103420000000000E+034
   12.3000000000000       7.127640000000001E+034
   12.3500000000000       6.269328000000000E+034
   12.4000000000000       5.513976000000000E+034
   12.4500000000000       4.849182000000000E+034
   12.5000000000000       4.264416000000000E+034
   12.5500000000000       3.750084000000000E+034
   12.6000000000000       3.297528000000000E+034
   12.6500000000000       2.899494000000000E+034
   12.7000000000000       2.549430000000000E+034
   12.7500000000000       2.241345600000000E+034
   12.8000000000000       1.970467200000000E+034
   12.8500000000000       1.732255200000000E+034
   12.9000000000000       1.522755000000000E+034
   12.9500000000000       1.338526800000000E+034
   13.0000000000000       1.176528600000000E+034
   13.0500000000000       1.034092800000000E+034
   13.1000000000000       9.088325999999999E+033
   13.1500000000000       7.987356000000000E+033
   13.2000000000000       7.019298000000000E+033
   13.2500000000000       6.168240000000000E+033
   13.3000000000000       5.420376000000000E+033
   13.3500000000000       4.762602000000000E+033
   13.4000000000000       4.184622000000000E+033
   13.4500000000000       3.676608000000000E+033
   13.5000000000000       3.230136000000000E+033
   13.5500000000000       2.837718000000000E+033
   13.6000000000000       2.493036000000000E+033
   13.6500000000000       2.189959200000000E+033
   13.7000000000000       1.923667200000000E+033
   13.7500000000000       1.689690600000000E+033
   13.8000000000000       1.484121600000000E+033
   13.8500000000000       1.303497000000000E+033
   13.9000000000000       1.144798200000000E+033
   13.9500000000000       1.005381000000000E+033
   14.0000000000000       8.829054000000001E+032
   14.0500000000000       7.753356000000001E+032
   14.1000000000000       6.808230000000000E+032
   14.1500000000000       5.977998000000000E+032
   14.2000000000000       5.249088000000000E+032
   14.2500000000000       4.608630000000000E+032
   14.3000000000000       4.046328000000000E+032
   14.3500000000000       3.552354000000000E+032
   14.4000000000000       3.118518000000000E+032
   14.4500000000000       2.737800000000000E+032
   14.5000000000000       2.403180000000000E+032
   14.5500000000000       2.109533400000000E+032
   14.6000000000000       1.851665400000000E+032
   14.6500000000000       1.625270400000000E+032
   14.7000000000000       1.426487400000000E+032
   14.7500000000000       1.251970200000000E+032
   14.8000000000000       1.098770400000000E+032
   14.8500000000000       9.642672000000000E+031
   14.9000000000000       8.462141999999999E+031
   14.9500000000000       7.425756000000001E+031
   15.0000000000000       6.516198000000000E+031
   15.0500000000000       5.717790000000000E+031
   15.1000000000000       5.016960000000001E+031
   15.1500000000000       4.401774000000000E+031
   15.2000000000000       3.862170000000000E+031
   15.2500000000000       3.388320000000000E+031
   15.3000000000000       2.972736000000000E+031
   15.3500000000000       2.607930000000000E+031
   15.4000000000000       2.287747800000000E+031
   15.4500000000000       2.006854200000000E+031
   15.5000000000000       1.760405400000000E+031
   15.5500000000000       1.544166000000000E+031
   15.6000000000000       1.354438800000000E+031
   15.6500000000000       1.187971200000000E+031
   15.7000000000000       1.041931800000000E+031
   15.7500000000000       9.138402000000000E+030
   15.8000000000000       8.014499999999999E+030
   15.8500000000000       7.028658000000000E+030
   15.9000000000000       6.163794000000000E+030
   15.9500000000000       5.405166000000000E+030
   16.0000000000000       4.739904000000000E+030
   16.0500000000000       4.156308000000000E+030
   16.1000000000000       3.644316000000000E+030
   16.1500000000000       3.195504000000000E+030
   16.2000000000000       2.801682000000000E+030
   16.2500000000000       2.456532000000000E+030
   16.3000000000000       2.153712600000000E+030
   16.3500000000000       1.888192800000000E+030
   16.4000000000000       1.655362800000000E+030
   16.4500000000000       1.451174400000000E+030
   16.5000000000000       1.272164400000000E+030
   16.5500000000000       1.115173800000000E+030
   16.6000000000000       9.775350000000000E+029
   16.6500000000000       8.568611999999999E+029
   16.7000000000000       7.510698000000000E+029
   16.7500000000000       6.583122000000001E+029
   16.8000000000000       5.769972000000000E+029
   16.8500000000000       5.057208000000000E+029
   16.9000000000000       4.432194000000000E+029
   16.9500000000000       3.884400000000000E+029
   17.0000000000000       3.404232000000000E+029
   17.0500000000000       2.983266000000000E+029
   17.1000000000000       2.614482000000000E+029
   17.1500000000000       2.290977000000000E+029
   17.2000000000000       2.007556200000000E+029
   17.2500000000000       1.759141800000000E+029
   17.3000000000000       1.541404800000000E+029
   17.3500000000000       1.350601200000000E+029
   17.4000000000000       1.183384800000000E+029
   17.4500000000000       1.036830600000000E+029
   17.5000000000000       9.084113999999999E+028
   17.5500000000000       7.958808000000000E+028
   17.6000000000000       6.972498000000000E+028
   17.6500000000000       6.108570000000001E+028
   17.7000000000000       5.351346000000000E+028
   17.7500000000000       4.687956000000000E+028
   17.8000000000000       4.106700000000000E+028
   17.8500000000000       3.597282000000000E+028
   17.9000000000000       3.151044000000000E+028
   17.9500000000000       2.760264000000000E+028
   18.0000000000000       2.417688000000000E+028
   18.0500000000000       2.117606400000000E+028
   18.1000000000000       1.854754200000000E+028
   18.1500000000000       1.624498200000000E+028
   18.2000000000000       1.422766800000000E+028
   18.2500000000000       1.246073400000000E+028
   18.3000000000000       1.091282400000000E+028
   18.3500000000000       9.557261999999999E+027
   18.4000000000000       8.369712000000000E+027
   18.4500000000000       7.329348000000000E+027
   18.5000000000000       6.418386000000000E+027
   18.5500000000000       5.620446000000001E+027
   18.6000000000000       4.921722000000000E+027
   18.6500000000000       4.309578000000000E+027
   18.7000000000000       3.773484000000000E+027
   18.7500000000000       3.304080000000000E+027
   18.8000000000000       2.892942000000000E+027
   18.8500000000000       2.533050000000000E+027
   18.9000000000000       2.217758400000000E+027
   18.9500000000000       1.941685200000000E+027
   19.0000000000000       1.699939800000000E+027
   19.0500000000000       1.488263400000000E+027
   19.1000000000000       1.302912000000000E+027
   19.1500000000000       1.140633000000000E+027
   19.2000000000000       9.985247999999999E+026
   19.2500000000000       8.741304000000000E+026
   19.3000000000000       7.651800000000000E+026
   19.3500000000000       6.698250000000001E+026
   19.4000000000000       5.863338000000001E+026
   19.4500000000000       5.132322000000000E+026
   19.5000000000000       4.492332000000000E+026
   19.5500000000000       3.932136000000000E+026
   19.6000000000000       3.441672000000000E+026
   19.6500000000000       3.012282000000000E+026
   19.7000000000000       2.636478000000000E+026
   19.7500000000000       2.307497400000000E+026
   19.8000000000000       2.019537000000000E+026
   19.8500000000000       1.767448800000000E+026
   19.9000000000000       1.546810200000000E+026
   19.9500000000000       1.353690000000000E+026
   20.0000000000000       1.184648400000000E+026
   20.0500000000000       1.036690200000000E+026
   20.1000000000000       9.072180000000001E+025
   20.1500000000000       7.938684000000000E+025
   20.2000000000000       6.946758000000000E+025
   20.2500000000000       6.078852000000000E+025
   20.3000000000000       5.319054000000001E+025
   20.3500000000000       4.654260000000000E+025
   20.4000000000000       4.072536000000000E+025
   20.4500000000000       3.563352000000000E+025
   20.5000000000000       3.117816000000000E+025
   20.5500000000000       2.727738000000000E+025
   20.6000000000000       2.386566000000000E+025
   20.6500000000000       2.088075600000000E+025
   20.7000000000000       1.826838000000000E+025
   20.7500000000000       1.598243400000000E+025
   20.8000000000000       1.398243600000000E+025
   20.8500000000000       1.223235000000000E+025
   20.9000000000000       1.070105400000000E+025
   20.9500000000000       9.361404000000002E+024
   21.0000000000000       8.189298000000001E+024
   21.0500000000000       7.163910000000001E+024
   21.1000000000000       6.266754000000001E+024
   21.1500000000000       5.481684000000001E+024
   21.2000000000000       4.795128000000002E+024
   21.2500000000000       4.194216000000002E+024
   21.3000000000000       3.668652000000002E+024
   21.3500000000000       3.209076000000002E+024
   21.4000000000000       2.806830000000002E+024
   21.4500000000000       2.454894000000002E+024
   21.5000000000000       2.147230800000001E+024
   21.5500000000000       1.878013800000002E+024
   21.6000000000000       1.642516200000002E+024
   21.6500000000000       1.436526000000002E+024
   21.7000000000000       1.256369400000002E+024
   21.7500000000000       1.098770400000002E+024
   21.8000000000000       9.609210000000016E+023
   21.8500000000000       8.403642000000016E+023
   21.9000000000000       7.349004000000017E+023
   21.9500000000000       6.426810000000016E+023
   22.0000000000000       5.620212000000016E+023
   22.0500000000000       4.914702000000016E+023
   22.1000000000000       4.297644000000016E+023
   22.1500000000000       3.758040000000015E+023
   22.2000000000000       3.286296000000016E+023
   22.2500000000000       2.873520000000016E+023
   22.3000000000000       2.512692000000015E+023
   22.3500000000000       2.197026000000016E+023
   22.4000000000000       1.921023000000016E+023
   22.4500000000000       1.679675400000016E+023
   22.5000000000000       1.468607400000016E+023
   22.5500000000000       1.284051600000016E+023
   22.6000000000000       1.122685200000016E+023
   22.6500000000000       9.815598000000157E+022
   22.7000000000000       8.581716000000161E+022
   22.7500000000000       7.502976000000159E+022
   22.8000000000000       6.559488000000159E+022
   22.8500000000000       5.734638000000157E+022
   22.9000000000000       5.013450000000160E+022
   22.9500000000000       4.382820000000160E+022
   23.0000000000000       3.831516000000160E+022
   23.0500000000000       3.349710000000160E+022
   23.1000000000000       2.928276000000160E+022
   23.1500000000000       2.559726000000160E+022
   23.2000000000000       2.237625000000159E+022
   23.2500000000000       1.956006000000159E+022
   23.3000000000000       1.709814600000159E+022
   23.3500000000000       1.494581400000159E+022
   23.4000000000000       1.306445400000159E+022
   23.4500000000000       1.141943400000159E+022
   23.5000000000000       9.981738000001591E+021
   23.5500000000000       8.724690000001588E+021
   23.6000000000000       7.625826000001589E+021
   23.6500000000000       6.665256000001588E+021
   23.7000000000000       5.825664000001589E+021
   23.7500000000000       5.091840000001589E+021
   23.8000000000000       4.450212000001589E+021
   23.8500000000000       3.889548000001589E+021
   23.9000000000000       3.399318000001589E+021
   23.9500000000000       2.971098000001589E+021
   24.0000000000000       2.596464000001589E+021
   24.0500000000000       2.269238400001589E+021
   24.1000000000000       1.983173400001589E+021
   24.1500000000000       1.733144400001588E+021
   24.2000000000000       1.514611800001589E+021
   24.2500000000000       1.323621000001588E+021
   24.3000000000000       1.156708800001588E+021
   24.3500000000000       1.010809800001588E+021
   24.4000000000000       8.833266000015884E+020
   24.4500000000000       7.718958000015885E+020
   24.5000000000000       6.745050000015884E+020
   24.5500000000000       5.893992000015885E+020
   24.6000000000000       5.150340000015885E+020
   24.6500000000000       4.500522000015886E+020
   24.7000000000000       3.932370000015886E+020
   24.7500000000000       3.436056000015885E+020
   24.8000000000000       3.002454000015885E+020
   24.8500000000000       2.623374000015885E+020
   24.9000000000000       2.292193800015885E+020
   24.9500000000000       2.002782600015885E+020
   25.0000000000000       1.749898800015885E+020
