  0.000000000000000E+000  0.000000000000000E+000
  5.000000000000000E-002  2.829859424030166E+049
  0.100000000000000       1.117295324172830E+050
  0.150000000000000       2.509268148304742E+050
  0.200000000000000       4.613940252283600E+050
  0.250000000000000       7.472843404966328E+050
  0.300000000000000       1.116429467516794E+051
  0.350000000000000       1.558623900503273E+051
  0.400000000000000       2.063879859575389E+051
  0.450000000000000       2.616628390944439E+051
  0.500000000000000       3.198964040233907E+051
  0.550000000000000       3.803293689364234E+051
  0.600000000000000       4.416812130316676E+051
  0.650000000000000       5.030345290865912E+051
  0.700000000000000       5.632171012621644E+051
  0.750000000000000       6.216436927897856E+051
  0.800000000000000       6.774877614919606E+051
  0.850000000000000       7.302883579474953E+051
  0.900000000000000       7.798913958331285E+051
  0.950000000000000       8.259382245606437E+051
   1.00000000000000       8.681365010949921E+051
   1.05000000000000       9.062665806083552E+051
   1.10000000000000       9.403251676079208E+051
   1.15000000000000       9.695777439682271E+051
   1.20000000000000       9.945811936411979E+051
   1.25000000000000       1.015537478705093E+052
   1.30000000000000       1.032388775436187E+052
   1.35000000000000       1.045199478059999E+052
   1.40000000000000       1.054127268393464E+052
   1.45000000000000       1.059576879303131E+052
   1.50000000000000       1.061651874138429E+052
   1.55000000000000       1.060441928418720E+052
   1.60000000000000       1.056162300277480E+052
   1.65000000000000       1.048912728762507E+052
   1.70000000000000       1.039016510424282E+052
   1.75000000000000       1.026555146554402E+052
   1.80000000000000       1.011778659443875E+052
   1.85000000000000       9.948601151964860E+051
   1.90000000000000       9.761280088076049E+051
   1.95000000000000       9.557286929601175E+051
   2.00000000000000       9.336903416056537E+051
   2.05000000000000       9.103634103292271E+051
   2.10000000000000       8.858961699438183E+051
   2.15000000000000       8.602551281905756E+051
   2.20000000000000       8.339962860324893E+051
   2.25000000000000       8.071194351581549E+051
   2.30000000000000       7.796710214107742E+051
   2.35000000000000       7.519683140856127E+051
   2.40000000000000       7.239295352391215E+051
   2.45000000000000       6.957238922952807E+051
   2.50000000000000       6.677161292978454E+051
   2.55000000000000       6.398681256672764E+051
   2.60000000000000       6.122023005851094E+051
   2.65000000000000       5.848443629694738E+051
   2.70000000000000       5.579398542632389E+051
   2.75000000000000       5.314297396172138E+051
   2.80000000000000       5.056627530342598E+051
   2.85000000000000       4.806352824288284E+051
   2.90000000000000       4.562975056738075E+051
   2.95000000000000       4.325959204644611E+051
   3.00000000000000       4.095714924126259E+051
   3.05000000000000       3.873995865934368E+051
   3.10000000000000       3.660404179461716E+051
   3.15000000000000       3.454122094769699E+051
   3.20000000000000       3.256780152107514E+051
   3.25000000000000       3.069173459074294E+051
   3.30000000000000       2.888629894844525E+051
   3.35000000000000       2.715338763003756E+051
   3.40000000000000       2.549767137589145E+051
   3.45000000000000       2.392824231942914E+051
   3.50000000000000       2.244199093023252E+051
   3.55000000000000       2.102077612008665E+051
   3.60000000000000       1.966641490082978E+051
   3.65000000000000       1.837584087251498E+051
   3.70000000000000       1.715794909827982E+051
   3.75000000000000       1.603279875673960E+051
   3.80000000000000       1.496644334919292E+051
   3.85000000000000       1.397419572863126E+051
   3.90000000000000       1.303831191997460E+051
   3.95000000000000       1.216001379907391E+051
   4.00000000000000       1.133313420858210E+051
   4.05000000000000       1.054820347941423E+051
   4.10000000000000       9.805815257905723E+050
   4.15000000000000       9.107933006540196E+050
   4.20000000000000       8.449188247043625E+050
   4.25000000000000       7.840504518702097E+050
   4.30000000000000       7.289404550553694E+050
   4.35000000000000       6.783101812121967E+050
   4.40000000000000       6.309428201645961E+050
   4.45000000000000       5.865043659031525E+050
   4.50000000000000       5.449929741355790E+050
   4.55000000000000       5.056403927305478E+050
   4.60000000000000       4.690089170872271E+050
   4.65000000000000       4.343113582973380E+050
   4.70000000000000       4.016493368387492E+050
   4.75000000000000       3.710202241379495E+050
   4.80000000000000       3.448207609476961E+050
   4.85000000000000       3.202355491756406E+050
   4.90000000000000       2.947797068416648E+050
   4.95000000000000       2.744789228738809E+050
   5.00000000000000       2.554562215862524E+050
   5.05000000000000       2.375815869499919E+050
   5.10000000000000       2.205966220544274E+050
   5.15000000000000       2.045317720889658E+050
   5.20000000000000       1.893175184399184E+050
   5.25000000000000       1.751576351763792E+050
   5.30000000000000       1.625439106246832E+050
   5.35000000000000       1.511272711496075E+050
   5.40000000000000       1.406620135341776E+050
   5.45000000000000       1.309297096564478E+050
   5.50000000000000       1.219049628780779E+050
   5.55000000000000       1.133003471012734E+050
   5.60000000000000       1.051605149638150E+050
   5.65000000000000       9.746638565015941E+049
   5.70000000000000       9.027091496105197E+049
   5.75000000000000       8.363125312791563E+049
   5.80000000000000       7.727786188109779E+049
   5.85000000000000       7.186459426627903E+049
   5.90000000000000       6.690432385993787E+049
   5.95000000000000       6.237958671645453E+049
   6.00000000000000       5.816737983382211E+049
   6.05000000000000       5.414064708451790E+049
   6.10000000000000       5.030015098558684E+049
   6.15000000000000       4.657171478582709E+049
   6.20000000000000       4.316363377359959E+049
   6.25000000000000       4.006468856124291E+049
   6.30000000000000       3.704505891781454E+049
   6.35000000000000       3.444542137821035E+049
   6.40000000000000       3.216092304307988E+049
   6.45000000000000       2.997671101378713E+049
   6.50000000000000       2.804202715778599E+049
   6.55000000000000       2.618872844616653E+049
   6.60000000000000       2.436999816007891E+049
   6.65000000000000       2.266902754197133E+049
   6.70000000000000       2.105614947054707E+049
   6.75000000000000       1.951597015062069E+049
   6.80000000000000       1.810531292958522E+049
   6.85000000000000       1.682804548298161E+049
   6.90000000000000       1.578610887598492E+049
   6.95000000000000       1.480599888935732E+049
   7.00000000000000       1.387665390092402E+049
   7.05000000000000       1.300290388916223E+049
   7.10000000000000       1.215070597918801E+049
   7.15000000000000       1.136738754649747E+049
   7.20000000000000       1.061224329778786E+049
   7.25000000000000       9.883210795800938E+048
   7.30000000000000       9.220315143771275E+048
   7.35000000000000       8.598703652812717E+048
   7.40000000000000       8.080956897796265E+048
   7.45000000000000       7.638472213802286E+048
   7.50000000000000       7.213790129951484E+048
   7.55000000000000       6.809544298538508E+048
   7.60000000000000       6.431746182939344E+048
   7.65000000000000       6.081471718415198E+048
   7.70000000000000       5.730029688258003E+048
   7.75000000000000       5.400769522379375E+048
   7.80000000000000       5.099987914199643E+048
   7.85000000000000       4.813264784269439E+048
   7.90000000000000       4.546035760459000E+048
   7.95000000000000       4.355062711012958E+048
   8.00000000000000       4.167892177790018E+048
   8.05000000000000       3.987494037678252E+048
   8.10000000000000       3.825413127380172E+048
   8.15000000000000       3.673049882234686E+048
   8.20000000000000       3.526265655050042E+048
   8.25000000000000       3.380652206259388E+048
   8.30000000000000       3.247625398180132E+048
   8.35000000000000       3.117689706772869E+048
   8.40000000000000       2.995230392089895E+048
   8.45000000000000       2.891930529269220E+048
   8.50000000000000       2.811815640871732E+048
   8.55000000000000       2.736238412632291E+048
   8.60000000000000       2.662801606989408E+048
   8.65000000000000       2.595773822965007E+048
   8.70000000000000       2.530582135207490E+048
   8.75000000000000       2.465683329544470E+048
   8.80000000000000       2.401639034168843E+048
   8.85000000000000       2.340707270543982E+048
   8.90000000000000       2.279218885339679E+048
   8.95000000000000       2.222251706372355E+048
   9.00000000000000       2.170480953481084E+048
   9.05000000000000       2.128604017310395E+048
   9.10000000000000       2.088348066548935E+048
   9.15000000000000       2.048465730408067E+048
   9.20000000000000       2.009005181302076E+048
   9.25000000000000       1.969549893526646E+048
   9.30000000000000       1.929155350458420E+048
   9.35000000000000       1.888916407294802E+048
   9.40000000000000       1.848444055314943E+048
   9.45000000000000       1.806827594191819E+048
   9.50000000000000       1.769281182014564E+048
   9.55000000000000       1.730154137627321E+048
   9.60000000000000       1.694881153245689E+048
   9.65000000000000       1.660762155198176E+048
   9.70000000000000       1.626679471556293E+048
   9.75000000000000       1.592236219822892E+048
   9.80000000000000       1.557367081067175E+048
   9.85000000000000       1.522148366630036E+048
   9.90000000000000       1.486439509541940E+048
   9.95000000000000       1.446595169498825E+048
   10.0000000000000       1.411039283517901E+048
   10.0500000000000       1.377296690983088E+048
   10.1000000000000       1.343350536304265E+048
   10.1500000000000       1.309815254720499E+048
   10.2000000000000       1.276625966957646E+048
   10.2500000000000       1.244209277915616E+048
   10.3000000000000       1.212016491577122E+048
   10.3500000000000       1.179985433701500E+048
   10.4000000000000       1.145497365997735E+048
   10.4500000000000       1.113528840615644E+048
   10.5000000000000       1.081762918978656E+048
   10.5500000000000       1.051012190779695E+048
   10.6000000000000       1.020799926179236E+048
   10.6500000000000       9.908791031318763E+047
   10.7000000000000       9.613067511906600E+047
   10.7500000000000       9.327879698835039E+047
   10.8000000000000       9.040074922369723E+047
   10.8500000000000       8.764328157138387E+047
   10.9000000000000       8.491771687258499E+047
   10.9500000000000       8.223788916354074E+047
   11.0000000000000       7.959107995989369E+047
   11.0500000000000       7.657045839799986E+047
   11.1000000000000       7.404637357856504E+047
   11.1500000000000       7.157117505649161E+047
   11.2000000000000       6.914366279234278E+047
   11.2500000000000       6.680374255791139E+047
   11.3000000000000       6.449485892692262E+047
   11.3500000000000       6.230351082070812E+047
   11.4000000000000       6.005489443903594E+047
   11.4500000000000       5.797205530729190E+047
   11.5000000000000       5.593377623829136E+047
   11.5500000000000       5.390217789836301E+047
   11.6000000000000       5.194543550044717E+047
   11.6500000000000       5.005717798422460E+047
   11.7000000000000       4.821522655805059E+047
   11.7500000000000       4.642402165505145E+047
   11.8000000000000       4.467926171436647E+047
   11.8500000000000       4.293669798702663E+047
   11.9000000000000       4.130351234957724E+047
   11.9500000000000       3.972065919534096E+047
   12.0000000000000       3.818315314815816E+047
   12.0500000000000       3.668820985384588E+047
   12.1000000000000       3.523398701027182E+047
   12.1500000000000       3.382753741581094E+047
   12.2000000000000       3.246161423157710E+047
   12.2500000000000       3.113853962659646E+047
   12.3000000000000       2.985730020355865E+047
   12.3500000000000       2.861257699887544E+047
   12.4000000000000       2.741414325756229E+047
   12.4500000000000       2.624992512458540E+047
   12.5000000000000       2.513359366591752E+047
   12.5500000000000       2.405442863428170E+047
   12.6000000000000       2.301107763057613E+047
   12.6500000000000       2.198232618331535E+047
   12.7000000000000       2.101095195277257E+047
   12.7500000000000       2.007404089421586E+047
   12.8000000000000       1.915384391749686E+047
   12.8500000000000       1.828437548957681E+047
   12.9000000000000       1.744606147366524E+047
   12.9500000000000       1.664027319980028E+047
   13.0000000000000       1.586618846872582E+047
   13.0500000000000       1.512192609060618E+047
   13.1000000000000       1.440672324680080E+047
   13.1500000000000       1.371855247371270E+047
   13.2000000000000       1.305698601702961E+047
   13.2500000000000       1.242299881500699E+047
   13.3000000000000       1.181469212325808E+047
   13.3500000000000       1.122981635531253E+047
   13.4000000000000       1.067026368313339E+047
   13.4500000000000       1.013437655674142E+047
   13.5000000000000       9.610997162872073E+046
   13.5500000000000       9.113756351899021E+046
   13.6000000000000       8.645810242795516E+046
   13.6500000000000       8.198814147756513E+046
   13.7000000000000       7.770740645356841E+046
   13.7500000000000       7.362265542063027E+046
   13.8000000000000       6.972713030194224E+046
   13.8500000000000       6.600393591364411E+046
   13.9000000000000       6.245645127894487E+046
   13.9500000000000       5.907386346973993E+046
   14.0000000000000       5.585145010939516E+046
   14.0500000000000       5.277444847326445E+046
   14.1000000000000       4.984633824046318E+046
   14.1500000000000       4.707123570256794E+046
   14.2000000000000       4.443264617599859E+046
   14.2500000000000       4.192583901149392E+046
   14.3000000000000       3.954473194573766E+046
   14.3500000000000       3.728459432934034E+046
   14.4000000000000       3.514069551281273E+046
   14.4500000000000       3.310695323252567E+046
   14.5000000000000       3.117998845264760E+046
   14.5500000000000       2.935371890904262E+046
   14.6000000000000       2.762379343480503E+046
   14.6500000000000       2.598764566101995E+046
   14.7000000000000       2.444071409576367E+046
   14.7500000000000       2.297758259840495E+046
   14.8000000000000       2.159554794093681E+046
   14.8500000000000       2.028987947435124E+046
   14.9000000000000       1.905652235663900E+046
   14.9500000000000       1.789344916678924E+046
   15.0000000000000       1.679592925578906E+046
   15.0500000000000       1.576058358862288E+046
   15.1000000000000       1.478538474427149E+046
   15.1500000000000       1.386620802600350E+046
   15.2000000000000       1.300049925900310E+046
   15.2500000000000       1.218615182400274E+046
   15.3000000000000       1.141911087900243E+046
   15.3500000000000       1.069802481000216E+046
   15.4000000000000       1.001951458200192E+046
   15.4500000000000       9.381552774001711E+045
   15.5000000000000       8.782111965001210E+045
   15.5500000000000       8.219164734001135E+045
   15.6000000000000       7.690683660001062E+045
   15.6500000000000       7.193965515000993E+045
   15.7000000000000       6.728131749900926E+045
   15.7500000000000       6.290884620900865E+045
   15.8000000000000       5.880804933300806E+045
   15.8500000000000       5.496203169600750E+045
   15.9000000000000       5.135660135100697E+045
   15.9500000000000       4.797756635100648E+045
   16.0000000000000       4.481141055600601E+045
   16.0500000000000       4.184529363300557E+045
   16.1000000000000       3.906840267000516E+045
   16.1500000000000       3.646789733400477E+045
   16.2000000000000       3.403431632700441E+045
   16.2500000000000       3.175684673700406E+045
   16.3000000000000       2.962602726600376E+045
   16.3500000000000       2.763374823000346E+045
   16.4000000000000       2.577054833100318E+045
   16.4500000000000       2.402831788500292E+045
   16.5000000000000       2.240097462900268E+045
   16.5500000000000       2.087973307200245E+045
   16.6000000000000       1.945851095100224E+045
   16.6500000000000       1.813190181000205E+045
   16.7000000000000       1.689247177200186E+045
   16.7500000000000       1.573549018800168E+045
   16.8000000000000       1.465555060200153E+045
   16.8500000000000       1.364792236500139E+045
   16.9000000000000       1.270787482800126E+045
   16.9500000000000       1.183135314900114E+045
   17.0000000000000       1.101295087200103E+045
   17.0500000000000       1.025064057600093E+045
   17.1000000000000       9.539691612000845E+044
   17.1500000000000       8.876724945000757E+044
   17.2000000000000       8.259037347000677E+044
   17.2500000000000       7.683925590000609E+044
   17.3000000000000       7.147334832000541E+044
   17.3500000000000       6.647845878300485E+044
   17.4000000000000       6.182620339500429E+044
   17.4500000000000       5.749292891100382E+044
   17.5000000000000       5.345836112100338E+044
   17.5500000000000       4.970222581500299E+044
   17.6000000000000       4.620627620400265E+044
   17.6500000000000       4.295091388500233E+044
   17.7000000000000       3.992262271800204E+044
   17.7500000000000       3.710383172100180E+044
   17.8000000000000       3.448102475400157E+044
   17.8500000000000       3.204136148400137E+044
   17.9000000000000       2.977200157800120E+044
   17.9500000000000       2.766078051000104E+044
   18.0000000000000       2.569756117500082E+044
   18.0500000000000       2.387220646800072E+044
   18.1000000000000       2.217457928400063E+044
   18.1500000000000       2.059589413200055E+044
   18.2000000000000       1.912804132800048E+044
   18.2500000000000       1.776426280200041E+044
   18.3000000000000       1.649644887000036E+044
   18.3500000000000       1.531784146200031E+044
   18.4000000000000       1.422235831500026E+044
   18.4500000000000       1.320459297300023E+044
   18.5000000000000       1.225846317300020E+044
   18.5500000000000       1.137991407300016E+044
   18.6000000000000       1.056353921700014E+044
   18.6500000000000       9.805283763000115E+043
   18.7000000000000       9.100417062000095E+043
   18.7500000000000       8.446235886000081E+043
   18.8000000000000       7.838009586000068E+043
   18.8500000000000       7.273710741000054E+043
   18.9000000000000       6.749352089700046E+043
   18.9500000000000       6.262500726900038E+043
   19.0000000000000       5.810521005300031E+043
   19.0500000000000       5.390777277600025E+043
   19.1000000000000       5.001106961400020E+043
   19.1500000000000       4.639279893600016E+043
   19.2000000000000       4.303471395300012E+043
   19.2500000000000       3.991789206900002E+043
   19.3000000000000       3.702408649500001E+043
   19.3500000000000       3.433842947700001E+043
   19.4000000000000       3.184605326100001E+043
   19.4500000000000       2.953276590000001E+043
   19.5000000000000       2.738640286800001E+043
   19.5500000000000       2.539479963900001E+043
   19.6000000000000       2.354646749400000E+043
   19.6500000000000       2.183194513500000E+043
   19.7000000000000       2.024109545700000E+043
   19.7500000000000       1.876580877600000E+043
   19.8000000000000       1.739662379400000E+043
   19.8500000000000       1.612678244100000E+043
   19.9000000000000       1.494885084000000E+043
   19.9500000000000       1.385607092100000E+043
   20.0000000000000       1.284303622800000E+043
   20.0500000000000       1.190298869100000E+043
   20.1000000000000       1.103187346800000E+043
   20.1500000000000       1.022360829600000E+043
   20.2000000000000       9.474138333000001E+042
   20.2500000000000       8.779408737000000E+042
   20.3000000000000       8.134688859000000E+042
   20.3500000000000       7.537951278000001E+042
   20.4000000000000       6.983789538000000E+042
   20.4500000000000       6.470514121500000E+042
   20.5000000000000       5.994678412800000E+042
   20.5500000000000       5.553579183900000E+042
   20.6000000000000       5.144648368200001E+042
   20.6500000000000       4.765723383300000E+042
   20.7000000000000       4.414438904700000E+042
   20.7500000000000       4.088902672800001E+042
   20.8000000000000       3.787222428000000E+042
   20.8500000000000       3.507641072100000E+042
   20.9000000000000       3.248604249000000E+042
   20.9500000000000       3.008557602600000E+042
   21.0000000000000       2.786081938200000E+042
   21.0500000000000       2.580028383900000E+042
   21.1000000000000       2.389112906400000E+042
   21.1500000000000       2.212186633800000E+042
   21.2000000000000       2.048303436300000E+042
   21.2500000000000       1.896517184100000E+042
   21.3000000000000       1.755881747400000E+042
   21.3500000000000       1.625653738500000E+042
   21.4000000000000       1.504954608300000E+042
   21.4500000000000       1.393243711200000E+042
   21.5000000000000       1.289710078800000E+042
   21.5500000000000       1.193880646200000E+042
   21.6000000000000       1.105079606400000E+042
   21.6500000000000       1.022833894500000E+042
   21.7000000000000       9.467380263000000E+041
   21.7500000000000       8.762513562000000E+041
   21.8000000000000       8.109684000000000E+041
   21.8500000000000       7.505512542000001E+041
   21.9000000000000       6.945268539000000E+041
   21.9500000000000       6.427532796300000E+041
   22.0000000000000       5.947777407000000E+041
   22.0500000000000       5.503772208000001E+041
   22.1000000000000       5.092611229200001E+041
   22.1500000000000       4.712064307500000E+041
   22.2000000000000       4.359833699100000E+041
   22.2500000000000       4.033824402300000E+041
   22.3000000000000       3.731941415400001E+041
   22.3500000000000       3.452630382300000E+041
   22.4000000000000       3.194066624100000E+041
   22.4500000000000       2.954763365400000E+041
   22.5000000000000       2.733368992200000E+041
   22.5500000000000       2.528396729100000E+041
   22.6000000000000       2.338765284900000E+041
   22.6500000000000       2.163325787700000E+041
   22.7000000000000       2.000861784900000E+041
   22.7500000000000       1.850629888800000E+041
   22.8000000000000       1.711616388900000E+041
   22.8500000000000       1.583010316800000E+041
   22.9000000000000       1.464000704100000E+041
   22.9500000000000       1.353844163100000E+041
   23.0000000000000       1.252000048200000E+041
   23.0500000000000       1.157724971700000E+041
   23.1000000000000       1.070545868700000E+041
   23.1500000000000       9.899220936000001E+040
   23.2000000000000       9.153130008000000E+040
   23.2500000000000       8.463131061000000E+040
   23.3000000000000       7.825169253000000E+040
   23.3500000000000       7.234513935000001E+040
   23.4000000000000       6.688732201800000E+040
   23.4500000000000       6.183904372800000E+040
   23.5000000000000       5.716786574400001E+040
   23.5500000000000       5.284878320700000E+040
   23.6000000000000       4.885543964400001E+040
   23.6500000000000       4.516147858200000E+040
   23.7000000000000       4.174595000400000E+040
   23.7500000000000       3.858722808600000E+040
   23.8000000000000       3.566774184600000E+040
   23.8500000000000       3.296721707400000E+040
   23.9000000000000       3.047078601600000E+040
   23.9500000000000       2.816155349700000E+040
   24.0000000000000       2.602735499100000E+040
   24.0500000000000       2.405399855100000E+040
   24.1000000000000       2.222999545800000E+040
   24.1500000000000       2.054385699300000E+040
   24.2000000000000       1.898477024400000E+040
   24.2500000000000       1.754327391300000E+040
   24.3000000000000       1.621125831600000E+040
   24.3500000000000       1.497993796200000E+040
   24.4000000000000       1.384187897400000E+040
   24.4500000000000       1.278964747500000E+040
   24.5000000000000       1.181716120200000E+040
   24.5500000000000       1.091833789200000E+040
   24.6000000000000       1.008777108900000E+040
   24.6500000000000       9.320054337000000E+039
   24.7000000000000       8.610456987000001E+039
   24.7500000000000       7.954248390000001E+039
   24.8000000000000       7.348725318000001E+039
   24.8500000000000       6.788481315000000E+039
   24.9000000000000       6.271083475800000E+039
   24.9500000000000       5.792950023300000E+039
   25.0000000000000       5.351107406700000E+039
