  0.000000000000000E+000  0.000000000000000E+000
  5.000000000000000E-002  5.837041378915236E+049
  0.100000000000000       2.271353379895029E+050
  0.150000000000000       5.055906667590044E+050
  0.200000000000000       9.007227756368624E+050
  0.250000000000000       1.420200009424013E+051
  0.300000000000000       2.064531278142385E+051
  0.350000000000000       2.816039999509728E+051
  0.400000000000000       3.661109319460791E+051
  0.450000000000000       4.580852948550141E+051
  0.500000000000000       5.553680119091789E+051
  0.550000000000000       6.556803573213213E+051
  0.600000000000000       7.577961397369235E+051
  0.650000000000000       8.602711378638667E+051
  0.700000000000000       9.621141249590059E+051
  0.750000000000000       1.061587659284014E+052
  0.800000000000000       1.157679051421514E+052
  0.850000000000000       1.249534758677999E+052
  0.900000000000000       1.336481537251944E+052
  0.950000000000000       1.417808623550501E+052
   1.00000000000000       1.493514112064378E+052
   1.05000000000000       1.563329948706811E+052
   1.10000000000000       1.627108550561722E+052
   1.15000000000000       1.684480015429917E+052
   1.20000000000000       1.734842545342340E+052
   1.25000000000000       1.778528403481992E+052
   1.30000000000000       1.814948391477380E+052
   1.35000000000000       1.844950434556434E+052
   1.40000000000000       1.868588129871629E+052
   1.45000000000000       1.886106119833857E+052
   1.50000000000000       1.897621097527961E+052
   1.55000000000000       1.903662447718262E+052
   1.60000000000000       1.904390084968889E+052
   1.65000000000000       1.899932449755782E+052
   1.70000000000000       1.891085046262188E+052
   1.75000000000000       1.877385552880476E+052
   1.80000000000000       1.859617321047321E+052
   1.85000000000000       1.837816433478887E+052
   1.90000000000000       1.812571322985536E+052
   1.95000000000000       1.784167176011044E+052
   2.00000000000000       1.752770111781747E+052
   2.05000000000000       1.718607979902860E+052
   2.10000000000000       1.682153779050758E+052
   2.15000000000000       1.643695946379475E+052
   2.20000000000000       1.603386631277007E+052
   2.25000000000000       1.561464090617778E+052
   2.30000000000000       1.518053593858695E+052
   2.35000000000000       1.473770789125419E+052
   2.40000000000000       1.428544153996093E+052
   2.45000000000000       1.382968059239817E+052
   2.50000000000000       1.337031903143283E+052
   2.55000000000000       1.290710197694595E+052
   2.60000000000000       1.244297842707278E+052
   2.65000000000000       1.197923372813486E+052
   2.70000000000000       1.151743828480166E+052
   2.75000000000000       1.106054147276471E+052
   2.80000000000000       1.060982533780898E+052
   2.85000000000000       1.016505770466537E+052
   2.90000000000000       9.728846101692736E+051
   2.95000000000000       9.300536987572731E+051
   3.00000000000000       8.881525257378038E+051
   3.05000000000000       8.471692542288369E+051
   3.10000000000000       8.072374787072711E+051
   3.15000000000000       7.686971326856853E+051
   3.20000000000000       7.312431550776170E+051
   3.25000000000000       6.949971914841740E+051
   3.30000000000000       6.600411677642456E+051
   3.35000000000000       6.262462037949850E+051
   3.40000000000000       5.936905113480702E+051
   3.45000000000000       5.624210612259385E+051
   3.50000000000000       5.323472665275719E+051
   3.55000000000000       5.033930471822122E+051
   3.60000000000000       4.758530551550201E+051
   3.65000000000000       4.495801806261412E+051
   3.70000000000000       4.244179849007904E+051
   3.75000000000000       4.002913393961362E+051
   3.80000000000000       3.772768117275440E+051
   3.85000000000000       3.553796382983827E+051
   3.90000000000000       3.346982487339920E+051
   3.95000000000000       3.150397451436825E+051
   4.00000000000000       2.962446203777321E+051
   4.05000000000000       2.782884928128070E+051
   4.10000000000000       2.611777666548168E+051
   4.15000000000000       2.451592691217468E+051
   4.20000000000000       2.302690354811609E+051
   4.25000000000000       2.161139779134047E+051
   4.30000000000000       2.029141051519785E+051
   4.35000000000000       1.904514883423859E+051
   4.40000000000000       1.787844771605465E+051
   4.45000000000000       1.677175774532797E+051
   4.50000000000000       1.572775125582029E+051
   4.55000000000000       1.473398788750140E+051
   4.60000000000000       1.379174887469146E+051
   4.65000000000000       1.290453375597370E+051
   4.70000000000000       1.205883955361935E+051
   4.75000000000000       1.127675144624934E+051
   4.80000000000000       1.056112760275841E+051
   4.85000000000000       9.910798623293886E+050
   4.90000000000000       9.195742872213634E+050
   4.95000000000000       8.645469438603933E+050
   5.00000000000000       8.120230002623230E+050
   5.05000000000000       7.622837632121524E+050
   5.10000000000000       7.148094589880559E+050
   5.15000000000000       6.705382855497678E+050
   5.20000000000000       6.278805170346250E+050
   5.25000000000000       5.869067939034911E+050
   5.30000000000000       5.475023969151230E+050
   5.35000000000000       5.132277769866586E+050
   5.40000000000000       4.818897662096226E+050
   5.45000000000000       4.524712209992624E+050
   5.50000000000000       4.250908220577228E+050
   5.55000000000000       3.990985198925151E+050
   5.60000000000000       3.745291165418698E+050
   5.65000000000000       3.514114535298681E+050
   5.70000000000000       3.293867922793741E+050
   5.75000000000000       3.084184215567938E+050
   5.80000000000000       2.883761516460529E+050
   5.85000000000000       2.688352558921173E+050
   5.90000000000000       2.511699105794693E+050
   5.95000000000000       2.357817959583753E+050
   6.00000000000000       2.214145005731395E+050
   6.05000000000000       2.082281761027969E+050
   6.10000000000000       1.956618731087004E+050
   6.15000000000000       1.838035784649683E+050
   6.20000000000000       1.728184758812174E+050
   6.25000000000000       1.621356289118564E+050
   6.30000000000000       1.521233054992121E+050
   6.35000000000000       1.423876500627529E+050
   6.40000000000000       1.332237566532659E+050
   6.45000000000000       1.242860551374210E+050
   6.50000000000000       1.163789339165482E+050
   6.55000000000000       1.095093850737265E+050
   6.60000000000000       1.031917942792588E+050
   6.65000000000000       9.728806768297949E+049
   6.70000000000000       9.180371609171299E+049
   6.75000000000000       8.647410958885804E+049
   6.80000000000000       8.149238167539003E+049
   6.85000000000000       7.669350324654759E+049
   6.90000000000000       7.204949717131573E+049
   6.95000000000000       6.763163115755999E+049
   7.00000000000000       6.337756610966312E+049
   7.05000000000000       5.934370097745193E+049
   7.10000000000000       5.583901421518804E+049
   7.15000000000000       5.281314887134329E+049
   7.20000000000000       5.001428101048171E+049
   7.25000000000000       4.744270038810371E+049
   7.30000000000000       4.499568191615024E+049
   7.35000000000000       4.262483578782571E+049
   7.40000000000000       4.029806336822950E+049
   7.45000000000000       3.811179213448352E+049
   7.50000000000000       3.601949049151815E+049
   7.55000000000000       3.398105805066489E+049
   7.60000000000000       3.196169228334397E+049
   7.65000000000000       3.011997366669920E+049
   7.70000000000000       2.865293313520736E+049
   7.75000000000000       2.732975590823496E+049
   7.80000000000000       2.613462511125005E+049
   7.85000000000000       2.499621234609098E+049
   7.90000000000000       2.389889701367514E+049
   7.95000000000000       2.283233492927618E+049
   8.00000000000000       2.181968120947299E+049
   8.05000000000000       2.085718883674956E+049
   8.10000000000000       1.990156068174961E+049
   8.15000000000000       1.897380714084028E+049
   8.20000000000000       1.809678141421307E+049
   8.25000000000000       1.729308573808687E+049
   8.30000000000000       1.665815100922312E+049
   8.35000000000000       1.608749851180957E+049
   8.40000000000000       1.557320959022793E+049
   8.45000000000000       1.507510590829838E+049
   8.50000000000000       1.459229287839795E+049
   8.55000000000000       1.414449248098550E+049
   8.60000000000000       1.370589307798719E+049
   8.65000000000000       1.327514982182109E+049
   8.70000000000000       1.285252706096667E+049
   8.75000000000000       1.244457230728859E+049
   8.80000000000000       1.204464046289154E+049
   8.85000000000000       1.168148186138049E+049
   8.90000000000000       1.138254502968093E+049
   8.95000000000000       1.111636023438364E+049
   9.00000000000000       1.087729466209655E+049
   9.05000000000000       1.064280195957042E+049
   9.10000000000000       1.041854701539779E+049
   9.15000000000000       1.019651833049700E+049
   9.20000000000000       9.976600572341900E+048
   9.25000000000000       9.754892920242162E+048
   9.30000000000000       9.535060259826166E+048
   9.35000000000000       9.310461300001966E+048
   9.40000000000000       9.089141273429311E+048
   9.45000000000000       8.893681415710743E+048
   9.50000000000000       8.702593632332891E+048
   9.55000000000000       8.526976927283657E+048
   9.60000000000000       8.371992994097876E+048
   9.65000000000000       8.216351258328712E+048
   9.70000000000000       8.061779275800706E+048
   9.75000000000000       7.903795465317139E+048
   9.80000000000000       7.743857611935395E+048
   9.85000000000000       7.582298091254917E+048
   9.90000000000000       7.417161636410767E+048
   9.95000000000000       7.247648472263396E+048
   10.0000000000000       7.081732545337485E+048
   10.0500000000000       6.925572957841342E+048
   10.1000000000000       6.764301511739117E+048
   10.1500000000000       6.612878501753310E+048
   10.2000000000000       6.468392550079746E+048
   10.2500000000000       6.328501253872107E+048
   10.3000000000000       6.187542416136103E+048
   10.3500000000000       6.045156214074830E+048
   10.4000000000000       5.902426866123449E+048
   10.4500000000000       5.758441351654032E+048
   10.5000000000000       5.613402516048926E+048
   10.5500000000000       5.467762669541194E+048
   10.6000000000000       5.324263245179108E+048
   10.6500000000000       5.187206376573784E+048
   10.7000000000000       5.046477825720946E+048
   10.7500000000000       4.910846742055281E+048
   10.8000000000000       4.779414525352854E+048
   10.8500000000000       4.651580343656621E+048
   10.9000000000000       4.526087418333047E+048
   10.9500000000000       4.401087505886289E+048
   11.0000000000000       4.277212184196392E+048
   11.0500000000000       4.153915792619470E+048
   11.1000000000000       4.032245360926726E+048
   11.1500000000000       3.904852706994830E+048
   11.2000000000000       3.787755357700659E+048
   11.2500000000000       3.674156441095946E+048
   11.3000000000000       3.562138502164385E+048
   11.3500000000000       3.452071909520023E+048
   11.4000000000000       3.344450896905019E+048
   11.4500000000000       3.238511174680185E+048
   11.5000000000000       3.137310234041009E+048
   11.5500000000000       3.037952232674928E+048
   11.6000000000000       2.940478209013021E+048
   11.6500000000000       2.840652424353593E+048
   11.7000000000000       2.746948676925927E+048
   11.7500000000000       2.655627643448146E+048
   11.8000000000000       2.567001066258134E+048
   11.8500000000000       2.480840357927758E+048
   11.9000000000000       2.396860701708092E+048
   11.9500000000000       2.314754215205685E+048
   12.0000000000000       2.234921883444056E+048
   12.0500000000000       2.157403241049178E+048
   12.1000000000000       2.082403764782472E+048
   12.1500000000000       2.009978550552447E+048
   12.2000000000000       1.939234518241054E+048
   12.2500000000000       1.870082229374095E+048
   12.3000000000000       1.802068073294588E+048
   12.3500000000000       1.730673658623001E+048
   12.4000000000000       1.667974189756677E+048
   12.4500000000000       1.607066885239250E+048
   12.5000000000000       1.548239809304833E+048
   12.5500000000000       1.491287251634370E+048
   12.6000000000000       1.435745870172486E+048
   12.6500000000000       1.382535353816980E+048
   12.7000000000000       1.331296678979616E+048
   12.7500000000000       1.281838481709629E+048
   12.8000000000000       1.234068504578105E+048
   12.8500000000000       1.187725534103985E+048
   12.9000000000000       1.142922181564217E+048
   12.9500000000000       1.097538201456945E+048
   13.0000000000000       1.055654888559885E+048
   13.0500000000000       1.015207225051806E+048
   13.1000000000000       9.760161249622141E+047
   13.1500000000000       9.376272106156543E+047
   13.2000000000000       9.010995320473001E+047
   13.2500000000000       8.656870603982686E+047
   13.3000000000000       8.310553175007384E+047
   13.3500000000000       7.982269117248952E+047
   13.4000000000000       7.661866414019800E+047
   13.4500000000000       7.357429288659695E+047
   13.5000000000000       7.062216352252139E+047
   13.5500000000000       6.777586014704437E+047
   13.6000000000000       6.503091247853172E+047
   13.6500000000000       6.238123466208658E+047
   13.7000000000000       5.982224363739000E+047
   13.7500000000000       5.735305818000009E+047
   13.8000000000000       5.497400527458391E+047
   13.8500000000000       5.267805821064071E+047
   13.9000000000000       5.046143934558267E+047
   13.9500000000000       4.833038946053610E+047
   14.0000000000000       4.627812965322754E+047
   14.0500000000000       4.430956674533196E+047
   14.1000000000000       4.241129465040856E+047
   14.1500000000000       4.057069919152548E+047
   14.2000000000000       3.881159263834964E+047
   14.2500000000000       3.711735807996745E+047
   14.3000000000000       3.548664252371592E+047
   14.3500000000000       3.388522455647651E+047
   14.4000000000000       3.237868854134302E+047
   14.4500000000000       3.092891852804846E+047
   14.5000000000000       2.953523826586131E+047
   14.5500000000000       2.815699933418185E+047
   14.6000000000000       2.687480792585139E+047
   14.6500000000000       2.564438276765389E+047
   14.7000000000000       2.446320806340637E+047
   14.7500000000000       2.332934476508326E+047
   14.8000000000000       2.224082113005204E+047
   14.8500000000000       2.119757629006051E+047
   14.9000000000000       2.019690695221987E+047
   14.9500000000000       1.923566778526882E+047
   15.0000000000000       1.831625975222252E+047
   15.0500000000000       1.743537262356348E+047
   15.1000000000000       1.659165476385252E+047
   15.1500000000000       1.578308564468728E+047
   15.2000000000000       1.500783050230665E+047
   15.2500000000000       1.426819061698120E+047
   15.3000000000000       1.354714109113894E+047
   15.3500000000000       1.287283273051935E+047
   15.4000000000000       1.222825987300760E+047
   15.4500000000000       1.161207090397914E+047
   15.5000000000000       1.102359001566975E+047
   15.5500000000000       1.046214140013157E+047
   15.6000000000000       9.926373442170937E+046
   15.6500000000000       9.414934526258675E+046
   15.7000000000000       8.927148843396974E+046
   15.7500000000000       8.462340583916290E+046
   15.8000000000000       8.017829091335870E+046
   15.8500000000000       7.593921363666439E+046
   15.9000000000000       7.191801632312094E+046
   15.9500000000000       6.808884063839952E+046
   16.0000000000000       6.445392857270736E+046
   16.0500000000000       6.099472632251010E+046
   16.1000000000000       5.770447581731150E+046
   16.1500000000000       5.457777060045770E+046
   16.2000000000000       5.160650098731873E+046
   16.2500000000000       4.878323309989417E+046
   16.3000000000000       4.610323628798890E+046
   16.3500000000000       4.355975248003880E+046
   16.4000000000000       4.114475887266698E+046
   16.4500000000000       3.885429628571036E+046
   16.5000000000000       3.668172274026725E+046
   16.5500000000000       3.462384574891002E+046
   16.6000000000000       3.267480638674247E+046
   16.6500000000000       3.082646226745532E+046
   16.7000000000000       2.907746177704119E+046
   16.7500000000000       2.742172265249172E+046
   16.8000000000000       2.585451424479740E+046
   16.8500000000000       2.437110590494725E+046
   16.9000000000000       2.296947021192854E+046
   16.9500000000000       2.164284909572620E+046
   17.0000000000000       2.038921513532225E+046
   17.0500000000000       1.920440751900012E+046
   17.1000000000000       1.808527112700011E+046
   17.1500000000000       1.702830897900009E+046
   17.2000000000000       1.603014204000009E+046
   17.2500000000000       1.508739127500008E+046
   17.3000000000000       1.419802926300007E+046
   17.3500000000000       1.335867696900006E+046
   17.4000000000000       1.256730697200005E+046
   17.4500000000000       1.182054023700005E+046
   17.5000000000000       1.111634934300005E+046
   17.5500000000000       1.045270686900004E+046
   17.6000000000000       9.827585394000036E+045
   17.6500000000000       9.238281690000033E+045
   17.7000000000000       8.682768336000029E+045
   17.7500000000000       8.159693718000021E+045
   17.8000000000000       7.667706222000021E+045
   17.8500000000000       7.203426813000020E+045
   17.9000000000000       6.767531298000014E+045
   17.9500000000000       6.356370319200016E+045
   18.0000000000000       5.969808715200012E+045
   18.0500000000000       5.606089387800010E+045
   18.1000000000000       5.263928303700009E+045
   18.1500000000000       4.942109010300008E+045
   18.2000000000000       4.639550216400007E+045
   18.2500000000000       4.354900308000006E+045
   18.3000000000000       4.087483478100006E+045
   18.3500000000000       3.836015693400005E+045
   18.4000000000000       3.599685985500004E+045
   18.4500000000000       3.377615805300003E+045
   18.5000000000000       3.168926603700003E+045
   18.5500000000000       2.972942573700003E+045
   18.6000000000000       2.788785166200002E+045
   18.6500000000000       2.615846154900002E+045
   18.7000000000000       2.453382152100001E+045
   18.7500000000000       2.300920092900001E+045
   18.8000000000000       2.157649008900002E+045
   18.8500000000000       2.023230996600001E+045
   18.9000000000000       1.897057829700001E+045
   18.9500000000000       1.778521281900001E+045
   19.0000000000000       1.667351030400001E+045
   19.0500000000000       1.563006429600001E+045
   19.1000000000000       1.465081995300001E+045
   19.1500000000000       1.373239824000000E+045
   19.2000000000000       1.287006850800000E+045
   19.2500000000000       1.206180333600000E+045
   19.3000000000000       1.130354788200000E+045
   19.3500000000000       1.059192311100000E+045
   19.4000000000000       9.924225794999999E+044
   19.4500000000000       9.298428513000001E+044
   19.5000000000000       8.711828037000001E+044
   19.5500000000000       8.161721139000002E+044
   19.6000000000000       7.645404591000001E+044
   19.6500000000000       7.162202585999999E+044
   19.7000000000000       6.708330604800000E+044
   19.7500000000000       6.283180421100000E+044
   19.8000000000000       5.884657033200001E+044
   19.8500000000000       5.511206085000000E+044
   19.9000000000000       5.161070478300000E+044
   19.9500000000000       4.832966179800001E+044
   20.0000000000000       4.525541575500001E+044
   20.0500000000000       4.237377470700000E+044
   20.1000000000000       3.967460154900000E+044
   20.1500000000000       3.714438014100000E+044
   20.2000000000000       3.477500079900001E+044
   20.2500000000000       3.255497480400000E+044
   20.3000000000000       3.047416505100000E+044
   20.3500000000000       2.852648927700000E+044
   20.4000000000000       2.670113457000000E+044
   20.4500000000000       2.499134286000000E+044
   20.5000000000000       2.339035607700000E+044
   20.5500000000000       2.189074034400000E+044
   20.6000000000000       2.048641339800000E+044
   20.6500000000000       1.917129297600000E+044
   20.7000000000000       1.793997262200000E+044
   20.7500000000000       1.678704588000000E+044
   20.8000000000000       1.570710629400000E+044
   20.8500000000000       1.469609902200000E+044
   20.9000000000000       1.374996922200000E+044
   20.9500000000000       1.286398624500000E+044
   21.0000000000000       1.203477105600000E+044
   21.0500000000000       1.125826881300000E+044
   21.1000000000000       1.053177628800000E+044
   21.1500000000000       9.851238639000000E+043
   21.2000000000000       9.214628445000000E+043
   21.2500000000000       8.618566671000001E+043
   21.3000000000000       8.061025896000000E+043
   21.3500000000000       7.539302892000000E+043
   21.4000000000000       7.050694431000000E+043
   21.4500000000000       6.594051641100000E+043
   21.5000000000000       6.166400971500000E+043
   21.5500000000000       5.766323227500001E+043
   21.6000000000000       5.391926149500000E+043
   21.6500000000000       5.041790542800000E+043
   21.7000000000000       4.714091728500000E+043
   21.7500000000000       4.407613254000000E+043
   21.8000000000000       4.120868343900001E+043
   21.8500000000000       3.852572964900000E+043
   21.9000000000000       3.601713406500000E+043
   21.9500000000000       3.367005635400000E+043
   22.0000000000000       3.147571102500000E+043
   22.0500000000000       2.942193355200000E+043
   22.1000000000000       2.750196586500000E+043
   22.1500000000000       2.570634666600000E+043
   22.2000000000000       2.402696627100000E+043
   22.2500000000000       2.245706661000000E+043
   22.3000000000000       2.098853799900000E+043
   22.3500000000000       1.961529817500000E+043
   22.4000000000000       1.833126487500000E+043
   22.4500000000000       1.713103164300000E+043
   22.5000000000000       1.600851621600000E+043
   22.5500000000000       1.495898794500000E+043
   22.6000000000000       1.397839198800000E+043
   22.6500000000000       1.306132188900000E+043
   22.7000000000000       1.220372280600000E+043
   22.7500000000000       1.140221570400000E+043
   22.8000000000000       1.065342154800000E+043
   22.8500000000000       9.952609689000002E+042
   22.9000000000000       9.298428513000001E+042
   22.9500000000000       8.686823178000001E+042
   23.0000000000000       8.115090456000000E+042
   23.0500000000000       7.580527119000001E+042
   23.1000000000000       7.081105746000001E+042
   23.1500000000000       6.614393431800000E+042
   23.2000000000000       6.178227594000001E+042
   23.2500000000000       5.770715973000000E+042
   23.3000000000000       5.389831147800000E+042
   23.3500000000000       5.033951181600000E+042
   23.4000000000000       4.701521718300000E+042
   23.4500000000000       4.390785659700000E+042
   23.5000000000000       4.100594133900000E+042
   23.5500000000000       3.829392784800000E+042
   23.6000000000000       3.576032740500000E+042
   23.6500000000000       3.339297548400000E+042
   23.7000000000000       3.118173498000000E+042
   23.7500000000000       2.911646878800000E+042
   23.8000000000000       2.718703980300000E+042
   23.8500000000000       2.538466253400000E+042
   23.9000000000000       2.370055149000000E+042
   23.9500000000000       2.212794860100000E+042
   24.0000000000000       2.065941999000000E+042
   24.0500000000000       1.928753178000000E+042
   24.1000000000000       1.800687751500000E+042
   24.1500000000000       1.681002331800000E+042
   24.2000000000000       1.569223854000000E+042
   24.2500000000000       1.464879253200000E+042
   24.3000000000000       1.367427883800000E+042
   24.3500000000000       1.276396680900000E+042
   24.4000000000000       1.191447741000000E+042
   24.4500000000000       1.112040418500000E+042
   24.5000000000000       1.037971971300000E+042
   24.5500000000000       9.687693344999999E+041
   24.6000000000000       9.041621853000000E+041
   24.6500000000000       8.438802009000001E+041
   24.7000000000000       7.875854778000000E+041
   24.7500000000000       7.350076932000001E+041
   24.8000000000000       6.858765243000001E+041
   24.8500000000000       6.400906000500000E+041
   24.9000000000000       5.973120169500000E+041
   24.9500000000000       5.573853393900001E+041
   25.0000000000000       5.201145833400000E+041
