  0.000000000000000E+000  0.000000000000000E+000
  5.000000000000000E-002  9.239580147962354E+049
  0.100000000000000       3.541541963295217E+050
  0.150000000000000       7.879692373729400E+050
  0.200000000000000       1.386092474363085E+051
  0.250000000000000       2.170416596768861E+051
  0.300000000000000       3.112501714294246E+051
  0.350000000000000       4.212334674312292E+051
  0.400000000000000       5.436898591652367E+051
  0.450000000000000       6.769595113414628E+051
  0.500000000000000       8.177550181615061E+051
  0.550000000000000       9.639712510486241E+051
  0.600000000000000       1.112908285399444E+052
  0.650000000000000       1.262985280092823E+052
  0.700000000000000       1.412731920256077E+052
  0.750000000000000       1.560527395556360E+052
  0.800000000000000       1.705053248963957E+052
  0.850000000000000       1.844368323321413E+052
  0.900000000000000       1.977911935821967E+052
  0.950000000000000       2.104452632119976E+052
   1.00000000000000       2.223063377174543E+052
   1.05000000000000       2.333653367666832E+052
   1.10000000000000       2.436158583090977E+052
   1.15000000000000       2.530458321399987E+052
   1.20000000000000       2.616342337127882E+052
   1.25000000000000       2.693299975579710E+052
   1.30000000000000       2.761000101737098E+052
   1.35000000000000       2.819386400821613E+052
   1.40000000000000       2.868264246867698E+052
   1.45000000000000       2.908115026745935E+052
   1.50000000000000       2.939380573860173E+052
   1.55000000000000       2.962498862362856E+052
   1.60000000000000       2.977552513763149E+052
   1.65000000000000       2.984988945247867E+052
   1.70000000000000       2.985198369402389E+052
   1.75000000000000       2.978452142337464E+052
   1.80000000000000       2.965793319082404E+052
   1.85000000000000       2.946599695202485E+052
   1.90000000000000       2.922296458361328E+052
   1.95000000000000       2.892219559005743E+052
   2.00000000000000       2.857238597051665E+052
   2.05000000000000       2.817410247640930E+052
   2.10000000000000       2.773844708902140E+052
   2.15000000000000       2.726524399054192E+052
   2.20000000000000       2.675930036490333E+052
   2.25000000000000       2.622100754861708E+052
   2.30000000000000       2.565865588846224E+052
   2.35000000000000       2.507143993540224E+052
   2.40000000000000       2.446396630784166E+052
   2.45000000000000       2.383765790523444E+052
   2.50000000000000       2.319734246999080E+052
   2.55000000000000       2.254374226854447E+052
   2.60000000000000       2.188317281449191E+052
   2.65000000000000       2.122089237639689E+052
   2.70000000000000       2.055433720169839E+052
   2.75000000000000       1.988567492700742E+052
   2.80000000000000       1.921748206812142E+052
   2.85000000000000       1.854951034327219E+052
   2.90000000000000       1.788440612558876E+052
   2.95000000000000       1.722608347412900E+052
   3.00000000000000       1.657364464378825E+052
   3.05000000000000       1.593291214656936E+052
   3.10000000000000       1.530263354671975E+052
   3.15000000000000       1.468258269501626E+052
   3.20000000000000       1.407409302841054E+052
   3.25000000000000       1.347931942146566E+052
   3.30000000000000       1.290039122376441E+052
   3.35000000000000       1.233717305335849E+052
   3.40000000000000       1.178972684218774E+052
   3.45000000000000       1.125593451975352E+052
   3.50000000000000       1.073717614798632E+052
   3.55000000000000       1.023361315951130E+052
   3.60000000000000       9.750100094373977E+051
   3.65000000000000       9.283477303005751E+051
   3.70000000000000       8.834900708115154E+051
   3.75000000000000       8.402595390805762E+051
   3.80000000000000       7.987036709076336E+051
   3.85000000000000       7.588918714558454E+051
   3.90000000000000       7.205810955323581E+051
   3.95000000000000       6.836457329588152E+051
   4.00000000000000       6.483953490332403E+051
   4.05000000000000       6.149946190054365E+051
   4.10000000000000       5.829819935436531E+051
   4.15000000000000       5.522789504407282E+051
   4.20000000000000       5.230324442666531E+051
   4.25000000000000       4.950002404725463E+051
   4.30000000000000       4.683838049463668E+051
   4.35000000000000       4.432420032983166E+051
   4.40000000000000       4.193477304154337E+051
   4.45000000000000       3.964327357222860E+051
   4.50000000000000       3.745929399963666E+051
   4.55000000000000       3.536185932907189E+051
   4.60000000000000       3.336926317851552E+051
   4.65000000000000       3.154044587945587E+051
   4.70000000000000       2.981055880373863E+051
   4.75000000000000       2.816262592216478E+051
   4.80000000000000       2.662423949402362E+051
   4.85000000000000       2.515902965714476E+051
   4.90000000000000       2.352647160908163E+051
   4.95000000000000       2.228718647054922E+051
   5.00000000000000       2.110943386182882E+051
   5.05000000000000       1.997220281602884E+051
   5.10000000000000       1.888177931886311E+051
   5.15000000000000       1.784111925142514E+051
   5.20000000000000       1.684214122329013E+051
   5.25000000000000       1.588488830289151E+051
   5.30000000000000       1.500788345028085E+051
   5.35000000000000       1.418033154008696E+051
   5.40000000000000       1.342155875194986E+051
   5.45000000000000       1.270843891273441E+051
   5.50000000000000       1.202712803004678E+051
   5.55000000000000       1.138019196964782E+051
   5.60000000000000       1.076849449280532E+051
   5.65000000000000       1.018368744197134E+051
   5.70000000000000       9.617944566558636E+050
   5.75000000000000       9.091871619681772E+050
   5.80000000000000       8.583161663808492E+050
   5.85000000000000       8.084474616355493E+050
   5.90000000000000       7.609175688305528E+050
   5.95000000000000       7.180739753761907E+050
   6.00000000000000       6.794573369225415E+050
   6.05000000000000       6.431468853132746E+050
   6.10000000000000       6.092166993312149E+050
   6.15000000000000       5.767391843869742E+050
   6.20000000000000       5.463654516347360E+050
   6.25000000000000       5.175057917621161E+050
   6.30000000000000       4.899639300780474E+050
   6.35000000000000       4.636818451376506E+050
   6.40000000000000       4.385032570845521E+050
   6.45000000000000       4.136823457024878E+050
   6.50000000000000       3.903216185603954E+050
   6.55000000000000       3.678578264573508E+050
   6.60000000000000       3.481326243962390E+050
   6.65000000000000       3.298715748385354E+050
   6.70000000000000       3.130373862093709E+050
   6.75000000000000       2.967746662487332E+050
   6.80000000000000       2.819574572955645E+050
   6.85000000000000       2.681543501596291E+050
   6.90000000000000       2.548742022071835E+050
   6.95000000000000       2.420016480090406E+050
   7.00000000000000       2.296294628738382E+050
   7.05000000000000       2.178480706933971E+050
   7.10000000000000       2.061505734088835E+050
   7.15000000000000       1.953492650085323E+050
   7.20000000000000       1.849835815335608E+050
   7.25000000000000       1.756934598716423E+050
   7.30000000000000       1.670735009927958E+050
   7.35000000000000       1.593330099063094E+050
   7.40000000000000       1.517013270257274E+050
   7.45000000000000       1.451013180966243E+050
   7.50000000000000       1.387167676283848E+050
   7.55000000000000       1.325342280969589E+050
   7.60000000000000       1.264907748429997E+050
   7.65000000000000       1.207818100447720E+050
   7.70000000000000       1.150309710176491E+050
   7.75000000000000       1.097204267488392E+050
   7.80000000000000       1.045414726872023E+050
   7.85000000000000       9.955963803684383E+049
   7.90000000000000       9.518134949791277E+049
   7.95000000000000       9.120566534648742E+049
   8.00000000000000       8.752741676095884E+049
   8.05000000000000       8.418247765737550E+049
   8.10000000000000       8.111097705105711E+049
   8.15000000000000       7.817222747093040E+049
   8.20000000000000       7.529092280273511E+049
   8.25000000000000       7.247543983432991E+049
   8.30000000000000       6.972410669762800E+049
   8.35000000000000       6.710653522313988E+049
   8.40000000000000       6.454171685353009E+049
   8.45000000000000       6.205314938429758E+049
   8.50000000000000       5.958199877998194E+049
   8.55000000000000       5.746943918691340E+049
   8.60000000000000       5.563117752264070E+049
   8.65000000000000       5.394625213262752E+049
   8.70000000000000       5.241455622722220E+049
   8.75000000000000       5.090781586904582E+049
   8.80000000000000       4.949779681994198E+049
   8.85000000000000       4.808536453995980E+049
   8.90000000000000       4.674043527925062E+049
   8.95000000000000       4.543010347369113E+049
   9.00000000000000       4.413666338520694E+049
   9.05000000000000       4.285738512545710E+049
   9.10000000000000       4.156687125195464E+049
   9.15000000000000       4.036803556992969E+049
   9.20000000000000       3.926034368344797E+049
   9.25000000000000       3.825137680498549E+049
   9.30000000000000       3.738293849322097E+049
   9.35000000000000       3.656563350593028E+049
   9.40000000000000       3.574587151990420E+049
   9.45000000000000       3.495990096217955E+049
   9.50000000000000       3.418886426143412E+049
   9.55000000000000       3.344531009491638E+049
   9.60000000000000       3.269823736514696E+049
   9.65000000000000       3.194019336388944E+049
   9.70000000000000       3.119152931112659E+049
   9.75000000000000       3.045585745867041E+049
   9.80000000000000       2.970955655243658E+049
   9.85000000000000       2.901820062114785E+049
   9.90000000000000       2.836283538993886E+049
   9.95000000000000       2.773221851787795E+049
   10.0000000000000       2.716387045346902E+049
   10.0500000000000       2.659730369119863E+049
   10.1000000000000       2.603616060041280E+049
   10.1500000000000       2.549823682617374E+049
   10.2000000000000       2.495343178845945E+049
   10.2500000000000       2.441216956794229E+049
   10.3000000000000       2.386512990601502E+049
   10.3500000000000       2.331551782827465E+049
   10.4000000000000       2.276985947792818E+049
   10.4500000000000       2.221918044902540E+049
   10.5000000000000       2.168194804536578E+049
   10.5500000000000       2.117595677347084E+049
   10.6000000000000       2.066871535400659E+049
   10.6500000000000       2.017694420847272E+049
   10.7000000000000       1.971372161752776E+049
   10.7500000000000       1.925512107370442E+049
   10.8000000000000       1.881236143514148E+049
   10.8500000000000       1.836967681646997E+049
   10.9000000000000       1.792694988632543E+049
   10.9500000000000       1.748798735943548E+049
   11.0000000000000       1.704789202784320E+049
   11.0500000000000       1.660798167429735E+049
   11.1000000000000       1.617345769335489E+049
   11.1500000000000       1.574831843284187E+049
   11.2000000000000       1.533502419491947E+049
   11.2500000000000       1.492939106818385E+049
   11.3000000000000       1.452589878602773E+049
   11.3500000000000       1.413848385536707E+049
   11.4000000000000       1.376592065081838E+049
   11.4500000000000       1.340498697431995E+049
   11.5000000000000       1.304998105140064E+049
   11.5500000000000       1.269799668159841E+049
   11.6000000000000       1.235162774997568E+049
   11.6500000000000       1.200875339671155E+049
   11.7000000000000       1.166890520749165E+049
   11.7500000000000       1.133528537019395E+049
   11.8000000000000       1.100997703146564E+049
   11.8500000000000       1.069270105792664E+049
   11.9000000000000       1.038204512671126E+049
   11.9500000000000       1.007398169628922E+049
   12.0000000000000       9.779392905727391E+048
   12.0500000000000       9.490764363023486E+048
   12.1000000000000       9.211823668841858E+048
   12.1500000000000       8.943718664375626E+048
   12.2000000000000       8.679957659544646E+048
   12.2500000000000       8.420714997255135E+048
   12.3000000000000       8.167026560728652E+048
   12.3500000000000       7.918250596970120E+048
   12.4000000000000       7.674715691174137E+048
   12.4500000000000       7.427860769970950E+048
   12.5000000000000       7.198122107897173E+048
   12.5500000000000       6.973435986429292E+048
   12.6000000000000       6.754731360478913E+048
   12.6500000000000       6.542593736807262E+048
   12.7000000000000       6.335617378504250E+048
   12.7500000000000       6.131598312614083E+048
   12.8000000000000       5.937100839692728E+048
   12.8500000000000       5.749097268621982E+048
   12.9000000000000       5.565466008754630E+048
   12.9500000000000       5.380572064388517E+048
   13.0000000000000       5.206478247041286E+048
   13.0500000000000       5.036087892635890E+048
   13.1000000000000       4.870557859836532E+048
   13.1500000000000       4.710846585498561E+048
   13.2000000000000       4.554644261615837E+048
   13.2500000000000       4.403223219386823E+048
   13.3000000000000       4.256566807847149E+048
   13.3500000000000       4.114053505949364E+048
   13.4000000000000       3.975472483836073E+048
   13.4500000000000       3.840799317456530E+048
   13.5000000000000       3.710302042051732E+048
   13.5500000000000       3.584960132624816E+048
   13.6000000000000       3.462933218054856E+048
   13.6500000000000       3.344393050276586E+048
   13.7000000000000       3.228704544367396E+048
   13.7500000000000       3.107194437019427E+048
   13.8000000000000       2.999311017913443E+048
   13.8500000000000       2.894335653973147E+048
   13.9000000000000       2.792704608504746E+048
   13.9500000000000       2.694422338415222E+048
   14.0000000000000       2.598778388914062E+048
   14.0500000000000       2.506938469382938E+048
   14.1000000000000       2.417891491170774E+048
   14.1500000000000       2.331773416178210E+048
   14.2000000000000       2.248600667002970E+048
   14.2500000000000       2.168358829387334E+048
   14.3000000000000       2.090696125120758E+048
   14.3500000000000       2.015390887019139E+048
   14.4000000000000       1.942043990712929E+048
   14.4500000000000       1.871307392768474E+048
   14.5000000000000       1.802861066318109E+048
   14.5500000000000       1.736585800035202E+048
   14.6000000000000       1.668089923293731E+048
   14.6500000000000       1.606286380887391E+048
   14.7000000000000       1.546497551014142E+048
   14.7500000000000       1.488706315379198E+048
   14.8000000000000       1.431917173861433E+048
   14.8500000000000       1.377810045370683E+048
   14.9000000000000       1.325640948237039E+048
   14.9500000000000       1.274448119196868E+048
   15.0000000000000       1.225949173312432E+048
   15.0500000000000       1.179004429506098E+048
   15.1000000000000       1.133613856608324E+048
   15.1500000000000       1.089709833465703E+048
   15.2000000000000       1.047316645077633E+048
   15.2500000000000       1.006061338282804E+048
   15.3000000000000       9.665371034611470E+047
   15.3500000000000       9.282965661472523E+047
   15.4000000000000       8.912970721395701E+047
   15.4500000000000       8.556375436168294E+047
   15.5000000000000       8.212422901780059E+047
   15.5500000000000       7.880010019038452E+047
   15.6000000000000       7.560162777644704E+047
   15.6500000000000       7.251575550537826E+047
   15.7000000000000       6.954785900356930E+047
   15.7500000000000       6.668200327986175E+047
   15.8000000000000       6.392156611611704E+047
   15.8500000000000       6.125978780749784E+047
   15.9000000000000       5.865144590823428E+047
   15.9500000000000       5.618220789623342E+047
   16.0000000000000       5.380419843047235E+047
   16.0500000000000       5.151403725486006E+047
   16.1000000000000       4.926231852928584E+047
   16.1500000000000       4.714320207297793E+047
   16.2000000000000       4.510247763663444E+047
   16.2500000000000       4.314033860460339E+047
   16.3000000000000       4.120240732220246E+047
   16.3500000000000       3.939409822310304E+047
   16.4000000000000       3.765733388725101E+047
   16.4500000000000       3.598882571099624E+047
   16.5000000000000       3.438587039455742E+047
   16.5500000000000       3.284401447947690E+047
   16.6000000000000       3.136561116143203E+047
   16.6500000000000       2.994667863373521E+047
   16.7000000000000       2.858451362182563E+047
   16.7500000000000       2.727776445041284E+047
   16.8000000000000       2.602195092478575E+047
   16.8500000000000       2.482083885583042E+047
   16.9000000000000       2.366906061682509E+047
   16.9500000000000       2.256532900411837E+047
   17.0000000000000       2.150494463084442E+047
   17.0500000000000       2.047373741728494E+047
   17.1000000000000       1.950633640298533E+047
   17.1500000000000       1.858053154673234E+047
   17.2000000000000       1.769459929949068E+047
   17.2500000000000       1.684786385385744E+047
   17.3000000000000       1.603762198135401E+047
   17.3500000000000       1.526319787440559E+047
   17.4000000000000       1.452256411131373E+047
   17.4500000000000       1.381504488421840E+047
   17.5000000000000       1.313928857804481E+047
   17.5500000000000       1.249326777042711E+047
   17.6000000000000       1.187765826659625E+047
   17.6500000000000       1.128909952876900E+047
   17.7000000000000       1.072541136900564E+047
   17.7500000000000       1.018989415777826E+047
   17.8000000000000       9.679037216196379E+046
   17.8500000000000       9.192356821964091E+046
   17.9000000000000       8.728653865380070E+046
   17.9500000000000       8.287252539412880E+046
   18.0000000000000       7.866125423025420E+046
   18.0500000000000       7.465272516173454E+046
   18.1000000000000       7.084018011803514E+046
   18.1500000000000       6.720402069550132E+046
   18.2000000000000       6.374627431431834E+046
   18.2500000000000       6.045612806145374E+046
   18.3000000000000       5.732614805857222E+046
   18.3500000000000       5.434229375361821E+046
   18.4000000000000       5.151048729763130E+046
   18.4500000000000       4.882068253206303E+046
   18.5000000000000       4.626473280279858E+046
   18.5500000000000       4.383651059643002E+046
   18.6000000000000       4.152790622895023E+046
   18.6500000000000       3.933689227935103E+046
   18.7000000000000       3.725603487062291E+046
   18.7500000000000       3.528060335375470E+046
   18.8000000000000       3.340519127273315E+046
   18.8500000000000       3.162574378554229E+046
   18.9000000000000       2.993685443616250E+046
   18.9500000000000       2.833514418956932E+046
   19.0000000000000       2.681453078273150E+046
   19.0500000000000       2.537318266347860E+046
   19.1000000000000       2.400669206100000E+046
   19.1500000000000       2.271252165600000E+046
   19.2000000000000       2.148458033700000E+046
   19.2500000000000       2.032084068300000E+046
   19.3000000000000       1.921859946600000E+046
   19.3500000000000       1.817380184400000E+046
   19.4000000000000       1.718442039600000E+046
   19.4500000000000       1.624775189400000E+046
   19.5000000000000       1.536041730300000E+046
   19.5500000000000       1.451971339500000E+046
   19.6000000000000       1.372428855600000E+046
   19.6500000000000       1.297143955800000E+046
   19.7000000000000       1.225846317300000E+046
   19.7500000000000       1.158400778700000E+046
   19.8000000000000       1.094537017200000E+046
   19.8500000000000       1.034187452100000E+046
   19.9000000000000       9.770141799000002E+045
   19.9500000000000       9.229496199000000E+045
   20.0000000000000       8.718586107000001E+045
   20.0500000000000       8.235384102000001E+045
   20.1000000000000       7.777862763000000E+045
   20.1500000000000       7.345346283000001E+045
   20.2000000000000       6.936483048000000E+045
   20.2500000000000       6.550326928200001E+045
   20.3000000000000       6.184985664000000E+045
   20.3500000000000       5.839715867700001E+045
   20.4000000000000       5.513436248100001E+045
   20.4500000000000       5.204997933300000E+045
   20.5000000000000       4.913454793500000E+045
   20.5500000000000       4.638131021700000E+045
   20.6000000000000       4.377877746000000E+045
   20.6500000000000       4.132019159400000E+045
   20.7000000000000       3.899811874200000E+045
   20.7500000000000       3.680377341300000E+045
   20.8000000000000       3.473174915100000E+045
   20.8500000000000       3.277461207900000E+045
   20.9000000000000       3.092627993400000E+045
   20.9500000000000       2.917999464600000E+045
   21.0000000000000       2.753170137300000E+045
   21.0500000000000       2.597531785200000E+045
   21.1000000000000       2.450476182000000E+045
   21.1500000000000       2.311733004900000E+045
   21.2000000000000       2.180694027600000E+045
   21.2500000000000       2.057021346600000E+045
   21.3000000000000       1.940309477700000E+045
   21.3500000000000       1.830085356000000E+045
   21.4000000000000       1.726078658700000E+045
   21.4500000000000       1.627816320900000E+045
   21.5000000000000       1.535163181200000E+045
   21.5500000000000       1.447713755400000E+045
   21.6000000000000       1.365197720700000E+045
   21.6500000000000       1.287344754300000E+045
   21.7000000000000       1.213816952700000E+045
   21.7500000000000       1.144479154500000E+045
   21.8000000000000       1.079061036900000E+045
   21.8500000000000       1.017359857800000E+045
   21.9000000000000       9.591728751000000E+044
   21.9500000000000       9.042297660000001E+044
   22.0000000000000       8.523953691000000E+044
   22.0500000000000       8.035345230000001E+044
   22.1000000000000       7.573769048999999E+044
   22.1500000000000       7.139225148000001E+044
   22.2000000000000       6.729077879700000E+044
   22.2500000000000       6.342178372200001E+044
   22.3000000000000       5.977377753600000E+044
   22.3500000000000       5.633391990600000E+044
   22.4000000000000       5.308937049900001E+044
   22.4500000000000       5.003066801700000E+044
   22.5000000000000       4.714564793400000E+044
   22.5500000000000       4.442552475900000E+044
   22.6000000000000       4.186151300100000E+044
   22.6500000000000       3.944347555500001E+044
   22.7000000000000       3.716397854400000E+044
   22.7500000000000       3.501491228400000E+044
   22.8000000000000       3.299019451200000E+044
   22.8500000000000       3.108036393000000E+044
   22.9000000000000       2.928068988900001E+044
   22.9500000000000       2.758306270500000E+044
   23.0000000000000       2.598410334300000E+044
   23.0500000000000       2.447705373300000E+044
   23.1000000000000       2.305650741900000E+044
   23.1500000000000       2.171705794500000E+044
   23.2000000000000       2.045600208300000E+044
   23.2500000000000       1.926658176300000E+044
   23.3000000000000       1.814609375700000E+044
   23.3500000000000       1.709048322300000E+044
   23.4000000000000       1.609501951200000E+044
   23.4500000000000       1.515767520300000E+044
   23.5000000000000       1.427439545400000E+044
   23.5500000000000       1.344180123000000E+044
   23.6000000000000       1.265786511000000E+044
   23.6500000000000       1.191920805900000E+044
   23.7000000000000       1.122312684900000E+044
   23.7500000000000       1.056759405900000E+044
   23.8000000000000       9.949906461000001E+043
   23.8500000000000       9.368036634000000E+043
   23.9000000000000       8.819957157000001E+043
   23.9500000000000       8.303640609000000E+043
   24.0000000000000       7.817735376000001E+043
   24.0500000000000       7.359538230000001E+043
   24.1000000000000       6.928373364000000E+043
   24.1500000000000       6.521943034200001E+043
   24.2000000000000       6.139368691500000E+043
   24.2500000000000       5.779028399100000E+043
   24.3000000000000       5.439705704400000E+043
   24.3500000000000       5.120184154800001E+043
   24.4000000000000       4.819247297700000E+043
   24.4500000000000       4.535949003300000E+043
   24.5000000000000       4.269140399700000E+043
   24.5500000000000       4.017875357100000E+043
   24.6000000000000       3.781410487800000E+043
   24.6500000000000       3.558664500600000E+043
   24.7000000000000       3.349029169200000E+043
   24.7500000000000       3.151558363800000E+043
   24.8000000000000       2.965779019500000E+043
   24.8500000000000       2.790812587200000E+043
   24.9000000000000       2.626118421300000E+043
   24.9500000000000       2.471020714800000E+043
   25.0000000000000       2.325046402800000E+043
