  0.000000000000000E+000  0.000000000000000E+000
  5.000000000000000E-002  2.213648624373590E+049
  0.100000000000000       8.785077159793190E+049
  0.150000000000000       1.985345906670639E+050
  0.200000000000000       3.696782563456772E+050
  0.250000000000000       6.075057345854777E+050
  0.300000000000000       9.172886427191642E+050
  0.350000000000000       1.293136581261150E+051
  0.400000000000000       1.724025440428237E+051
  0.450000000000000       2.197684674440104E+051
  0.500000000000000       2.696581924956654E+051
  0.550000000000000       3.214163216611326E+051
  0.600000000000000       3.740492416584891E+051
  0.650000000000000       4.264498292415607E+051
  0.700000000000000       4.778292900715332E+051
  0.750000000000000       5.275261087500878E+051
  0.800000000000000       5.749401086090196E+051
  0.850000000000000       6.196704425603201E+051
  0.900000000000000       6.616028721275912E+051
  0.950000000000000       7.004437483739076E+051
   1.00000000000000       7.358054312646736E+051
   1.05000000000000       7.675881439169904E+051
   1.10000000000000       7.954849005343601E+051
   1.15000000000000       8.197352838506157E+051
   1.20000000000000       8.401860894956361E+051
   1.25000000000000       8.570741839394642E+051
   1.30000000000000       8.704055850831236E+051
   1.35000000000000       8.804308396924020E+051
   1.40000000000000       8.872801918250574E+051
   1.45000000000000       8.909560413665911E+051
   1.50000000000000       8.918564427993213E+051
   1.55000000000000       8.899962591044947E+051
   1.60000000000000       8.855488897214957E+051
   1.65000000000000       8.787115977609248E+051
   1.70000000000000       8.694399015170738E+051
   1.75000000000000       8.580952664427345E+051
   1.80000000000000       8.448301183552979E+051
   1.85000000000000       8.298662606039054E+051
   1.90000000000000       8.133982713229503E+051
   1.95000000000000       7.953982980534571E+051
   2.00000000000000       7.761715683968864E+051
   2.05000000000000       7.558880929903271E+051
   2.10000000000000       7.345813272594988E+051
   2.15000000000000       7.125456463903024E+051
   2.20000000000000       6.899287347203445E+051
   2.25000000000000       6.667496806593080E+051
   2.30000000000000       6.432403346327097E+051
   2.35000000000000       6.194392829378201E+051
   2.40000000000000       5.955231680956644E+051
   2.45000000000000       5.715415703754944E+051
   2.50000000000000       5.476659876255215E+051
   2.55000000000000       5.239619099141054E+051
   2.60000000000000       5.004698022080085E+051
   2.65000000000000       4.772767244772684E+051
   2.70000000000000       4.545401109526557E+051
   2.75000000000000       4.323943830801809E+051
   2.80000000000000       4.108438880672163E+051
   2.85000000000000       3.898078515284422E+051
   2.90000000000000       3.693208272510065E+051
   2.95000000000000       3.494634245061873E+051
   3.00000000000000       3.303432854887766E+051
   3.05000000000000       3.118153887508124E+051
   3.10000000000000       2.939693434119867E+051
   3.15000000000000       2.770701191023169E+051
   3.20000000000000       2.607982663591525E+051
   3.25000000000000       2.451368378195313E+051
   3.30000000000000       2.301678691352734E+051
   3.35000000000000       2.158987984940578E+051
   3.40000000000000       2.024016503136867E+051
   3.45000000000000       1.894786497360188E+051
   3.50000000000000       1.771532761397352E+051
   3.55000000000000       1.654360990892488E+051
   3.60000000000000       1.543554773571931E+051
   3.65000000000000       1.440816782965438E+051
   3.70000000000000       1.343856102663374E+051
   3.75000000000000       1.253306048965026E+051
   3.80000000000000       1.168203793767612E+051
   3.85000000000000       1.088107390567374E+051
   3.90000000000000       1.012711057047102E+051
   3.95000000000000       9.408280594588781E+050
   4.00000000000000       8.732990527722910E+050
   4.05000000000000       8.097549564760030E+050
   4.10000000000000       7.495810329226636E+050
   4.15000000000000       6.948866809365653E+050
   4.20000000000000       6.454734009304034E+050
   4.25000000000000       5.993398875968658E+050
   4.30000000000000       5.565119202069981E+050
   4.35000000000000       5.163241415810226E+050
   4.40000000000000       4.783914797118434E+050
   4.45000000000000       4.427989585881354E+050
   4.50000000000000       4.094538223846551E+050
   4.55000000000000       3.781058007215998E+050
   4.60000000000000       3.484756269138275E+050
   4.65000000000000       3.224021677011099E+050
   4.70000000000000       2.986856497247271E+050
   4.75000000000000       2.769081086636474E+050
   4.80000000000000       2.567671941128439E+050
   4.85000000000000       2.379641187233641E+050
   4.90000000000000       2.183268776565838E+050
   4.95000000000000       2.022806568723188E+050
   5.00000000000000       1.871289557503356E+050
   5.05000000000000       1.729532640983989E+050
   5.10000000000000       1.596393148310474E+050
   5.15000000000000       1.476482985897364E+050
   5.20000000000000       1.368584862080556E+050
   5.25000000000000       1.271060021911275E+050
   5.30000000000000       1.180371427609870E+050
   5.35000000000000       1.096373546647224E+050
   5.40000000000000       1.016046816222292E+050
   5.45000000000000       9.405446448803335E+049
   5.50000000000000       8.689921636057046E+049
   5.55000000000000       8.035006399935349E+049
   5.60000000000000       7.415482003049907E+049
   5.65000000000000       6.840982052566373E+049
   5.70000000000000       6.347003248175755E+049
   5.75000000000000       5.891282003506092E+049
   5.80000000000000       5.480074786020209E+049
   5.85000000000000       5.087308029811919E+049
   5.90000000000000       4.719992173696420E+049
   5.95000000000000       4.369310966914944E+049
   6.00000000000000       4.034983387088273E+049
   6.05000000000000       3.736819684255342E+049
   6.10000000000000       3.450226560701988E+049
   6.15000000000000       3.177376583930675E+049
   6.20000000000000       2.953786912808268E+049
   6.25000000000000       2.747441632032120E+049
   6.30000000000000       2.559439498476359E+049
   6.35000000000000       2.383336492831817E+049
   6.40000000000000       2.212902825759191E+049
   6.45000000000000       2.048314583706568E+049
   6.50000000000000       1.897639750532060E+049
   6.55000000000000       1.756772143691206E+049
   6.60000000000000       1.623712490430612E+049
   6.65000000000000       1.503043437721269E+049
   6.70000000000000       1.401356532723689E+049
   6.75000000000000       1.305899748081413E+049
   6.80000000000000       1.219413576481735E+049
   6.85000000000000       1.138280032762873E+049
   6.90000000000000       1.059562687998578E+049
   6.95000000000000       9.872172081304141E+048
   7.00000000000000       9.170894518337251E+048
   7.05000000000000       8.514823251229066E+048
   7.10000000000000       7.883618580217206E+048
   7.15000000000000       7.339637584201856E+048
   7.20000000000000       6.865063405293401E+048
   7.25000000000000       6.443853376536254E+048
   7.30000000000000       6.046445159898138E+048
   7.35000000000000       5.673181385459112E+048
   7.40000000000000       5.320121826818209E+048
   7.45000000000000       4.995399724143454E+048
   7.50000000000000       4.680837479192184E+048
   7.55000000000000       4.388500620828602E+048
   7.60000000000000       4.113408866932181E+048
   7.65000000000000       3.850309639954520E+048
   7.70000000000000       3.633825563152789E+048
   7.75000000000000       3.450687314827986E+048
   7.80000000000000       3.275667505808928E+048
   7.85000000000000       3.114621330841782E+048
   7.90000000000000       2.966068124232938E+048
   7.95000000000000       2.825079956705836E+048
   8.00000000000000       2.688022401470875E+048
   8.05000000000000       2.564149527194172E+048
   8.10000000000000       2.442617525345302E+048
   8.15000000000000       2.327155972865278E+048
   8.20000000000000       2.223902007844523E+048
   8.25000000000000       2.146985980610310E+048
   8.30000000000000       2.073412397141609E+048
   8.35000000000000       2.005326782702933E+048
   8.40000000000000       1.942547943258567E+048
   8.45000000000000       1.882596781262644E+048
   8.50000000000000       1.824283342388442E+048
   8.55000000000000       1.770000445537557E+048
   8.60000000000000       1.715479584360685E+048
   8.65000000000000       1.662793779457811E+048
   8.70000000000000       1.614164909482162E+048
   8.75000000000000       1.569591259093337E+048
   8.80000000000000       1.535936298137950E+048
   8.85000000000000       1.502999111708107E+048
   8.90000000000000       1.471468015384822E+048
   8.95000000000000       1.440513029407820E+048
   9.00000000000000       1.409752104145326E+048
   9.05000000000000       1.380054951530631E+048
   9.10000000000000       1.349675594120735E+048
   9.15000000000000       1.318796158721646E+048
   9.20000000000000       1.288794510166160E+048
   9.25000000000000       1.261205309838411E+048
   9.30000000000000       1.232983768281714E+048
   9.35000000000000       1.208985035797545E+048
   9.40000000000000       1.185298063002105E+048
   9.45000000000000       1.161258842429819E+048
   9.50000000000000       1.137384511455087E+048
   9.55000000000000       1.113276280328489E+048
   9.60000000000000       1.088700502366549E+048
   9.65000000000000       1.063848659979837E+048
   9.70000000000000       1.035332522746785E+048
   9.75000000000000       1.011435602305454E+048
   9.80000000000000       9.877339189585962E+047
   9.85000000000000       9.645753129549265E+047
   9.90000000000000       9.415083095180558E+047
   9.95000000000000       9.191145810308575E+047
   10.0000000000000       8.969831200413599E+047
   10.0500000000000       8.746384115269479E+047
   10.1000000000000       8.501037475128066E+047
   10.1500000000000       8.275246670731652E+047
   10.2000000000000       8.053335353215422E+047
   10.2500000000000       7.832618769704882E+047
   10.3000000000000       7.619093189934114E+047
   10.3500000000000       7.403782728403731E+047
   10.4000000000000       7.194840887555433E+047
   10.4500000000000       6.984910522279482E+047
   10.5000000000000       6.784603442072314E+047
   10.5500000000000       6.585462688919938E+047
   10.6000000000000       6.388782612973022E+047
   10.6500000000000       6.193658420363130E+047
   10.7000000000000       6.001348239680413E+047
   10.7500000000000       5.772203988781155E+047
   10.8000000000000       5.587246958754475E+047
   10.8500000000000       5.402982012692522E+047
   10.9000000000000       5.223975445178191E+047
   10.9500000000000       5.052103437325755E+047
   11.0000000000000       4.872968418932253E+047
   11.0500000000000       4.712117390602319E+047
   11.1000000000000       4.554191840641866E+047
   11.1500000000000       4.399370073275835E+047
   11.2000000000000       4.244200134218268E+047
   11.2500000000000       4.094321033531159E+047
   11.3000000000000       3.949498870409731E+047
   11.3500000000000       3.807913779486988E+047
   11.4000000000000       3.669659061348344E+047
   11.4500000000000       3.529752292574149E+047
   11.5000000000000       3.399329044949001E+047
   11.5500000000000       3.273298288557819E+047
   11.6000000000000       3.150418549172284E+047
   11.6500000000000       3.030715679904311E+047
   11.7000000000000       2.914024647261015E+047
   11.7500000000000       2.800730205949366E+047
   11.8000000000000       2.690535173717530E+047
   11.8500000000000       2.583379918026029E+047
   11.9000000000000       2.479374382312364E+047
   11.9500000000000       2.378092565288334E+047
   12.0000000000000       2.280091567864997E+047
   12.0500000000000       2.184874074108569E+047
   12.1000000000000       2.093523975890825E+047
   12.1500000000000       2.004944395189226E+047
   12.2000000000000       1.918293086421985E+047
   12.2500000000000       1.835378198673808E+047
   12.3000000000000       1.754428695606839E+047
   12.3500000000000       1.676949869396897E+047
   12.4000000000000       1.600554763362609E+047
   12.4500000000000       1.528450122557090E+047
   12.5000000000000       1.458778304097788E+047
   12.5500000000000       1.389578582710533E+047
   12.6000000000000       1.325216742116186E+047
   12.6500000000000       1.263217428430898E+047
   12.7000000000000       1.203533383412297E+047
   12.7500000000000       1.146067997705782E+047
   12.8000000000000       1.090791073733166E+047
   12.8500000000000       1.037790755706832E+047
   12.9000000000000       9.867502652559995E+046
   12.9500000000000       9.377944475057967E+046
   13.0000000000000       8.908176156981366E+046
   13.0500000000000       8.458006215552638E+046
   13.1000000000000       8.025771245416680E+046
   13.1500000000000       7.606517977398956E+046
   13.2000000000000       7.212312840977646E+046
   13.2500000000000       6.835002877980737E+046
   13.3000000000000       6.474588088250423E+046
   13.3500000000000       6.130122341794519E+046
   13.4000000000000       5.801267734874709E+046
   13.4500000000000       5.487551202289115E+046
   13.5000000000000       5.188229355945726E+046
   13.5500000000000       4.903099453220251E+046
   13.6000000000000       4.631554031901256E+046
   13.6500000000000       4.372057970558030E+046
   13.7000000000000       4.125927749860271E+046
   13.7500000000000       3.892285926603703E+046
   13.8000000000000       3.670335564323222E+046
   13.8500000000000       3.459536017406665E+046
   13.9000000000000       3.259481801639247E+046
   13.9500000000000       3.069699852102652E+046
   14.0000000000000       2.889784684573680E+046
   14.0500000000000       2.719330814822171E+046
   14.1000000000000       2.557932758607657E+046
   14.1500000000000       2.405088978374752E+046
   14.2000000000000       2.260581657425879E+046
   14.2500000000000       2.124000649389082E+046
   14.3000000000000       1.994921099049427E+046
   14.3500000000000       1.873005102906713E+046
   14.4000000000000       1.757914757460708E+046
   14.4500000000000       1.649312159211147E+046
   14.5000000000000       1.546859404657726E+046
   14.5500000000000       1.450353751700077E+046
   14.6000000000000       1.359389716137582E+046
   14.6500000000000       1.273696975170116E+046
   14.7000000000000       1.193069677800500E+046
   14.7500000000000       1.117176551700456E+046
   14.8000000000000       1.045811332500416E+046
   14.8500000000000       9.787036974003812E+045
   14.9000000000000       9.156509043003488E+045
   14.9500000000000       8.564502111003198E+045
   15.0000000000000       8.007637143002934E+045
   15.0500000000000       7.485914139002697E+045
   15.1000000000000       6.995954064002480E+045
   15.1500000000000       6.536270142602286E+045
   15.2000000000000       6.105375599402106E+045
   15.2500000000000       5.701378174801943E+045
   15.3000000000000       5.322926254801794E+045
   15.3500000000000       4.968262741201657E+045
   15.4000000000000       4.636238762101534E+045
   15.4500000000000       4.325299961401419E+045
   15.5000000000000       4.034365047901241E+045
   15.5500000000000       3.762082407601163E+045
   15.6000000000000       3.507505910701088E+045
   15.6500000000000       3.269419104601017E+045
   15.7000000000000       3.046740698100950E+045
   15.7500000000000       2.838727303500887E+045
   15.8000000000000       2.644365210300826E+045
   15.8500000000000       2.462843450100769E+045
   15.9000000000000       2.293283473800715E+045
   15.9500000000000       2.134941893700665E+045
   16.0000000000000       1.987210483500616E+045
   16.0500000000000       1.849345855500571E+045
   16.1000000000000       1.720739783400529E+045
   16.1500000000000       1.600784040900489E+045
   16.2000000000000       1.488870401700452E+045
   16.2500000000000       1.384593381600416E+045
   16.3000000000000       1.287412335000384E+045
   16.3500000000000       1.196854197000354E+045
   16.4000000000000       1.112513483400325E+045
   16.4500000000000       1.033917129300298E+045
   16.5000000000000       9.607272312002738E+044
   16.5500000000000       8.926058856002502E+044
   16.6000000000000       8.291476083002291E+044
   16.6500000000000       7.701496572002088E+044
   16.7000000000000       7.152065481001906E+044
   16.7500000000000       6.641290550401716E+044
   16.8000000000000       6.166063068001562E+044
   16.8500000000000       5.724152870701419E+044
   16.9000000000000       5.313262214701287E+044
   16.9500000000000       4.931296098301163E+044
   17.0000000000000       4.576294681201051E+044
   17.0500000000000       4.246298123100948E+044
   17.1000000000000       3.939684487200852E+044
   17.1500000000000       3.654899417400764E+044
   17.2000000000000       3.390253396200685E+044
   17.2500000000000       3.144529971000612E+044
   17.3000000000000       2.916309947100546E+044
   17.3500000000000       2.704376871900486E+044
   17.4000000000000       2.507649454200429E+044
   17.4500000000000       2.324978822100382E+044
   17.5000000000000       2.155418845800337E+044
   17.5500000000000       1.998090976200298E+044
   17.6000000000000       1.852049083500262E+044
   17.6500000000000       1.716549780000231E+044
   17.7000000000000       1.590849678000203E+044
   17.7500000000000       1.474272970500177E+044
   17.8000000000000       1.366076269800155E+044
   17.8500000000000       1.265718930300135E+044
   17.9000000000000       1.172727887100118E+044
   17.9500000000000       1.086427333200102E+044
   18.0000000000000       1.006411784400080E+044
   18.0500000000000       9.322081758000697E+043
   18.1000000000000       8.634110232000615E+043
   18.1500000000000       7.996824231000534E+043
   18.2000000000000       7.405493106000467E+043
   18.2500000000000       6.858089436000407E+043
   18.3000000000000       6.350288056200348E+043
   18.3500000000000       5.879791222800300E+043
   18.4000000000000       5.443895707800257E+043
   18.4500000000000       5.039898283200220E+043
   18.5000000000000       4.665636366600187E+043
   18.5500000000000       4.318947375600159E+043
   18.6000000000000       3.997736308500134E+043
   18.6500000000000       3.700178486400108E+043
   18.7000000000000       3.424584391800092E+043
   18.7500000000000       3.169332087900076E+043
   18.8000000000000       2.932934799300064E+043
   18.8500000000000       2.714040912000052E+043
   18.9000000000000       2.511298812000043E+043
   18.9500000000000       2.323627208100036E+043
   19.0000000000000       2.149809647700029E+043
   19.0500000000000       1.988900001000023E+043
   19.1000000000000       1.839952138200018E+043
   19.1500000000000       1.702087510200014E+043
   19.2000000000000       1.574427567900011E+043
   19.2500000000000       1.456228923600001E+043
   19.3000000000000       1.346883351000001E+043
   19.3500000000000       1.245715043100001E+043
   19.4000000000000       1.152048192900001E+043
   19.4500000000000       1.065342154800001E+043
   19.5000000000000       9.851914446000008E+042
   19.5500000000000       9.109878360000000E+042
   19.6000000000000       8.423258448000008E+042
   19.6500000000000       7.787999868000000E+042
   19.7000000000000       7.200047778000001E+042
   19.7500000000000       6.656563788600002E+042
   19.8000000000000       6.153695799900002E+042
   19.8500000000000       5.688470261100001E+042
   19.9000000000000       5.258183944200001E+042
   19.9500000000000       4.860268782600000E+042
   20.0000000000000       4.492224290400000E+042
   20.0500000000000       4.151955465900000E+042
   20.1000000000000       3.837164565300000E+042
   20.1500000000000       3.546094490400001E+042
   20.2000000000000       3.276988143000000E+042
   20.2500000000000       3.028156005600000E+042
   20.3000000000000       2.798111302800000E+042
   20.3500000000000       2.585434839900000E+042
   20.4000000000000       2.388842583600000E+042
   20.4500000000000       2.207050500600000E+042
   20.5000000000000       2.038977299700000E+042
   20.5500000000000       1.883676851100000E+042
   20.6000000000000       1.740135444300000E+042
   20.6500000000000       1.607474530200000E+042
   20.7000000000000       1.484815559700000E+042
   20.7500000000000       1.371482725800000E+042
   20.8000000000000       1.266732640800000E+042
   20.8500000000000       1.169957078400000E+042
   20.9000000000000       1.080547812300000E+042
   20.9500000000000       9.978966162000000E+041
   21.0000000000000       9.215304252000001E+041
   21.0500000000000       8.509761744000000E+041
   21.1000000000000       7.858283796000001E+041
   21.1500000000000       7.256139759000000E+041
   21.2000000000000       6.699883017300000E+041
   21.2500000000000       6.186066955200000E+041
   21.3000000000000       5.711380118400000E+041
   21.3500000000000       5.272984117500001E+041
   21.4000000000000       4.868040563100000E+041
   21.4500000000000       4.493913807900000E+041
   21.5000000000000       4.148508850200000E+041
   21.5500000000000       3.829460365500001E+041
   21.6000000000000       3.534808513500000E+041
   21.6500000000000       3.262728615300000E+041
   21.7000000000000       3.011463572700000E+041
   21.7500000000000       2.779459029600000E+041
   21.8000000000000       2.565295791300000E+041
   21.8500000000000       2.367487082400000E+041
   21.9000000000000       2.184816450300000E+041
   21.9500000000000       2.016202603800000E+041
   22.0000000000000       1.860564251700000E+041
   22.0500000000000       1.716887683500000E+041
   22.1000000000000       1.584226769400000E+041
   22.1500000000000       1.461770541000000E+041
   22.2000000000000       1.348708029900000E+041
   22.2500000000000       1.244363429100000E+041
   22.3000000000000       1.148060931600000E+041
   22.3500000000000       1.059192311100000E+041
   22.4000000000000       9.771493413000001E+040
   22.4500000000000       9.013913766000001E+040
   22.5000000000000       8.315129328000001E+040
   22.5500000000000       7.670409450000001E+040
   22.6000000000000       7.075699290000000E+040
   22.6500000000000       6.526403360400001E+040
   22.7000000000000       6.019750852500000E+040
   22.7500000000000       5.552227569900000E+040
   22.8000000000000       5.120792381100000E+040
   22.8500000000000       4.722809638800000E+040
   22.9000000000000       4.355576115000000E+040
   22.9500000000000       4.016794065900000E+040
   23.0000000000000       3.704233328400000E+040
   23.0500000000000       3.415866481500000E+040
   23.1000000000000       3.149868846300000E+040
   23.1500000000000       2.904550905300000E+040
   23.2000000000000       2.678155560300000E+040
   23.2500000000000       2.469398778000000E+040
   23.3000000000000       2.276861363700000E+040
   23.3500000000000       2.099259284100000E+040
   23.4000000000000       1.935443667300000E+040
   23.4500000000000       1.784333222100000E+040
   23.5000000000000       1.644981818700000E+040
   23.5500000000000       1.516510908000000E+040
   23.6000000000000       1.397974360200000E+040
   23.6500000000000       1.288696368300000E+040
   23.7000000000000       1.187933544600000E+040
   23.7500000000000       1.095010082100000E+040
   23.8000000000000       1.009317754500000E+040
   23.8500000000000       9.303159161999999E+039
   23.9000000000000       8.574639216000001E+039
   23.9500000000000       7.902887058000000E+039
   24.0000000000000       7.283847846000000E+039
   24.0500000000000       6.713061253800000E+039
   24.1000000000000       6.186742762200001E+039
   24.1500000000000       5.701513336200001E+039
   24.2000000000000       5.254264263600001E+039
   24.2500000000000       4.841886832200000E+039
   24.3000000000000       4.461812975400000E+039
   24.3500000000000       4.111407045900000E+039
   24.4000000000000       3.788506461300000E+039
   24.4500000000000       3.490813477800000E+039
   24.5000000000000       3.216435835800001E+039
   24.5500000000000       2.963548856400000E+039
   24.6000000000000       2.730463022100000E+039
   24.6500000000000       2.515623976800000E+039
   24.7000000000000       2.317680106500000E+039
   24.7500000000000       2.135212216500000E+039
   24.8000000000000       1.967071434900000E+039
   24.8500000000000       1.812176470500000E+039
   24.9000000000000       1.669378451400000E+039
   24.9500000000000       1.537798828500000E+039
   25.0000000000000       1.416559052700000E+039
