  0.000000000000000E+000  0.000000000000000E+000
  5.000000000000000E-002  4.923229574584500E+048
  0.100000000000000       2.021183335039203E+049
  0.150000000000000       4.947074645390972E+049
  0.200000000000000       1.025581621564730E+050
  0.250000000000000       1.912240695426528E+050
  0.300000000000000       3.192910725818719E+050
  0.350000000000000       4.848918099593146E+050
  0.400000000000000       6.808840012197307E+050
  0.450000000000000       8.940853330435182E+050
  0.500000000000000       1.120506228618516E+051
  0.550000000000000       1.353636044571124E+051
  0.600000000000000       1.585937238330856E+051
  0.650000000000000       1.813558851927852E+051
  0.700000000000000       2.032094573230754E+051
  0.750000000000000       2.238746058496751E+051
  0.800000000000000       2.431133868562754E+051
  0.850000000000000       2.607384208842962E+051
  0.900000000000000       2.766078542379187E+051
  0.950000000000000       2.905638743502655E+051
   1.00000000000000       3.025472481851569E+051
   1.05000000000000       3.126205275681308E+051
   1.10000000000000       3.209437766067269E+051
   1.15000000000000       3.275803851951634E+051
   1.20000000000000       3.326293211530631E+051
   1.25000000000000       3.361417035153304E+051
   1.30000000000000       3.381074928372322E+051
   1.35000000000000       3.387668490573170E+051
   1.40000000000000       3.381955452392207E+051
   1.45000000000000       3.364158787633092E+051
   1.50000000000000       3.335289022622063E+051
   1.55000000000000       3.296125912168911E+051
   1.60000000000000       3.247544968452185E+051
   1.65000000000000       3.191257351291999E+051
   1.70000000000000       3.127834041578353E+051
   1.75000000000000       3.057422047685121E+051
   1.80000000000000       2.980910543944781E+051
   1.85000000000000       2.898959036320539E+051
   1.90000000000000       2.812814001990679E+051
   1.95000000000000       2.722810956670843E+051
   2.00000000000000       2.629583480441805E+051
   2.05000000000000       2.533447114570734E+051
   2.10000000000000       2.435372227805601E+051
   2.15000000000000       2.335625194302629E+051
   2.20000000000000       2.236014308642871E+051
   2.25000000000000       2.136397162039901E+051
   2.30000000000000       2.036410722318000E+051
   2.35000000000000       1.937600375605856E+051
   2.40000000000000       1.840842248009400E+051
   2.45000000000000       1.745401948557199E+051
   2.50000000000000       1.651952747565560E+051
   2.55000000000000       1.560859341294002E+051
   2.60000000000000       1.471832337657875E+051
   2.65000000000000       1.385236229133804E+051
   2.70000000000000       1.302773549315773E+051
   2.75000000000000       1.223233202778257E+051
   2.80000000000000       1.146546183152337E+051
   2.85000000000000       1.072516972450594E+051
   2.90000000000000       1.001800537988855E+051
   2.95000000000000       9.350191135047912E+050
   3.00000000000000       8.709010394761985E+050
   3.05000000000000       8.096057065932350E+050
   3.10000000000000       7.516738573463415E+050
   3.15000000000000       6.977760340501242E+050
   3.20000000000000       6.474600808821294E+050
   3.25000000000000       6.001153360914685E+050
   3.30000000000000       5.558908711000631E+050
   3.35000000000000       5.141667246028222E+050
   3.40000000000000       4.747282329074644E+050
   3.45000000000000       4.377897029298957E+050
   3.50000000000000       4.026711580214472E+050
   3.55000000000000       3.697948669246400E+050
   3.60000000000000       3.408265325162789E+050
   3.65000000000000       3.141633506738735E+050
   3.70000000000000       2.893552362684329E+050
   3.75000000000000       2.661448422715867E+050
   3.80000000000000       2.445485814209738E+050
   3.85000000000000       2.244586794510715E+050
   3.90000000000000       2.054835612954083E+050
   3.95000000000000       1.874177846436695E+050
   4.00000000000000       1.713901552342951E+050
   4.05000000000000       1.573393884395061E+050
   4.10000000000000       1.445196875229406E+050
   4.15000000000000       1.325122445746367E+050
   4.20000000000000       1.215831461748812E+050
   4.25000000000000       1.113525055797886E+050
   4.30000000000000       1.017818051568857E+050
   4.35000000000000       9.273320480507737E+049
   4.40000000000000       8.434185840747278E+049
   4.45000000000000       7.689940924547830E+049
   4.50000000000000       7.055309647820413E+049
   4.55000000000000       6.464179228295491E+049
   4.60000000000000       5.928471257453118E+049
   4.65000000000000       5.428854928847840E+049
   4.70000000000000       4.967737370785227E+049
   4.75000000000000       4.519009316807098E+049
   4.80000000000000       4.117142394078839E+049
   4.85000000000000       3.737068061509972E+049
   4.90000000000000       3.385970126926913E+049
   4.95000000000000       3.114016586101944E+049
   5.00000000000000       2.865799628757315E+049
   5.05000000000000       2.634463493922671E+049
   5.10000000000000       2.413852959294224E+049
   5.15000000000000       2.209557800486721E+049
   5.20000000000000       2.018935770596227E+049
   5.25000000000000       1.835047266423786E+049
   5.30000000000000       1.668023631324477E+049
   5.35000000000000       1.523808280896117E+049
   5.40000000000000       1.403595317356657E+049
   5.45000000000000       1.292840284883621E+049
   5.50000000000000       1.185628438706335E+049
   5.55000000000000       1.085857145932097E+049
   5.60000000000000       9.927536916311711E+048
   5.65000000000000       9.052108133569582E+048
   5.70000000000000       8.214276364683637E+048
   5.75000000000000       7.488665414361574E+048
   5.80000000000000       6.856998554497233E+048
   5.85000000000000       6.323436047952174E+048
   5.90000000000000       5.822397535966460E+048
   5.95000000000000       5.342350697824547E+048
   6.00000000000000       4.894279214055771E+048
   6.05000000000000       4.460618866575305E+048
   6.10000000000000       4.067397961570518E+048
   6.15000000000000       3.693038089030442E+048
   6.20000000000000       3.373236634457853E+048
   6.25000000000000       3.105174309604518E+048
   6.30000000000000       2.868985935733362E+048
   6.35000000000000       2.644018019540308E+048
   6.40000000000000       2.430230630462462E+048
   6.45000000000000       2.225625151231847E+048
   6.50000000000000       2.030220867539525E+048
   6.55000000000000       1.851226403817582E+048
   6.60000000000000       1.685891426651751E+048
   6.65000000000000       1.547792797259440E+048
   6.70000000000000       1.431158194863965E+048
   6.75000000000000       1.325674351827461E+048
   6.80000000000000       1.227081860882357E+048
   6.85000000000000       1.133236867196212E+048
   6.90000000000000       1.042563458555787E+048
   6.95000000000000       9.548061238442536E+047
   7.00000000000000       8.716570064760891E+047
   7.05000000000000       8.023233128199985E+047
   7.10000000000000       7.425428978887260E+047
   7.15000000000000       6.941098083478823E+047
   7.20000000000000       6.495632957721384E+047
   7.25000000000000       6.073227500009213E+047
   7.30000000000000       5.660422691717797E+047
   7.35000000000000       5.266088229775497E+047
   7.40000000000000       4.869451941090515E+047
   7.45000000000000       4.497488143993695E+047
   7.50000000000000       4.214468369767192E+047
   7.55000000000000       3.968143991358742E+047
   7.60000000000000       3.768835255028231E+047
   7.65000000000000       3.581791275236562E+047
   7.70000000000000       3.400885992593734E+047
   7.75000000000000       3.225144815707057E+047
   7.80000000000000       3.052833811832027E+047
   7.85000000000000       2.883034156326528E+047
   7.90000000000000       2.717290917713921E+047
   7.95000000000000       2.598710166221637E+047
   8.00000000000000       2.494470507268256E+047
   8.05000000000000       2.410303710641923E+047
   8.10000000000000       2.329880793895499E+047
   8.15000000000000       2.251654818838913E+047
   8.20000000000000       2.170877719336373E+047
   8.25000000000000       2.091509154480500E+047
   8.30000000000000       2.015300013724924E+047
   8.35000000000000       1.937428009256424E+047
   8.40000000000000       1.879274693338654E+047
   8.45000000000000       1.829529517294439E+047
   8.50000000000000       1.785907814816351E+047
   8.55000000000000       1.743320161747094E+047
   8.60000000000000       1.699488022452729E+047
   8.65000000000000       1.653023459884236E+047
   8.70000000000000       1.584545415450854E+047
   8.75000000000000       1.541986387924225E+047
   8.80000000000000       1.500293195720008E+047
   8.85000000000000       1.461663260579821E+047
   8.90000000000000       1.427469416042515E+047
   8.95000000000000       1.395201939635836E+047
   9.00000000000000       1.361986179414345E+047
   9.05000000000000       1.327797075830270E+047
   9.10000000000000       1.291609279115614E+047
   9.15000000000000       1.246016686175233E+047
   9.20000000000000       1.211051327344449E+047
   9.25000000000000       1.154800064513742E+047
   9.30000000000000       1.122769918533783E+047
   9.35000000000000       1.084223649917351E+047
   9.40000000000000       1.055016793697896E+047
   9.45000000000000       1.025479728987549E+047
   9.50000000000000       9.956111062700555E+046
   9.55000000000000       9.649624074781278E+046
   9.60000000000000       9.347524365637839E+046
   9.65000000000000       9.046376453626627E+046
   9.70000000000000       8.736800078280171E+046
   9.75000000000000       8.440660160996022E+046
   9.80000000000000       8.148846337727659E+046
   9.85000000000000       7.868355291760481E+046
   9.90000000000000       7.589765629210825E+046
   9.95000000000000       7.313834987872620E+046
   10.0000000000000       7.040928442486751E+046
   10.0500000000000       6.771822373490718E+046
   10.1000000000000       6.483216991966371E+046
   10.1500000000000       6.226215972462889E+046
   10.2000000000000       5.970171680839789E+046
   10.2500000000000       5.725289448870164E+046
   10.3000000000000       5.483157931052398E+046
   10.3500000000000       5.252364097934965E+046
   10.4000000000000       5.022592295940776E+046
   10.4500000000000       4.803164201114062E+046
   10.5000000000000       4.589274436546936E+046
   10.5500000000000       4.372344131079459E+046
   10.6000000000000       4.171171142716428E+046
   10.6500000000000       3.975556170061427E+046
   10.7000000000000       3.775140622573990E+046
   10.7500000000000       3.593784874188248E+046
   10.8000000000000       3.419005027404847E+046
   10.8500000000000       3.249889108230016E+046
   10.9000000000000       3.086762991890868E+046
   10.9500000000000       2.929381083193588E+046
   11.0000000000000       2.777265565290124E+046
   11.0500000000000       2.631361651103877E+046
   11.1000000000000       2.490931723060679E+046
   11.1500000000000       2.355414802401584E+046
   11.2000000000000       2.222293079981193E+046
   11.2500000000000       2.099010203140129E+046
   11.3000000000000       1.980863457593259E+046
   11.3500000000000       1.867920425897668E+046
   11.4000000000000       1.759978364653084E+046
   11.4500000000000       1.656902112296193E+046
   11.5000000000000       1.558556507218015E+046
   11.5500000000000       1.464941549142468E+046
   11.6000000000000       1.375786914889970E+046
   11.6500000000000       1.290262099300502E+046
   11.7000000000000       1.209863863536202E+046
   11.7500000000000       1.133693653393875E+046
   11.8000000000000       1.061510704504303E+046
   11.8500000000000       9.931798554610465E+045
   11.9000000000000       9.285659448594115E+045
   11.9500000000000       8.675338112938028E+045
   12.0000000000000       8.100158740574305E+045
   12.0500000000000       7.557418103418790E+045
   12.1000000000000       7.045764587364230E+045
   12.1500000000000       6.564928037377314E+045
   12.2000000000000       6.113083234541949E+045
   12.2500000000000       5.688811357303441E+045
   12.3000000000000       5.290895953061538E+045
   12.3500000000000       4.917850246415950E+045
   12.4000000000000       4.568525365466327E+045
   12.4500000000000       4.241772438312257E+045
   12.5000000000000       3.936239850953232E+045
   12.5500000000000       3.650846312188617E+045
   12.6000000000000       3.384509036714417E+045
   12.6500000000000       3.136149964213963E+045
   12.7000000000000       2.904618486013519E+045
   12.7500000000000       2.689036053013092E+045
   12.8000000000000       2.488321374012676E+045
   12.8500000000000       2.301731061312271E+045
   12.9000000000000       2.128251404411878E+045
   12.9500000000000       1.967139015611494E+045
   13.0000000000000       1.817582926511122E+045
   13.0500000000000       1.678772168710759E+045
   13.1000000000000       1.550030935210405E+045
   13.1500000000000       1.430750999710060E+045
   13.2000000000000       1.320256555209724E+045
   13.2500000000000       1.217939375409397E+045
   13.3000000000000       1.123191234009078E+045
   13.3500000000000       1.035606646808767E+045
   13.4000000000000       9.545773875084645E+044
   13.4500000000000       8.796303912081692E+044
   13.5000000000000       8.104277544078812E+044
   13.5500000000000       7.465639929076008E+044
   13.6000000000000       6.874984611073272E+044
   13.6500000000000       6.330419330470588E+044
   13.7000000000000       5.827686503168000E+044
   13.7500000000000       5.364015320465476E+044
   13.8000000000000       4.936364650863017E+044
   13.8500000000000       4.542098847060623E+044
   13.9000000000000       4.178649842458288E+044
   13.9500000000000       3.843719893256017E+044
   14.0000000000000       3.535146417053805E+044
   14.0500000000000       3.250901992851653E+044
   14.1000000000000       2.989094361049551E+044
   14.1500000000000       2.747966423447517E+044
   14.2000000000000       2.525963823945540E+044
   14.2500000000000       2.321532206443618E+044
   14.3000000000000       2.133387537641751E+044
   14.3500000000000       1.960178203539938E+044
   14.4000000000000       1.800822912938179E+044
   14.4500000000000       1.654105213236471E+044
   14.5000000000000       1.519146555334818E+044
   14.5500000000000       1.394933228733215E+044
   14.6000000000000       1.280721845731642E+044
   14.6500000000000       1.175633857230148E+044
   14.7000000000000       1.078993456228701E+044
   14.7500000000000       9.901248357273019E+043
   14.8000000000000       9.084197694259503E+043
   14.8500000000000       8.332700310246454E+043
   14.9000000000000       7.642025556233864E+043
   14.9500000000000       7.008118590221726E+043
   15.0000000000000       6.424897149210028E+043
   15.0500000000000       5.889387682398633E+043
   15.1000000000000       5.397535347787828E+043
   15.1500000000000       4.945825948977434E+043
   15.2000000000000       4.531218354467445E+043
   15.2500000000000       4.150671432757848E+043
   15.3000000000000       3.801346794448638E+043
   15.3500000000000       3.480879115039811E+043
   15.4000000000000       3.186970650731350E+043
   15.4500000000000       2.917391238423260E+043
   15.5000000000000       2.670248618515428E+043
   15.5500000000000       2.443650531408075E+043
   15.6000000000000       2.235975040301067E+043
   15.6500000000000       2.045667789094383E+043
   15.7000000000000       1.871309583088037E+043
   15.7500000000000       1.711548808282009E+043
   15.8000000000000       1.565304173476305E+043
   15.8500000000000       1.431291645370906E+043
   15.9000000000000       1.308700255565805E+043
   15.9500000000000       1.196381132160999E+043
   16.0000000000000       1.093658468156477E+043
   16.0500000000000       9.995861337522298E+042
   16.1000000000000       9.135559026482466E+042
   16.1500000000000       8.347568064444721E+042
   16.2000000000000       7.627833609409966E+042
   16.2500000000000       6.968921784377507E+042
   16.3000000000000       6.366372263147209E+042
   16.3500000000000       5.815454396718967E+042
   16.4000000000000       5.311775439592679E+042
   16.4500000000000       4.851212969068227E+042
   16.5000000000000       4.430185208045500E+042
   16.5500000000000       4.045380702224402E+042
   16.6000000000000       3.693758320104824E+042
   16.6500000000000       3.372344510886678E+042
   16.7000000000000       3.078706369369871E+042
   16.7500000000000       2.810410990353124E+042
   16.8000000000000       2.565228210739068E+042
   16.8500000000000       2.341333351626045E+042
   16.9000000000000       2.136766572713995E+042
   16.9500000000000       1.949973517902872E+042
   17.0000000000000       1.779332250392626E+042
   17.0500000000000       1.623558736883205E+042
   17.1000000000000       1.481301363374562E+042
   17.1500000000000       1.351411257966658E+042
   17.2000000000000       1.232807129459446E+042
   17.2500000000000       1.124542848052883E+042
   17.3000000000000       1.025739864646929E+042
   17.3500000000000       9.355196301415439E+041
   17.4000000000000       8.532063375365747E+041
   17.4500000000000       7.780565991322414E+041
   17.5000000000000       7.095297693283536E+041
   17.5500000000000       6.469635572648760E+041
   17.6000000000000       5.898781399717752E+041
   17.6500000000000       5.378072106190186E+041
   17.7000000000000       4.902912204465742E+041
   17.7500000000000       4.469517175344123E+041
   17.8000000000000       4.074237661025059E+041
   17.8500000000000       3.713559465108279E+041
   17.9000000000000       3.384711778893559E+041
   17.9500000000000       3.084788632280664E+041
   18.0000000000000       2.811289539363248E+041
   18.0500000000000       2.561849175655095E+041
   18.1000000000000       2.334440120147852E+041
   18.1500000000000       2.127034951841433E+041
   18.2000000000000       1.938011733935759E+041
   18.2500000000000       1.765680948930759E+041
   18.3000000000000       1.608555821426365E+041
   18.3500000000000       1.465352318122516E+041
   18.4000000000000       1.334853986419154E+041
   18.4500000000000       1.215844373716228E+041
   18.5000000000000       1.107444930913690E+041
   18.5500000000000       1.008641947511497E+041
   18.6000000000000       9.186244551096099E+040
   18.6500000000000       8.365814853077232E+040
   18.7000000000000       7.617696504064175E+040
   18.7500000000000       6.936483048053017E+040
   18.8000000000000       6.316227383443540E+040
   18.8500000000000       5.750914827935520E+040
   18.9000000000000       5.235949893928772E+040
   18.9500000000000       4.766804674523124E+040
   19.0000000000000       4.339491908418425E+040
   19.0500000000000       3.950294657114540E+040
   19.1000000000000       3.595833885611351E+040
   19.1500000000000       3.273000881708752E+040
   19.2000000000000       2.979024836706652E+040
   19.2500000000000       2.711337684000084E+040
   19.3000000000000       2.467574099100070E+040
   19.3500000000000       2.245639080300057E+040
   19.4000000000000       2.043572787300047E+040
   19.4500000000000       1.859550541200038E+040
   19.5000000000000       1.692085566600031E+040
   19.5500000000000       1.539555926700024E+040
   19.6000000000000       1.400745168900020E+040
   19.6500000000000       1.274436840600016E+040
   19.7000000000000       1.159414489200012E+040
   19.7500000000000       1.054731984900010E+040
   19.8000000000000       9.595107786000075E+039
   19.8500000000000       8.728047405000054E+039
   19.9000000000000       7.938704829000000E+039
   19.9500000000000       7.220997795000001E+039
   20.0000000000000       6.567695168100001E+039
   20.0500000000000       5.973187750200000E+039
   20.1000000000000       5.432339408100000E+039
   20.1500000000000       4.940216750700001E+039
   20.2000000000000       4.492427032500000E+039
   20.2500000000000       4.085118153600001E+039
   20.3000000000000       3.714640756200000E+039
   20.3500000000000       3.377548224600000E+039
   20.4000000000000       3.070934588700000E+039
   20.4500000000000       2.792029039800000E+039
   20.5000000000000       2.538398672700000E+039
   20.5500000000000       2.307678162900000E+039
   20.6000000000000       2.097840089400000E+039
   20.6500000000000       1.907059773300000E+039
   20.7000000000000       1.733512535700000E+039
   20.7500000000000       1.575711601200000E+039
   20.8000000000000       1.432237775100000E+039
   20.8500000000000       1.301739443400000E+039
   20.9000000000000       1.183135314900000E+039
   20.9500000000000       1.075276517700000E+039
   21.0000000000000       9.771493413000001E+038
   21.0500000000000       8.880103980000001E+038
   21.1000000000000       8.069811387000001E+038
   21.1500000000000       7.333181757000001E+038
   21.2000000000000       6.663186697200000E+038
   21.2500000000000       6.054419751600000E+038
   21.3000000000000       5.501001399300001E+038
   21.3500000000000       4.998065829900000E+038
   21.4000000000000       4.540882394400000E+038
   21.4500000000000       4.125396250800000E+038
   21.5000000000000       3.747755299200000E+038
   21.5500000000000       3.404648085300000E+038
   21.6000000000000       3.092763154800000E+038
   21.6500000000000       2.809397279700000E+038
   21.7000000000000       2.551914812700000E+038
   21.7500000000000       2.317950429300000E+038
   21.8000000000000       2.105341547100000E+038
   21.8500000000000       1.912195906500000E+038
   21.9000000000000       1.736688828600000E+038
   21.9500000000000       1.577198376600000E+038
   22.0000000000000       1.432372936500000E+038
   22.0500000000000       1.300793313600000E+038
   22.1000000000000       1.181243055300000E+038
   22.1500000000000       1.072640870400000E+038
   22.2000000000000       9.740406291000001E+037
   22.2500000000000       8.844286209000001E+037
   22.3000000000000       8.030614581000001E+037
   22.3500000000000       7.291281723000000E+037
   22.4000000000000       6.619799887800000E+037
   22.4500000000000       6.010154393100000E+037
   22.5000000000000       5.456465718000000E+037
   22.5500000000000       4.953530148600000E+037
   22.6000000000000       4.496887358700000E+037
   22.6500000000000       4.082212183500000E+037
   22.7000000000000       3.705652523100000E+037
   22.7500000000000       3.363761761800000E+037
   22.8000000000000       3.053296026000000E+037
   22.8500000000000       2.771349345600000E+037
   22.9000000000000       2.515421234700000E+037
   22.9500000000000       2.283078788100000E+037
   23.0000000000000       2.072091842700000E+037
   23.0500000000000       1.880568138900000E+037
   23.1000000000000       1.706682997800000E+037
   23.1500000000000       1.548882063300000E+037
   23.2000000000000       1.405543398600000E+037
   23.2500000000000       1.275518131800000E+037
   23.3000000000000       1.157454648900000E+037
   23.3500000000000       1.050271658700000E+037
   23.4000000000000       9.530230314000001E+036
   23.4500000000000       8.646950564999999E+036
   23.5000000000000       7.846119269999999E+036
   23.5500000000000       7.118950938000000E+036
   23.6000000000000       6.458687499000000E+036
   23.6500000000000       5.859719754900001E+036
   23.7000000000000       5.316168184800000E+036
   23.7500000000000       4.822829074800001E+036
   23.8000000000000       4.375242098700001E+036
   23.8500000000000       3.969082091700000E+036
   23.9000000000000       3.600429373200000E+036
   23.9500000000000       3.266040069600000E+036
   24.0000000000000       2.962602726600000E+036
   24.0500000000000       2.687278954800000E+036
   24.1000000000000       2.437500687600000E+036
   24.1500000000000       2.210835019800000E+036
   24.2000000000000       2.005254530400000E+036
   24.2500000000000       1.818664217700000E+036
   24.3000000000000       1.649442144900000E+036
   24.3500000000000       1.495898794500000E+036
   24.4000000000000       1.356682552500000E+036
   24.4500000000000       1.230306643500000E+036
   24.5000000000000       1.115757357000000E+036
   24.5500000000000       1.011818240400000E+036
   24.6000000000000       9.174755832000001E+035
   24.6500000000000       8.319859977000001E+035
   24.7000000000000       7.544033541000001E+035
   24.7500000000000       6.840518454000000E+035
   24.8000000000000       6.202624226700000E+035
   24.8500000000000       5.623930692600000E+035
   24.9000000000000       5.099098976400001E+035
   24.9500000000000       4.623195687000000E+035
   25.0000000000000       4.191490175400001E+035
