  0.000000000000000E+000  0.000000000000000E+000
  5.000000000000000E-002  2.491969685647224E+049
  0.100000000000000       9.931199637213940E+049
  0.150000000000000       2.249967630347569E+050
  0.200000000000000       3.997704481160354E+050
  0.250000000000000       6.361925615913231E+050
  0.300000000000000       9.315349736358580E+050
  0.350000000000000       1.288758493118811E+051
  0.400000000000000       1.705445332269298E+051
  0.450000000000000       2.180809927950841E+051
  0.500000000000000       2.707635259417122E+051
  0.550000000000000       3.292781920533875E+051
  0.600000000000000       3.927062499541890E+051
  0.650000000000000       4.603150427235250E+051
  0.700000000000000       5.320371036649765E+051
  0.750000000000000       6.075045450130766E+051
  0.800000000000000       6.864515594850685E+051
  0.850000000000000       7.682206096951636E+051
  0.900000000000000       8.524399309886550E+051
  0.950000000000000       9.385216995374207E+051
   1.00000000000000       1.026286350382075E+052
   1.05000000000000       1.115373214831922E+052
   1.10000000000000       1.205438323728815E+052
   1.15000000000000       1.296198175657461E+052
   1.20000000000000       1.387438274089383E+052
   1.25000000000000       1.478746652487008E+052
   1.30000000000000       1.569922833380229E+052
   1.35000000000000       1.660657699968043E+052
   1.40000000000000       1.750708822086235E+052
   1.45000000000000       1.839867687356081E+052
   1.50000000000000       1.927788606504430E+052
   1.55000000000000       2.014461184564487E+052
   1.60000000000000       2.099277593372071E+052
   1.65000000000000       2.182178492122434E+052
   1.70000000000000       2.262887756578583E+052
   1.75000000000000       2.341276500341023E+052
   1.80000000000000       2.417260153406058E+052
   1.85000000000000       2.490587476088649E+052
   1.90000000000000       2.561138565200144E+052
   1.95000000000000       2.628651184144181E+052
   2.00000000000000       2.693211713367282E+052
   2.05000000000000       2.754462556631905E+052
   2.10000000000000       2.812613965147860E+052
   2.15000000000000       2.867315539668880E+052
   2.20000000000000       2.918640465066712E+052
   2.25000000000000       2.966449829679107E+052
   2.30000000000000       3.010880425252720E+052
   2.35000000000000       3.051700430454008E+052
   2.40000000000000       3.088888120249675E+052
   2.45000000000000       3.122857101481907E+052
   2.50000000000000       3.152985655009969E+052
   2.55000000000000       3.179958661198516E+052
   2.60000000000000       3.203218480289954E+052
   2.65000000000000       3.223375436224313E+052
   2.70000000000000       3.240124063353478E+052
   2.75000000000000       3.253753404551336E+052
   2.80000000000000       3.264217226482141E+052
   2.85000000000000       3.271635223874028E+052
   2.90000000000000       3.276097570725886E+052
   2.95000000000000       3.277690358301463E+052
   3.00000000000000       3.276339254005588E+052
   3.05000000000000       3.272577070921492E+052
   3.10000000000000       3.266403192605264E+052
   3.15000000000000       3.257562021979817E+052
   3.20000000000000       3.246761768035842E+052
   3.25000000000000       3.233590658845882E+052
   3.30000000000000       3.218448314651699E+052
   3.35000000000000       3.201357796016776E+052
   3.40000000000000       3.182366419557140E+052
   3.45000000000000       3.161950256807872E+052
   3.50000000000000       3.140092927364314E+052
   3.55000000000000       3.116582848601123E+052
   3.60000000000000       3.091833511920177E+052
   3.65000000000000       3.065822739549798E+052
   3.70000000000000       3.038721285578427E+052
   3.75000000000000       3.010628168648592E+052
   3.80000000000000       2.981680805084914E+052
   3.85000000000000       2.951944654139567E+052
   3.90000000000000       2.921452730486003E+052
   3.95000000000000       2.890251536032381E+052
   4.00000000000000       2.858548167965903E+052
   4.05000000000000       2.826505726393866E+052
   4.10000000000000       2.793983711255102E+052
   4.15000000000000       2.761056069537312E+052
   4.20000000000000       2.727795821280122E+052
   4.25000000000000       2.694386491411395E+052
   4.30000000000000       2.660772616529013E+052
   4.35000000000000       2.626995837513296E+052
   4.40000000000000       2.593099086187965E+052
   4.45000000000000       2.559143483565512E+052
   4.50000000000000       2.525102674929085E+052
   4.55000000000000       2.491077489239504E+052
   4.60000000000000       2.457115726807328E+052
   4.65000000000000       2.423164471733539E+052
   4.70000000000000       2.389274238475953E+052
   4.75000000000000       2.355446881362877E+052
   4.80000000000000       2.321607768259632E+052
   4.85000000000000       2.287989117403858E+052
   4.90000000000000       2.254539810193238E+052
   4.95000000000000       2.221235411744610E+052
   5.00000000000000       2.187989700863946E+052
   5.05000000000000       2.154908347137374E+052
   5.10000000000000       2.121886599383944E+052
   5.15000000000000       2.089000023925104E+052
   5.20000000000000       2.056257950254538E+052
   5.25000000000000       2.023602514556503E+052
   5.30000000000000       1.991121077511304E+052
   5.35000000000000       1.958730046336867E+052
   5.40000000000000       1.926533114636053E+052
   5.45000000000000       1.894524183031237E+052
   5.50000000000000       1.862585331236835E+052
   5.55000000000000       1.830838489839089E+052
   5.60000000000000       1.799295988433364E+052
   5.65000000000000       1.767939587514063E+052
   5.70000000000000       1.736787678672565E+052
   5.75000000000000       1.705795138463824E+052
   5.80000000000000       1.674967035262862E+052
   5.85000000000000       1.644320997286093E+052
   5.90000000000000       1.613861358923349E+052
   5.95000000000000       1.583618058654402E+052
   6.00000000000000       1.553534426333002E+052
   6.05000000000000       1.523747839766906E+052
   6.10000000000000       1.494165477711490E+052
   6.15000000000000       1.464753387313046E+052
   6.20000000000000       1.435581606576481E+052
   6.25000000000000       1.406685935660238E+052
   6.30000000000000       1.378114710465227E+052
   6.35000000000000       1.349795177258586E+052
   6.40000000000000       1.321779496476965E+052
   6.45000000000000       1.294022058425617E+052
   6.50000000000000       1.266534979344328E+052
   6.55000000000000       1.239357727480723E+052
   6.60000000000000       1.212493436027360E+052
   6.65000000000000       1.185929793004487E+052
   6.70000000000000       1.159687123183787E+052
   6.75000000000000       1.133793245358020E+052
   6.80000000000000       1.108186003204946E+052
   6.85000000000000       1.082894058605185E+052
   6.90000000000000       1.057919507786298E+052
   6.95000000000000       1.033336351660213E+052
   7.00000000000000       1.009093530581354E+052
   7.05000000000000       9.852532325844479E+051
   7.10000000000000       9.617357222788221E+051
   7.15000000000000       9.385529349812301E+051
   7.20000000000000       9.157604613835446E+051
   7.25000000000000       8.933074446014807E+051
   7.30000000000000       8.712162001154745E+051
   7.35000000000000       8.495195352987480E+051
   7.40000000000000       8.281749949030827E+051
   7.45000000000000       8.072167427323446E+051
   7.50000000000000       7.865919092100760E+051
   7.55000000000000       7.663578523128540E+051
   7.60000000000000       7.464849559224979E+051
   7.65000000000000       7.269669974605054E+051
   7.70000000000000       7.078420062267015E+051
   7.75000000000000       6.890682713758091E+051
   7.80000000000000       6.706990351209652E+051
   7.85000000000000       6.526504558751652E+051
   7.90000000000000       6.349706669962006E+051
   7.95000000000000       6.176390608753947E+051
   8.00000000000000       6.006323733543299E+051
   8.05000000000000       5.840097332609935E+051
   8.10000000000000       5.677133756189618E+051
   8.15000000000000       5.517496468055822E+051
   8.20000000000000       5.361203274352176E+051
   8.25000000000000       5.208250839307982E+051
   8.30000000000000       5.058468748461934E+051
   8.35000000000000       4.911884996687546E+051
   8.40000000000000       4.768665467972253E+051
   8.45000000000000       4.628364715254533E+051
   8.50000000000000       4.491160248387086E+051
   8.55000000000000       4.357026965795839E+051
   8.60000000000000       4.225765728568095E+051
   8.65000000000000       4.097290995417973E+051
   8.70000000000000       3.971886756739275E+051
   8.75000000000000       3.848981840141962E+051
   8.80000000000000       3.728884870473750E+051
   8.85000000000000       3.611689933186554E+051
   8.90000000000000       3.496976900189771E+051
   8.95000000000000       3.384901386336293E+051
   9.00000000000000       3.275315523383281E+051
   9.05000000000000       3.168586494802220E+051
   9.10000000000000       3.064244381477513E+051
   9.15000000000000       2.962406544200476E+051
   9.20000000000000       2.862951043857636E+051
   9.25000000000000       2.765883595243098E+051
   9.30000000000000       2.671218979035164E+051
   9.35000000000000       2.578847564948523E+051
   9.40000000000000       2.488834590767874E+051
   9.45000000000000       2.401027014709699E+051
   9.50000000000000       2.315504774895782E+051
   9.55000000000000       2.232195146296090E+051
   9.60000000000000       2.151049089254419E+051
   9.65000000000000       2.072125292896861E+051
   9.70000000000000       1.995338116273828E+051
   9.75000000000000       1.920766173900601E+051
   9.80000000000000       1.848254579483036E+051
   9.85000000000000       1.777842577001188E+051
   9.90000000000000       1.709458124895158E+051
   9.95000000000000       1.643086204681388E+051
   10.0000000000000       1.578765036817132E+051
   10.0500000000000       1.516357338351257E+051
   10.1000000000000       1.455926226849356E+051
   10.1500000000000       1.397391976236980E+051
   10.2000000000000       1.340710199611131E+051
   10.2500000000000       1.285895459571145E+051
   10.3000000000000       1.232907647002475E+051
   10.3500000000000       1.181712372376792E+051
   10.4000000000000       1.132295088952892E+051
   10.4500000000000       1.084602464120832E+051
   10.5000000000000       1.038608282714016E+051
   10.5500000000000       9.942799887039717E+050
   10.6000000000000       9.515630862325454E+050
   10.6500000000000       9.103880180756971E+050
   10.7000000000000       8.707729675642175E+050
   10.7500000000000       8.326634007458687E+050
   10.8000000000000       7.959955417071703E+050
   10.8500000000000       7.607567383631658E+050
   10.9000000000000       7.268766092606344E+050
   10.9500000000000       6.943459069836690E+050
   11.0000000000000       6.631002031862404E+050
   11.0500000000000       6.331048475989527E+050
   11.1000000000000       6.043742201873368E+050
   11.1500000000000       5.767978101826390E+050
   11.2000000000000       5.503637254528331E+050
   11.2500000000000       5.250646356563487E+050
   11.3000000000000       5.008310164251641E+050
   11.3500000000000       4.776086871701403E+050
   11.4000000000000       4.553818082876284E+050
   11.4500000000000       4.341203173774460E+050
   11.5000000000000       4.137865390176710E+050
   11.5500000000000       3.943282965993142E+050
   11.6000000000000       3.757101377955968E+050
   11.6500000000000       3.579227891937448E+050
   11.7000000000000       3.409367775208238E+050
   11.7500000000000       3.246993254416061E+050
   11.8000000000000       3.091794128351603E+050
   11.8500000000000       2.943720936813553E+050
   11.9000000000000       2.802420642832387E+050
   11.9500000000000       2.667524541679105E+050
   12.0000000000000       2.538892228891554E+050
   12.0500000000000       2.416101797461335E+050
   12.1000000000000       2.299005393150665E+050
   12.1500000000000       2.187320625110134E+050
   12.2000000000000       2.080809918053414E+050
   12.2500000000000       1.979249640262246E+050
   12.3000000000000       1.882486365549373E+050
   12.3500000000000       1.790193436336389E+050
   12.4000000000000       1.702314249663920E+050
   12.4500000000000       1.618535603861035E+050
   12.5000000000000       1.538788385602391E+050
   12.5500000000000       1.462820203516471E+050
   12.6000000000000       1.390492492650831E+050
   12.6500000000000       1.321630857574879E+050
   12.7000000000000       1.256078634134418E+050
   12.7500000000000       1.193698865346757E+050
   12.8000000000000       1.134325302222927E+050
   12.8500000000000       1.077838319974021E+050
   12.9000000000000       1.024042310485944E+050
   12.9500000000000       9.728923086444455E+049
   13.0000000000000       9.241991443692554E+049
   13.0500000000000       8.778918151845335E+049
   13.1000000000000       8.338598121487447E+049
   13.1500000000000       7.919943573164164E+049
   13.2000000000000       7.521598842111418E+049
   13.2500000000000       7.142961349929660E+049
   13.3000000000000       6.782804927453698E+049
   13.3500000000000       6.440521794342549E+049
   13.4000000000000       6.115383199951416E+049
   13.4500000000000       5.806151705065617E+049
   13.5000000000000       5.512462182954869E+049
   13.5500000000000       5.233368235562977E+049
   13.6000000000000       4.968056594054986E+049
   13.6500000000000       4.715907807689052E+049
   13.7000000000000       4.476135405393285E+049
   13.7500000000000       4.248549379288984E+049
   13.8000000000000       4.032446014646059E+049
   13.8500000000000       3.826998238887543E+049
   13.9000000000000       3.631853873294731E+049
   13.9500000000000       3.446658079025708E+049
   14.0000000000000       3.270646492663358E+049
   14.0500000000000       3.103424284838504E+049
   14.1000000000000       2.944611771536724E+049
   14.1500000000000       2.793990074476806E+049
   14.2000000000000       2.650953880355711E+049
   14.2500000000000       2.515143605746642E+049
   14.3000000000000       2.386188923623404E+049
   14.3500000000000       2.263741645493030E+049
   14.4000000000000       2.147544559218619E+049
   14.4500000000000       2.037213210481238E+049
   14.5000000000000       1.932501277037588E+049
   14.5500000000000       1.833091623310770E+049
   14.6000000000000       1.738741110920574E+049
   14.6500000000000       1.648979202412307E+049
   14.7000000000000       1.564047552972178E+049
   14.7500000000000       1.483409236204900E+049
   14.8000000000000       1.406931820625873E+049
   14.8500000000000       1.334357427192604E+049
   14.9000000000000       1.265481313350539E+049
   14.9500000000000       1.200149408805909E+049
   15.0000000000000       1.138175478942817E+049
   15.0500000000000       1.079355814311649E+049
   15.1000000000000       1.023463418907129E+049
   15.1500000000000       9.705405920366395E+048
   15.2000000000000       9.203647230965592E+048
   15.2500000000000       8.727137579415362E+048
   15.3000000000000       8.275361628262760E+048
   15.3500000000000       7.846794803438425E+048
   15.4000000000000       7.440294371861125E+048
   15.4500000000000       7.054625246689468E+048
   15.5000000000000       6.689110890137516E+048
   15.5500000000000       6.342345775315353E+048
   15.6000000000000       6.013389092821443E+048
   15.6500000000000       5.701205036884850E+048
   15.7000000000000       5.405481267974798E+048
   15.7500000000000       5.124821191567506E+048
   15.8000000000000       4.858819919816229E+048
   15.8500000000000       4.606426517421896E+048
   15.9000000000000       4.366908420234523E+048
   15.9500000000000       4.139704554339882E+048
   16.0000000000000       3.924317484223296E+048
   16.0500000000000       3.720234411450275E+048
   16.1000000000000       3.526198384505697E+048
   16.1500000000000       3.342488693421058E+048
   16.2000000000000       3.168092009367700E+048
   16.2500000000000       3.002779918119775E+048
   16.3000000000000       2.845918278161045E+048
   16.3500000000000       2.697154138896967E+048
   16.4000000000000       2.556142963239797E+048
   16.4500000000000       2.422427452664372E+048
   16.5000000000000       2.295607186527640E+048
   16.5500000000000       2.175367617965107E+048
   16.6000000000000       2.061305597619830E+048
   16.6500000000000       1.953140315529316E+048
   16.7000000000000       1.850544158933832E+048
   16.7500000000000       1.753264868636950E+048
   16.8000000000000       1.660999330968395E+048
   16.8500000000000       1.573530733531191E+048
   16.9000000000000       1.490571244199916E+048
   16.9500000000000       1.411934148017808E+048
   17.0000000000000       1.337375002160719E+048
   17.0500000000000       1.266681471679972E+048
   17.1000000000000       1.199639382048992E+048
   17.1500000000000       1.136099915828444E+048
   17.2000000000000       1.075881740200263E+048
   17.2500000000000       1.018708800215417E+048
   17.3000000000000       9.646273354659491E+047
   17.3500000000000       9.133421591182558E+047
   17.4000000000000       8.647386088377939E+047
   17.4500000000000       8.186762815979313E+047
   17.5000000000000       7.749407551039084E+047
   17.5500000000000       7.335738876181001E+047
   17.6000000000000       6.943808706494461E+047
   17.6500000000000       6.572727820285101E+047
   17.7000000000000       6.219339251616632E+047
   17.7500000000000       5.886255062134361E+047
   17.8000000000000       5.570463465528395E+047
   17.8500000000000       5.271597276040554E+047
   17.9000000000000       4.987619367712837E+047
   17.9500000000000       4.719486196657852E+047
   18.0000000000000       4.465518572478016E+047
   18.0500000000000       4.225122947976932E+047
   18.1000000000000       3.997269723121664E+047
   18.1500000000000       3.781584497873366E+047
   18.2000000000000       3.577529072185776E+047
   18.2500000000000       3.384050446003260E+047
   18.3000000000000       3.201055019258163E+047
   18.3500000000000       3.027770591867203E+047
   18.4000000000000       2.863635563726430E+047
   18.4500000000000       2.708369134704112E+047
   18.5000000000000       2.561362904630340E+047
   18.5500000000000       2.422242473281583E+047
   18.6000000000000       2.290544380225740E+047
   18.6500000000000       2.165944582528254E+047
   18.7000000000000       2.047823221004975E+047
   18.7500000000000       1.936261767676729E+047
   18.8000000000000       1.830690714223814E+047
   18.8500000000000       1.730829260632317E+047
   18.9000000000000       1.636349806885717E+047
   18.9500000000000       1.546920072964214E+047
   19.0000000000000       1.462383278843826E+047
   19.0500000000000       1.382374384495179E+047
   19.1000000000000       1.306687469881837E+047
   19.1500000000000       1.235104914957954E+047
   19.2000000000000       1.167404419664925E+047
   19.2500000000000       1.103389423926462E+047
   19.3000000000000       1.042819035905794E+047
   19.3500000000000       9.854920689784001E+046
   19.4000000000000       9.312678493778856E+046
   19.4500000000000       8.800586173027283E+046
   19.5000000000000       8.316527052223183E+046
   19.5500000000000       7.858839731363970E+046
   19.6000000000000       7.425909610446801E+046
   19.6500000000000       7.016847489468500E+046
   19.7000000000000       6.629804768425539E+046
   19.7500000000000       6.264149647313953E+046
   19.8000000000000       5.918501526129258E+046
   19.8500000000000       5.591573404866327E+046
   19.9000000000000       5.282710083519253E+046
   19.9500000000000       4.990858562081156E+046
   20.0000000000000       4.714685040543903E+046
   20.0500000000000       4.453770265770784E+046
   20.1000000000000       4.207415007489531E+046
   20.1500000000000       3.974280749207356E+046
   20.2000000000000       3.754250490924223E+046
   20.2500000000000       3.546060632640083E+046
   20.3000000000000       3.349594174354889E+046
   20.3500000000000       3.163610916068585E+046
   20.4000000000000       2.988227857781113E+046
   20.4500000000000       2.822204799492410E+046
   20.5000000000000       2.665448141202395E+046
   20.5500000000000       2.517349482910990E+046
   20.6000000000000       2.377417424618099E+046
   20.6500000000000       2.245207366323612E+046
   20.7000000000000       2.120274708027407E+046
   20.7500000000000       2.002291849729335E+046
   20.8000000000000       1.890790200000000E+046
   20.8500000000000       1.785513600000000E+046
   20.9000000000000       1.686016800000000E+046
   20.9500000000000       1.592016660000000E+046
   21.0000000000000       1.503239400000000E+046
   21.0500000000000       1.419380820000000E+046
   21.1000000000000       1.340169480000000E+046
   21.1500000000000       1.265331600000000E+046
   21.2000000000000       1.194691680000000E+046
   21.2500000000000       1.127915100000000E+046
   21.3000000000000       1.064875500000000E+046
   21.3500000000000       1.005306120000000E+046
   21.4000000000000       9.490899600000000E+045
   21.4500000000000       8.959649400000001E+045
   21.5000000000000       8.458093800000001E+045
   21.5500000000000       7.984173600000000E+045
   21.6000000000000       7.536929400000001E+045
   21.6500000000000       7.114512600000000E+045
   21.7000000000000       6.715589400000001E+045
   21.7500000000000       6.338755800000000E+045
   21.8000000000000       5.982935400000000E+045
   21.8500000000000       5.647005000000000E+045
   21.9000000000000       5.329864800000000E+045
   21.9500000000000       5.030227800000000E+045
   22.0000000000000       4.747438800000000E+045
   22.0500000000000       4.480468200000000E+045
   22.1000000000000       4.228473600000000E+045
   22.1500000000000       3.990402000000000E+045
   22.2000000000000       3.765668400000000E+045
   22.2500000000000       3.553453800000000E+045
   22.3000000000000       3.353220000000000E+045
   22.3500000000000       3.164148000000000E+045
   22.4000000000000       2.985699600000000E+045
   22.4500000000000       2.817313200000000E+045
   22.5000000000000       2.658216600000000E+045
   22.5500000000000       2.508105600000000E+045
   22.6000000000000       2.366418600000000E+045
   22.6500000000000       2.232687600000000E+045
   22.7000000000000       2.106468000000000E+045
   22.7500000000000       1.987338600000000E+045
   22.8000000000000       1.874878200000000E+045
   22.8500000000000       1.768782600000000E+045
   22.9000000000000       1.668602520000000E+045
   22.9500000000000       1.574120340000000E+045
   23.0000000000000       1.484917200000000E+045
   23.0500000000000       1.400740380000000E+045
   23.1000000000000       1.321295040000000E+045
   23.1500000000000       1.246375260000000E+045
   23.2000000000000       1.175623020000000E+045
   23.2500000000000       1.108886220000000E+045
   23.3000000000000       1.045921500000000E+045
   23.3500000000000       9.865135800000001E+044
   23.4000000000000       9.304495200000001E+044
   23.4500000000000       8.775351000000000E+044
   23.5000000000000       8.276533200000000E+044
   23.5500000000000       7.805725200000000E+044
   23.6000000000000       7.361499600000000E+044
   23.6500000000000       6.942499200000000E+044
   23.7000000000000       6.547132800000000E+044
   23.7500000000000       6.174230400000000E+044
   23.8000000000000       5.822505000000001E+044
   23.8500000000000       5.490599400000000E+044
   23.9000000000000       5.177413800000000E+044
   23.9500000000000       4.882105800000000E+044
   24.0000000000000       4.603575600000000E+044
   24.0500000000000       4.341051000000000E+044
   24.1000000000000       4.093174800000000E+044
   24.1500000000000       3.859408800000000E+044
   24.2000000000000       3.638910600000000E+044
   24.2500000000000       3.430884600000000E+044
   24.3000000000000       3.234769200000000E+044
   24.3500000000000       3.049768800000000E+044
   24.4000000000000       2.875321800000000E+044
   24.4500000000000       2.710890000000000E+044
   24.5000000000000       2.555794800000000E+044
   24.5500000000000       2.409474600000000E+044
   24.6000000000000       2.271508200000000E+044
   24.6500000000000       2.141380800000000E+044
   24.7000000000000       2.018694600000000E+044
   24.7500000000000       1.902981600000000E+044
   24.8000000000000       1.793890800000000E+044
   24.8500000000000       1.691010360000000E+044
   24.9000000000000       1.594026720000000E+044
   24.9500000000000       1.502544420000000E+044
   25.0000000000000       1.416306060000000E+044
