  0.000000000000000E+000  0.000000000000000E+000
  5.000000000000000E-002  1.055189352578904E+050
  0.100000000000000       3.973377739100819E+050
  0.150000000000000       8.855000098121176E+050
  0.200000000000000       1.558262673166647E+051
  0.250000000000000       2.439076688173032E+051
  0.300000000000000       3.495361251220889E+051
  0.350000000000000       4.731719059942065E+051
  0.400000000000000       6.109055199292529E+051
  0.450000000000000       7.606759632331045E+051
  0.500000000000000       9.198801639236293E+051
  0.550000000000000       1.085415132071942E+052
  0.600000000000000       1.255256541812963E+052
  0.650000000000000       1.426630735135058E+052
  0.700000000000000       1.598519206136688E+052
  0.750000000000000       1.768843490243642E+052
  0.800000000000000       1.936594377839257E+052
  0.850000000000000       2.099553382469094E+052
  0.900000000000000       2.256618985915648E+052
  0.950000000000000       2.406800680475896E+052
   1.00000000000000       2.549079658401060E+052
   1.05000000000000       2.682543744961679E+052
   1.10000000000000       2.807067519132140E+052
   1.15000000000000       2.922807777095475E+052
   1.20000000000000       3.029389893349448E+052
   1.25000000000000       3.126608902438829E+052
   1.30000000000000       3.214209926965415E+052
   1.35000000000000       3.291769169449389E+052
   1.40000000000000       3.358644158135832E+052
   1.45000000000000       3.416192407820986E+052
   1.50000000000000       3.462729212885196E+052
   1.55000000000000       3.500341144163791E+052
   1.60000000000000       3.528471031417696E+052
   1.65000000000000       3.548051852457734E+052
   1.70000000000000       3.558995268235161E+052
   1.75000000000000       3.561847714565938E+052
   1.80000000000000       3.557018667163465E+052
   1.85000000000000       3.544814037501944E+052
   1.90000000000000       3.526213552322662E+052
   1.95000000000000       3.500690854561549E+052
   2.00000000000000       3.469780970363513E+052
   2.05000000000000       3.432343558117542E+052
   2.10000000000000       3.390093949022197E+052
   2.15000000000000       3.342670136703425E+052
   2.20000000000000       3.291234275802340E+052
   2.25000000000000       3.235456242419405E+052
   2.30000000000000       3.176399903674381E+052
   2.35000000000000       3.113772022124003E+052
   2.40000000000000       3.048315904795888E+052
   2.45000000000000       2.980243709782614E+052
   2.50000000000000       2.909850545533050E+052
   2.55000000000000       2.837524569547280E+052
   2.60000000000000       2.763444619374369E+052
   2.65000000000000       2.688241893671922E+052
   2.70000000000000       2.611880835602726E+052
   2.75000000000000       2.535169261618430E+052
   2.80000000000000       2.458004942938862E+052
   2.85000000000000       2.380596939065617E+052
   2.90000000000000       2.303022260789410E+052
   2.95000000000000       2.225811681521345E+052
   3.00000000000000       2.148698624035351E+052
   3.05000000000000       2.072275274926261E+052
   3.10000000000000       1.996792178466724E+052
   3.15000000000000       1.922178806457807E+052
   3.20000000000000       1.848721980771717E+052
   3.25000000000000       1.776318199502921E+052
   3.30000000000000       1.705064877244100E+052
   3.35000000000000       1.635277373866236E+052
   3.40000000000000       1.567311139840937E+052
   3.45000000000000       1.501104643520928E+052
   3.50000000000000       1.436789450931822E+052
   3.55000000000000       1.374223166321815E+052
   3.60000000000000       1.313388947409845E+052
   3.65000000000000       1.254171114959575E+052
   3.70000000000000       1.196737089461936E+052
   3.75000000000000       1.141197244624561E+052
   3.80000000000000       1.087955248996141E+052
   3.85000000000000       1.036654628764639E+052
   3.90000000000000       9.873033415100626E+051
   3.95000000000000       9.397355885409909E+051
   4.00000000000000       8.941271406035483E+051
   4.05000000000000       8.505442328612079E+051
   4.10000000000000       8.086629215615327E+051
   4.15000000000000       7.683082398533570E+051
   4.20000000000000       7.297510808242546E+051
   4.25000000000000       6.929314609550915E+051
   4.30000000000000       6.579796182392265E+051
   4.35000000000000       6.244736689597771E+051
   4.40000000000000       5.923431348409575E+051
   4.45000000000000       5.618954594715077E+051
   4.50000000000000       5.327394098721514E+051
   4.55000000000000       5.051042154576943E+051
   4.60000000000000       4.789320333313241E+051
   4.65000000000000       4.540131290402054E+051
   4.70000000000000       4.301283183473298E+051
   4.75000000000000       4.072801810650013E+051
   4.80000000000000       3.853304715745656E+051
   4.85000000000000       3.646969576598602E+051
   4.90000000000000       3.416836218032587E+051
   4.95000000000000       3.246765904226440E+051
   5.00000000000000       3.083330475183112E+051
   5.05000000000000       2.928718293455267E+051
   5.10000000000000       2.780515888736984E+051
   5.15000000000000       2.640298345524252E+051
   5.20000000000000       2.505993586710938E+051
   5.25000000000000       2.378713987872601E+051
   5.30000000000000       2.256526906933457E+051
   5.35000000000000       2.138229957411162E+051
   5.40000000000000       2.025720065572668E+051
   5.45000000000000       1.918518197094659E+051
   5.50000000000000       1.814583765280319E+051
   5.55000000000000       1.717303866532432E+051
   5.60000000000000       1.628120743142944E+051
   5.65000000000000       1.543944869165412E+051
   5.70000000000000       1.465930172140005E+051
   5.75000000000000       1.391465754323928E+051
   5.80000000000000       1.320923719136619E+051
   5.85000000000000       1.252409001332430E+051
   5.90000000000000       1.189358367773492E+051
   5.95000000000000       1.128287703592719E+051
   6.00000000000000       1.069162353019045E+051
   6.05000000000000       1.013992536775113E+051
   6.10000000000000       9.605402413628403E+050
   6.15000000000000       9.076302901470890E+050
   6.20000000000000       8.572845208918285E+050
   6.25000000000000       8.113094683211647E+050
   6.30000000000000       7.710417644108275E+050
   6.35000000000000       7.332260215751303E+050
   6.40000000000000       6.970841058079911E+050
   6.45000000000000       6.628622191532655E+050
   6.50000000000000       6.303217283420840E+050
   6.55000000000000       5.995265428861269E+050
   6.60000000000000       5.699137865787528E+050
   6.65000000000000       5.418215098700894E+050
   6.70000000000000       5.149601483723299E+050
   6.75000000000000       4.883189401986730E+050
   6.80000000000000       4.633138476888064E+050
   6.85000000000000       4.391605654715475E+050
   6.90000000000000       4.158585502379734E+050
   6.95000000000000       3.960976704510442E+050
   7.00000000000000       3.777097642109372E+050
   7.05000000000000       3.605835284213689E+050
   7.10000000000000       3.442304837479585E+050
   7.15000000000000       3.287573112134699E+050
   7.20000000000000       3.140367943755929E+050
   7.25000000000000       3.002683791686016E+050
   7.30000000000000       2.867485060895885E+050
   7.35000000000000       2.737340214666337E+050
   7.40000000000000       2.611027759682032E+050
   7.45000000000000       2.491111555829502E+050
   7.50000000000000       2.373939909946286E+050
   7.55000000000000       2.264512719566171E+050
   7.60000000000000       2.160225426446420E+050
   7.65000000000000       2.070371623845323E+050
   7.70000000000000       1.984810641577639E+050
   7.75000000000000       1.907954956247243E+050
   7.80000000000000       1.833678899671958E+050
   7.85000000000000       1.765095943162672E+050
   7.90000000000000       1.698095143744432E+050
   7.95000000000000       1.633405643743152E+050
   8.00000000000000       1.568596948924629E+050
   8.05000000000000       1.508636646297698E+050
   8.10000000000000       1.449512952855231E+050
   8.15000000000000       1.392321572925883E+050
   8.20000000000000       1.337203052655655E+050
   8.25000000000000       1.283676354589418E+050
   8.30000000000000       1.235263044378669E+050
   8.35000000000000       1.193464654583080E+050
   8.40000000000000       1.154191774422247E+050
   8.45000000000000       1.117986926890001E+050
   8.50000000000000       1.084166267817469E+050
   8.55000000000000       1.051304433281791E+050
   8.60000000000000       1.019119327745228E+050
   8.65000000000000       9.869594138919819E+049
   8.70000000000000       9.561522817580289E+049
   8.75000000000000       9.254010819304474E+049
   8.80000000000000       8.965491063222655E+049
   8.85000000000000       8.675248732290292E+049
   8.90000000000000       8.391134163322285E+049
   8.95000000000000       8.107602578040181E+049
   9.00000000000000       7.873587383702986E+049
   9.05000000000000       7.670759326358950E+049
   9.10000000000000       7.472199911542386E+049
   9.15000000000000       7.292332641713246E+049
   9.20000000000000       7.116032620535898E+049
   9.25000000000000       6.937699447067566E+049
   9.30000000000000       6.763082454736406E+049
   9.35000000000000       6.589635969532721E+049
   9.40000000000000       6.423247787878122E+049
   9.45000000000000       6.257409655115610E+049
   9.50000000000000       6.092379236944163E+049
   9.55000000000000       5.927738941260156E+049
   9.60000000000000       5.763536761666748E+049
   9.65000000000000       5.609306113896623E+049
   9.70000000000000       5.471351884085278E+049
   9.75000000000000       5.347623207452646E+049
   9.80000000000000       5.229737303033407E+049
   9.85000000000000       5.116371810872984E+049
   9.90000000000000       5.004051177284511E+049
   9.95000000000000       4.890180199025618E+049
   10.0000000000000       4.777556706943706E+049
   10.0500000000000       4.667593618137025E+049
   10.1000000000000       4.558202156158009E+049
   10.1500000000000       4.447920302621135E+049
   10.2000000000000       4.336978882542914E+049
   10.2500000000000       4.229485258129053E+049
   10.3000000000000       4.121849721807141E+049
   10.3500000000000       4.017181049497039E+049
   10.4000000000000       3.920506769042707E+049
   10.4500000000000       3.828349329746092E+049
   10.5000000000000       3.740426633845410E+049
   10.5500000000000       3.656148962312829E+049
   10.6000000000000       3.572185091681759E+049
   10.6500000000000       3.488438636741556E+049
   10.7000000000000       3.406544472755611E+049
   10.7500000000000       3.324434576277505E+049
   10.8000000000000       3.242970887371981E+049
   10.8500000000000       3.162215987569723E+049
   10.9000000000000       3.081802022673534E+049
   10.9500000000000       3.002103925804389E+049
   11.0000000000000       2.923011007172961E+049
   11.0500000000000       2.846363153418052E+049
   11.1000000000000       2.774378502893560E+049
   11.1500000000000       2.703783273034641E+049
   11.2000000000000       2.633779789820916E+049
   11.2500000000000       2.568647098166455E+049
   11.3000000000000       2.504887350507565E+049
   11.3500000000000       2.441755493335102E+049
   11.4000000000000       2.379608021272784E+049
   11.4500000000000       2.318040954862094E+049
   11.5000000000000       2.257110731181318E+049
   11.5500000000000       2.197401420491559E+049
   11.6000000000000       2.138042635130871E+049
   11.6500000000000       2.079251408079976E+049
   11.7000000000000       2.021662967225733E+049
   11.7500000000000       1.966455147200665E+049
   11.8000000000000       1.912922158141784E+049
   11.8500000000000       1.860900960560914E+049
   11.9000000000000       1.808632483356636E+049
   11.9500000000000       1.759536231075732E+049
   12.0000000000000       1.712369304961616E+049
   12.0500000000000       1.666124889019060E+049
   12.1000000000000       1.620656443261315E+049
   12.1500000000000       1.575960580761030E+049
   12.2000000000000       1.531990133587504E+049
   12.2500000000000       1.488970502618242E+049
   12.3000000000000       1.446558578083786E+049
   12.3500000000000       1.404864242499875E+049
   12.4000000000000       1.364221075334449E+049
   12.4500000000000       1.324994529696231E+049
   12.5000000000000       1.286987286225360E+049
   12.5500000000000       1.249928022382439E+049
   12.6000000000000       1.212975436546392E+049
   12.6500000000000       1.177827884530518E+049
   12.7000000000000       1.143801664748409E+049
   12.7500000000000       1.110842636239070E+049
   12.8000000000000       1.078740984798653E+049
   12.8500000000000       1.047279157668363E+049
   12.9000000000000       1.016424418039623E+049
   12.9500000000000       9.862651642551019E+048
   13.0000000000000       9.567716177523111E+048
   13.0500000000000       9.279525993710357E+048
   13.1000000000000       8.999001972274559E+048
   13.1500000000000       8.717469564011785E+048
   13.2000000000000       8.454205446574588E+048
   13.2500000000000       8.197665413253577E+048
   13.3000000000000       7.948457070359323E+048
   13.3500000000000       7.706414086944075E+048
   13.4000000000000       7.470000618904834E+048
   13.4500000000000       7.238970659180704E+048
   13.5000000000000       7.017810299426225E+048
   13.5500000000000       6.802303064581483E+048
   13.6000000000000       6.591789626913086E+048
   13.6500000000000       6.379847654261557E+048
   13.7000000000000       6.180375355858649E+048
   13.7500000000000       5.984954284056458E+048
   13.8000000000000       5.796247764263838E+048
   13.8500000000000       5.613451777354952E+048
   13.9000000000000       5.435629873153692E+048
   13.9500000000000       5.262666212219210E+048
   14.0000000000000       5.093425927970804E+048
   14.0500000000000       4.930408604341400E+048
   14.1000000000000       4.771757862654208E+048
   14.1500000000000       4.617270312577083E+048
   14.2000000000000       4.467876584261678E+048
   14.2500000000000       4.323296581793819E+048
   14.3000000000000       4.181367689251167E+048
   14.3500000000000       4.044472625743207E+048
   14.4000000000000       3.910486622463474E+048
   14.4500000000000       3.769217521604315E+048
   14.5000000000000       3.643493066609198E+048
   14.5500000000000       3.521625231608379E+048
   14.6000000000000       3.403422215027899E+048
   14.6500000000000       3.288565357506943E+048
   14.7000000000000       3.176881317093026E+048
   14.7500000000000       3.068841635083010E+048
   14.8000000000000       2.964640542270362E+048
   14.8500000000000       2.863343791149838E+048
   14.9000000000000       2.764969087238186E+048
   14.9500000000000       2.669994215069167E+048
   15.0000000000000       2.578120891725378E+048
   15.0500000000000       2.488746836742632E+048
   15.1000000000000       2.402113336061121E+048
   15.1500000000000       2.317520454159657E+048
   15.2000000000000       2.235934282432130E+048
   15.2500000000000       2.152542006552065E+048
   15.3000000000000       2.076136616522645E+048
   15.3500000000000       2.002017094319219E+048
   15.4000000000000       1.929336285747102E+048
   15.4500000000000       1.859634542368521E+048
   15.5000000000000       1.792204616422825E+048
   15.5500000000000       1.726857798761691E+048
   15.6000000000000       1.663542027583360E+048
   15.6500000000000       1.601263922596470E+048
   15.7000000000000       1.542201790833703E+048
   15.7500000000000       1.485005435517806E+048
   15.8000000000000       1.429715334983429E+048
   15.8500000000000       1.376131432811140E+048
   15.9000000000000       1.324082388953833E+048
   15.9500000000000       1.273895729073746E+048
   16.0000000000000       1.225330631214103E+048
   16.0500000000000       1.178442480577456E+048
   16.1000000000000       1.133002296126718E+048
   16.1500000000000       1.089092410327845E+048
   16.2000000000000       1.046668914841503E+048
   16.2500000000000       1.005720122836845E+048
   16.3000000000000       9.661288750640561E+047
   16.3500000000000       9.277776570023476E+047
   16.4000000000000       8.908716302732322E+047
   16.4500000000000       8.553573385694642E+047
   16.5000000000000       8.206752945318199E+047
   16.5500000000000       7.876015428612036E+047
   16.6000000000000       7.557441880966274E+047
   16.6500000000000       7.249680580661436E+047
   16.7000000000000       6.953407196538962E+047
   16.7500000000000       6.662136892162139E+047
   16.8000000000000       6.386785914974236E+047
   16.8500000000000       6.121571596395050E+047
   16.9000000000000       5.865818035012148E+047
   16.9500000000000       5.614372225953532E+047
   17.0000000000000       5.377712599355648E+047
   17.0500000000000       5.149703132004938E+047
   17.1000000000000       4.930376351954690E+047
   17.1500000000000       4.713847355039788E+047
   17.2000000000000       4.511600297105962E+047
   17.2500000000000       4.316931961981614E+047
   17.3000000000000       4.129990520287188E+047
   17.3500000000000       3.950347764312594E+047
   17.4000000000000       3.777733365373833E+047
   17.4500000000000       3.611876993048661E+047
   17.5000000000000       3.452247373960674E+047
   17.5500000000000       3.299321338790641E+047
   17.6000000000000       3.152477544412297E+047
   17.6500000000000       3.011580824645801E+047
   17.7000000000000       2.876018091872429E+047
   17.7500000000000       2.746295065751655E+047
   17.8000000000000       2.621910908134876E+047
   17.8500000000000       2.502683983240024E+047
   17.9000000000000       2.388069143995437E+047
   17.9500000000000       2.276540500765726E+047
   18.0000000000000       2.171860415765827E+047
   18.0500000000000       2.071640656653225E+047
   18.1000000000000       1.975610900602362E+047
   18.1500000000000       1.883703566883538E+047
   18.2000000000000       1.795715913361929E+047
   18.2500000000000       1.711580359296301E+047
   18.3000000000000       1.631026581837281E+047
   18.3500000000000       1.553987000225032E+047
   18.4000000000000       1.480394033686021E+047
   18.4500000000000       1.409977359328495E+047
   18.5000000000000       1.342669396335944E+047
   18.5500000000000       1.278402563857442E+047
   18.6000000000000       1.216663669303343E+047
   18.6500000000000       1.157911101743848E+047
   18.7000000000000       1.101941500665265E+047
   18.7500000000000       1.048542377067956E+047
   18.8000000000000       9.975085779421183E+046
   18.8500000000000       9.488401032857473E+046
   18.9000000000000       9.024693723965370E+046
   18.9500000000000       8.581936431718116E+046
   19.0000000000000       8.159453349084359E+046
   19.0500000000000       7.756568669026901E+046
   19.1000000000000       7.372606584501074E+046
   19.1500000000000       7.006891288452399E+046
   19.2000000000000       6.658544231713392E+046
   19.2500000000000       6.326484122998742E+046
   19.3000000000000       6.009346348635217E+046
   19.3500000000000       5.707980451592507E+046
   19.4000000000000       5.421223473705702E+046
   19.4500000000000       5.148190253491141E+046
   19.5000000000000       4.888267689061623E+046
   19.5500000000000       4.640982715516389E+046
   19.6000000000000       4.405591945154597E+046
   19.6500000000000       4.181825055175310E+046
   19.7000000000000       3.968803496477473E+046
   19.7500000000000       3.766324526959896E+046
   19.8000000000000       3.573779920321217E+046
   19.8500000000000       3.390696611659868E+046
   19.9000000000000       3.216669116774022E+046
   19.9500000000000       3.051224370761516E+046
   20.0000000000000       2.894024470119758E+046
   20.0500000000000       2.744658770197504E+046
   20.1000000000000       2.602739149754639E+046
   20.1500000000000       2.467915502811370E+046
   20.2000000000000       2.339917506567678E+046
   20.2500000000000       2.218339676823545E+046
   20.3000000000000       2.102911690778948E+046
   20.3500000000000       1.993295644933865E+046
   20.4000000000000       1.889288797188269E+046
   20.4500000000000       1.790553244042131E+046
   20.5000000000000       1.696818662695420E+046
   20.5500000000000       1.607882311048099E+046
   20.6000000000000       1.523473866300127E+046
   20.6500000000000       1.443458167051457E+046
   20.7000000000000       1.367497309802036E+046
   20.7500000000000       1.295456133151799E+046
   20.8000000000000       1.227130350600000E+046
   20.8500000000000       1.162320459300000E+046
   20.9000000000000       1.100822022300000E+046
   20.9500000000000       1.042567458900000E+046
   21.0000000000000       9.873540270000001E+045
   21.0500000000000       9.349789845000000E+045
   21.1000000000000       8.853071700000000E+045
   21.1500000000000       8.382710028000000E+045
   21.2000000000000       7.936677408000000E+045
   21.2500000000000       7.513622226000000E+045
   21.3000000000000       7.112868675000000E+045
   21.3500000000000       6.733538205900000E+045
   21.4000000000000       6.373806139800000E+045
   21.4500000000000       6.033064250400001E+045
   21.5000000000000       5.710163665800000E+045
   21.5500000000000       5.404428579000000E+045
   21.6000000000000       5.114710118100000E+045
   21.6500000000000       4.840264895400001E+045
   21.7000000000000       4.580417103900000E+045
   21.7500000000000       4.334220613800000E+045
   21.8000000000000       4.101134779500000E+045
   21.8500000000000       3.880348632600001E+045
   21.9000000000000       3.671321527500000E+045
   21.9500000000000       3.473377657200000E+045
   22.0000000000000       3.285976376100000E+045
   22.0500000000000       3.108577038600000E+045
   22.1000000000000       2.940638999100000E+045
   22.1500000000000       2.781689192700000E+045
   22.2000000000000       2.631119393100000E+045
   22.2500000000000       2.488659277500000E+045
   22.3000000000000       2.353835781000000E+045
   22.3500000000000       2.226243419400000E+045
   22.4000000000000       2.105409127800000E+045
   22.4500000000000       1.991130164100000E+045
   22.5000000000000       1.882933463400000E+045
   22.5500000000000       1.780548702900000E+045
   22.6000000000000       1.683705559800000E+045
   22.6500000000000       1.592066130600000E+045
   22.7000000000000       1.505292511800000E+045
   22.7500000000000       1.423249542000000E+045
   22.8000000000000       1.345666898400000E+045
   22.8500000000000       1.272206677500000E+045
   22.9000000000000       1.202733717900000E+045
   22.9500000000000       1.137045277500000E+045
   23.0000000000000       1.074871033500000E+045
   23.0500000000000       1.016075824500000E+045
   23.1000000000000       9.604569084000001E+044
   23.1500000000000       9.078115431000001E+044
   23.2000000000000       8.580721479000001E+044
   23.2500000000000       8.110359807000001E+044
   23.3000000000000       7.665002994000001E+044
   23.3500000000000       7.244651040000000E+044
   23.4000000000000       6.846600717000000E+044
   23.4500000000000       6.470243798700000E+044
   23.5000000000000       6.114498993900001E+044
   23.5500000000000       5.778082269300000E+044
   23.6000000000000       5.460047495100001E+044
   23.6500000000000       5.159245799400001E+044
   23.7000000000000       4.874933794500001E+044
   23.7500000000000       4.606165350600001E+044
   23.8000000000000       4.352061918600000E+044
   23.8500000000000       4.111880110800000E+044
   23.9000000000000       3.884741378100000E+044
   23.9500000000000       3.670172655600000E+044
   24.0000000000000       3.467295394200000E+044
   24.0500000000000       3.275501367600000E+044
   24.1000000000000       3.094249930200000E+044
   24.1500000000000       2.922932855700000E+044
   24.2000000000000       2.761077079200000E+044
   24.2500000000000       2.608006793700000E+044
   24.3000000000000       2.463451676400000E+044
   24.3500000000000       2.326735920300000E+044
   24.4000000000000       2.197656783300000E+044
   24.4500000000000       2.075606039100000E+044
   24.5000000000000       1.960313364900000E+044
   24.5500000000000       1.851373276500000E+044
   24.6000000000000       1.748380289700000E+044
   24.6500000000000       1.651131662400000E+044
   24.7000000000000       1.559221910400000E+044
   24.7500000000000       1.472448291600000E+044
   24.8000000000000       1.390472902500000E+044
   24.8500000000000       1.312957839600000E+044
   24.9000000000000       1.239767941500000E+044
   24.9500000000000       1.170565304700000E+044
   25.0000000000000       1.105214767800000E+044
