  0.100000000000000       1.963400000000000E+051
  0.242440000000000       7.422500000000001E+051
  0.356270000000000       1.974000000000000E+052
  0.523520000000000       5.334300000000000E+052
  0.769310000000000       5.943000000000000E+053
   1.13050000000000       1.915700000000000E+054
   1.66120000000000       4.627900000000000E+054
   2.44110000000000       1.060100000000000E+055
   3.58720000000000       2.150800000000000E+055
   5.27120000000000       3.321900000000000E+055
   7.74600000000000       3.272500000000000E+055
   11.3830000000000       1.081600000000000E+055
   16.7260000000000       1.974600000000000E+053
   24.5790000000000       2.373100000000000E+050
   36.1180000000000       5.722100000000000E+046
   53.0750000000000       2.980300000000000E+031
   77.9920000000000       1.405900000000000E+032
   114.610000000000       5.409900000000000E+031
   168.410000000000      -6.801100000000000E+017
   247.480000000000      -8.834400000000000E+017
