  0.100000000000000       1.830100000000000E+051
  0.242440000000000       6.747600000000000E+051
  0.356270000000000       1.774800000000000E+052
  0.523520000000000       4.768800000000000E+052
  0.769310000000000       5.440300000000000E+053
   1.13050000000000       1.749000000000000E+054
   1.66120000000000       4.188300000000000E+054
   2.44110000000000       9.456100000000001E+054
   3.58720000000000       1.868000000000000E+055
   5.27120000000000       2.754100000000000E+055
   7.74600000000000       2.555400000000000E+055
   11.3830000000000       7.790400000000000E+054
   16.7260000000000       1.408300000000000E+053
   24.5790000000000       1.642300000000000E+050
   36.1180000000000       3.698900000000000E+046
   53.0750000000000       2.671400000000000E+031
   77.9920000000000       1.459600000000000E+032
   114.610000000000       5.522700000000000E+031
   168.410000000000      -2.920800000000000E+017
   247.480000000000       9.013600000000000E+016
