  0.100000000000000       1.274700000000000E+051
  0.242440000000000       4.256200000000000E+051
  0.356270000000000       1.061400000000000E+052
  0.523520000000000       2.695700000000000E+052
  0.769310000000000       2.327200000000000E+053
   1.13050000000000       6.955900000000000E+053
   1.66120000000000       1.490800000000000E+054
   2.44110000000000       2.811900000000000E+054
   3.58720000000000       4.143600000000000E+054
   5.27120000000000       4.139800000000000E+054
   7.74600000000000       2.547100000000000E+054
   11.3830000000000       3.894100000000000E+053
   16.7260000000000       5.487900000000000E+051
   24.5790000000000       4.871500000000000E+048
   36.1180000000000       5.487900000000000E+044
   53.0750000000000       2.615500000000000E+031
   77.9920000000000       1.914100000000000E+032
   114.610000000000       6.530200000000000E+031
   168.410000000000      -1.562000000000000E+018
   247.480000000000      -7.220800000000000E+017
