  0.100000000000000       1.236100000000000E+051
  0.242440000000000       4.103300000000000E+051
  0.356270000000000       1.019500000000000E+052
  0.523520000000000       2.570600000000000E+052
  0.769310000000000       1.861500000000000E+053
   1.13050000000000       5.368100000000000E+053
   1.66120000000000       1.117000000000000E+054
   2.44110000000000       2.017900000000000E+054
   3.58720000000000       2.806800000000000E+054
   5.27120000000000       2.636500000000000E+054
   7.74600000000000       1.448900000000000E+054
   11.3830000000000       1.869900000000000E+053
   16.7260000000000       2.456300000000000E+051
   24.5790000000000       2.068200000000000E+048
   36.1180000000000       1.185700000000000E+044
   53.0750000000000       2.631400000000000E+031
   77.9920000000000       1.994600000000000E+032
   114.610000000000       6.786100000000000E+031
   168.410000000000      -7.036300000000000E+017
   247.480000000000      -1.403000000000000E+017
