  0.100000000000000       1.472500000000000E+051
  0.242440000000000       5.072100000000000E+051
  0.356270000000000       1.289600000000000E+052
  0.523520000000000       3.368300000000000E+052
  0.769310000000000       3.755400000000000E+053
   1.13050000000000       1.180400000000000E+054
   1.66120000000000       2.703300000000000E+054
   2.44110000000000       5.668000000000000E+054
   3.58720000000000       9.809000000000000E+054
   5.27120000000000       1.173000000000000E+055
   7.74600000000000       8.752699999999999E+054
   11.3830000000000       1.958400000000000E+054
   16.7260000000000       3.248600000000000E+052
   24.5790000000000       3.325200000000000E+049
   36.1180000000000       5.802500000000000E+045
   53.0750000000000       2.611700000000000E+031
   77.9920000000000       1.705200000000000E+032
   114.610000000000       5.972000000000000E+031
   168.410000000000       1.298600000000000E+016
   247.480000000000       1.506400000000000E+017
