  0.100000000000000       1.444400000000000E+051
  0.242440000000000       4.951800000000000E+051
  0.356270000000000       1.255500000000000E+052
  0.523520000000000       3.269700000000000E+052
  0.769310000000000       3.587700000000000E+053
   1.13050000000000       1.123200000000000E+054
   1.66120000000000       2.557300000000000E+054
   2.44110000000000       5.308200000000000E+054
   3.58720000000000       9.035300000000000E+054
   5.27120000000000       1.057400000000000E+055
   7.74600000000000       7.724800000000000E+054
   11.3830000000000       1.666100000000000E+054
   16.7260000000000       2.727500000000000E+052
   24.5790000000000       2.753700000000000E+049
   36.1180000000000       4.584100000000000E+045
   53.0750000000000       2.612600000000000E+031
   77.9920000000000       1.727200000000000E+032
   114.610000000000       6.021900000000000E+031
   168.410000000000       9.716400000000000E+017
   247.480000000000       1.479200000000000E+018
