  0.100000000000000       1.274500000000000E+051
  0.242440000000000       4.255500000000000E+051
  0.356270000000000       1.061200000000000E+052
  0.523520000000000       2.695000000000000E+052
  0.769310000000000       2.325000000000000E+053
   1.13050000000000       6.948200000000000E+053
   1.66120000000000       1.489000000000000E+054
   2.44110000000000       2.808100000000000E+054
   3.58720000000000       4.136500000000000E+054
   5.27120000000000       4.131600000000000E+054
   7.74600000000000       2.541100000000000E+054
   11.3830000000000       3.882100000000000E+053
   16.7260000000000       5.468600000000000E+051
   24.5790000000000       4.852700000000000E+048
   36.1180000000000       5.462200000000000E+044
   53.0750000000000       2.615500000000000E+031
   77.9920000000000       1.914500000000000E+032
   114.610000000000       6.531200000000000E+031
   168.410000000000       1.030200000000000E+017
   247.480000000000      -6.573500000000000E+017
