  0.100000000000000       1.550100000000000E+051
  0.242440000000000       5.414000000000000E+051
  0.356270000000000       1.387200000000000E+052
  0.523520000000000       3.651600000000000E+052
  0.769310000000000       4.179000000000000E+053
   1.13050000000000       1.324100000000000E+054
   1.66120000000000       3.077200000000000E+054
   2.44110000000000       6.603100000000000E+054
   3.58720000000000       1.189100000000000E+055
   5.27120000000000       1.506200000000000E+055
   7.74600000000000       1.186000000000000E+055
   11.3830000000000       2.884200000000000E+054
   16.7260000000000       4.932200000000000E+052
   24.5790000000000       5.251100000000000E+049
   36.1180000000000       1.007000000000000E+046
   53.0750000000000       2.607800000000000E+031
   77.9920000000000       1.643300000000000E+032
   114.610000000000       5.838100000000000E+031
   168.410000000000       1.313500000000000E+018
   247.480000000000       8.173400000000000E+017
