  0.100000000000000       1.491100000000000E+051
  0.242440000000000       5.153000000000000E+051
  0.356270000000000       1.312600000000000E+052
  0.523520000000000       3.434900000000000E+052
  0.769310000000000       3.862000000000000E+053
   1.13050000000000       1.216700000000000E+054
   1.66120000000000       2.796600000000000E+054
   2.44110000000000       5.900000000000000E+054
   3.58720000000000       1.031800000000000E+055
   5.27120000000000       1.251600000000000E+055
   7.74600000000000       9.465999999999999E+054
   11.3830000000000       2.165100000000000E+054
   16.7260000000000       3.621900000000000E+052
   24.5790000000000       3.742600000000000E+049
   36.1180000000000       6.717700000000000E+045
   53.0750000000000       2.610900000000000E+031
   77.9920000000000       1.691100000000000E+032
   114.610000000000       5.940800000000000E+031
   168.410000000000       1.669100000000000E+018
   247.480000000000      -2.161800000000000E+017
