  0.100000000000000       1.855200000000000E+051
  0.242440000000000       6.872600000000000E+051
  0.356270000000000       1.811600000000000E+052
  0.523520000000000       4.873300000000000E+052
  0.769310000000000       5.538100000000000E+053
   1.13050000000000       1.781700000000000E+054
   1.66120000000000       4.273800000000000E+054
   2.44110000000000       9.678900000000000E+054
   3.58720000000000       1.922700000000000E+055
   5.27120000000000       2.862100000000000E+055
   7.74600000000000       2.687400000000000E+055
   11.3830000000000       8.324500000000000E+054
   16.7260000000000       1.508400000000000E+053
   24.5790000000000       1.770700000000000E+050
   36.1180000000000       4.041100000000000E+046
   53.0750000000000       2.705000000000000E+031
   77.9920000000000       1.447500000000000E+032
   114.610000000000       5.500000000000000E+031
   168.410000000000      -1.089800000000000E+018
   247.480000000000       7.354000000000000E+015
