  0.100000000000000       1.819200000000000E+051
  0.242440000000000       6.693800000000000E+051
  0.356270000000000       1.759100000000000E+052
  0.523520000000000       4.723800000000000E+052
  0.769310000000000       5.397300000000000E+053
   1.13050000000000       1.734700000000000E+054
   1.66120000000000       4.150700000000000E+054
   2.44110000000000       9.358400000000000E+054
   3.58720000000000       1.844000000000000E+055
   5.27120000000000       2.707100000000000E+055
   7.74600000000000       2.498600000000000E+055
   11.3830000000000       7.564200000000000E+054
   16.7260000000000       1.365800000000000E+053
   24.5790000000000       1.588100000000000E+050
   36.1180000000000       3.556200000000000E+046
   53.0750000000000       2.659600000000000E+031
   77.9920000000000       1.465000000000000E+032
   114.610000000000       5.532800000000000E+031
   168.410000000000      -3.431200000000000E+017
   247.480000000000      -6.125600000000000E+016
