  0.100000000000000       1.274100000000000E+051
  0.242440000000000       4.253800000000000E+051
  0.356270000000000       1.060700000000000E+052
  0.523520000000000       2.693600000000000E+052
  0.769310000000000       2.320500000000000E+053
   1.13050000000000       6.932900000000000E+053
   1.66120000000000       1.485400000000000E+054
   2.44110000000000       2.800300000000000E+054
   3.58720000000000       4.122700000000000E+054
   5.27120000000000       4.115200000000000E+054
   7.74600000000000       2.529000000000000E+054
   11.3830000000000       3.858100000000000E+053
   16.7260000000000       5.429900000000000E+051
   24.5790000000000       4.815600000000000E+048
   36.1180000000000       5.411200000000000E+044
   53.0750000000000       2.615500000000000E+031
   77.9920000000000       1.915200000000000E+032
   114.610000000000       6.533700000000000E+031
   168.410000000000      -9.804500000000000E+017
   247.480000000000       2.802400000000000E+017
