  0.100000000000000       1.942600000000000E+051
  0.242440000000000       7.315300000000000E+051
  0.356270000000000       1.942200000000000E+052
  0.523520000000000       5.244300000000000E+052
  0.769310000000000       5.867100000000000E+053
   1.13050000000000       1.890600000000000E+054
   1.66120000000000       4.561500000000000E+054
   2.44110000000000       1.042800000000000E+055
   3.58720000000000       2.107800000000000E+055
   5.27120000000000       3.233800000000000E+055
   7.74600000000000       3.157800000000000E+055
   11.3830000000000       1.031300000000000E+055
   16.7260000000000       1.880400000000000E+053
   24.5790000000000       2.250900000000000E+050
   36.1180000000000       5.371600000000000E+046
   53.0750000000000       2.909300000000000E+031
   77.9920000000000       1.412600000000000E+032
   114.610000000000       5.429000000000000E+031
   168.410000000000       6.406200000000000E+016
   247.480000000000      -9.387100000000000E+017
