  0.100000000000000       2.091400000000000E+051
  0.242440000000000       8.099999999999999E+051
  0.356270000000000       2.175900000000000E+052
  0.523520000000000       5.901000000000000E+052
  0.769310000000000       6.399400000000000E+053
   1.13050000000000       2.064600000000000E+054
   1.66120000000000       5.024100000000000E+054
   2.44110000000000       1.163500000000000E+055
   3.58720000000000       2.410700000000000E+055
   5.27120000000000       3.865600000000000E+055
   7.74600000000000       4.004500000000000E+055
   11.3830000000000       1.411300000000000E+055
   16.7260000000000       2.598500000000000E+053
   24.5790000000000       3.192400000000000E+050
   36.1180000000000       8.157400000000000E+046
   53.0750000000000       3.672500000000000E+031
   77.9920000000000       1.363300000000000E+032
   114.610000000000       5.307600000000000E+031
   168.410000000000      -1.728800000000000E+018
   247.480000000000       1.254500000000000E+018
