  0.100000000000000       1.863700000000000E+051
  0.242440000000000       6.914800000000000E+051
  0.356270000000000       1.824100000000000E+052
  0.523520000000000       4.908600000000000E+052
  0.769310000000000       5.570700000000000E+053
   1.13050000000000       1.792500000000000E+054
   1.66120000000000       4.302300000000000E+054
   2.44110000000000       9.752900000000000E+054
   3.58720000000000       1.940900000000000E+055
   5.27120000000000       2.898200000000000E+055
   7.74600000000000       2.732200000000000E+055
   11.3830000000000       8.507600000000000E+054
   16.7260000000000       1.542600000000000E+053
   24.5790000000000       1.814700000000000E+050
   36.1180000000000       4.159900000000000E+046
   53.0750000000000       2.718500000000000E+031
   77.9920000000000       1.443600000000000E+032
   114.610000000000       5.492500000000000E+031
   168.410000000000      -1.161400000000000E+018
   247.480000000000       7.415100000000000E+016
