  0.100000000000000       1.288500000000000E+051
  0.242440000000000       4.311900000000000E+051
  0.356270000000000       1.076800000000000E+052
  0.523520000000000       2.742100000000000E+052
  0.769310000000000       2.464000000000000E+053
   1.13050000000000       7.416000000000000E+053
   1.66120000000000       1.602500000000000E+054
   2.44110000000000       3.058500000000000E+054
   3.58720000000000       4.588800000000000E+054
   5.27120000000000       4.671000000000000E+054
   7.74600000000000       2.936600000000000E+054
   11.3830000000000       4.691800000000000E+053
   16.7260000000000       6.784000000000000E+051
   24.5790000000000       6.127200000000001E+048
   36.1180000000000       7.249800000000000E+044
   53.0750000000000       2.615500000000000E+031
   77.9920000000000       1.891300000000000E+032
   114.610000000000       6.457700000000000E+031
   168.410000000000      -2.068200000000000E+018
   247.480000000000      -1.034900000000000E+018
