  0.100000000000000       1.284300000000000E+051
  0.242440000000000       4.294800000000000E+051
  0.356270000000000       1.072100000000000E+052
  0.523520000000000       2.727900000000000E+052
  0.769310000000000       2.423900000000000E+053
   1.13050000000000       7.282200000000000E+053
   1.66120000000000       1.569700000000000E+054
   2.44110000000000       2.985200000000000E+054
   3.58720000000000       4.455200000000000E+054
   5.27120000000000       4.510500000000000E+054
   7.74600000000000       2.818500000000000E+054
   11.3830000000000       4.446500000000000E+053
   16.7260000000000       6.384300000000000E+051
   24.5790000000000       5.738200000000000E+048
   36.1180000000000       6.696900000000000E+044
   53.0750000000000       2.615500000000000E+031
   77.9920000000000       1.898000000000000E+032
   114.610000000000       6.478300000000000E+031
   168.410000000000      -7.341700000000000E+017
   247.480000000000      -2.809100000000000E+017
