  0.100000000000000       1.228700000000000E+051
  0.242440000000000       4.081400000000000E+051
  0.356270000000000       1.014300000000000E+052
  0.523520000000000       2.558300000000000E+052
  0.769310000000000       1.837200000000000E+053
   1.13050000000000       5.282300000000000E+053
   1.66120000000000       1.095900000000000E+054
   2.44110000000000       1.971000000000000E+054
   3.58720000000000       2.726000000000000E+054
   5.27120000000000       2.539100000000000E+054
   7.74600000000000       1.364400000000000E+054
   11.3830000000000       1.785400000000000E+053
   16.7260000000000       2.466500000000000E+051
   24.5790000000000       2.052500000000000E+048
   36.1180000000000       4.797200000000000E+043
   53.0750000000000       2.637300000000000E+031
   77.9920000000000       2.004500000000000E+032
   114.610000000000       6.804300000000000E+031
   168.410000000000       4.517300000000000E+026
   247.480000000000       8.687500000000000E+017
