  0.100000000000000       2.945100000000000E+051
  0.242440000000000       1.299400000000000E+052
  0.356270000000000       3.660600000000000E+052
  0.523520000000000       1.006600000000000E+053
  0.769310000000000       8.846200000000000E+053
   1.13050000000000       2.841200000000000E+054
   1.66120000000000       7.105600000000000E+054
   2.44110000000000       1.715700000000000E+055
   3.58720000000000       3.818500000000000E+055
   5.27120000000000       6.974700000000000E+055
   7.74600000000000       8.644500000000000E+055
   11.3830000000000       3.992300000000000E+055
   16.7260000000000       7.534000000000000E+053
   24.5790000000000       1.017200000000000E+051
   36.1180000000000       2.919300000000000E+047
   53.0750000000000       8.239600000000000E+031
   77.9920000000000       1.196800000000000E+032
   114.610000000000       4.830600000000000E+031
   168.410000000000       1.176800000000000E+018
   247.480000000000       9.309600000000000E+017
