  0.100000000000000       1.313700000000000E+051
  0.242440000000000       4.412200000000000E+051
  0.356270000000000       1.104500000000000E+052
  0.523520000000000       2.824600000000000E+052
  0.769310000000000       2.677800000000000E+053
   1.13050000000000       8.136600000000000E+053
   1.66120000000000       1.779500000000000E+054
   2.44110000000000       3.460100000000000E+054
   3.58720000000000       5.331900000000000E+054
   5.27120000000000       5.576800000000000E+054
   7.74600000000000       3.616000000000000E+054
   11.3830000000000       6.162700000000000E+053
   16.7260000000000       9.218200000000000E+051
   24.5790000000000       8.536100000000001E+048
   36.1180000000000       1.081200000000000E+045
   53.0750000000000       2.615400000000000E+031
   77.9920000000000       1.856600000000000E+032
   114.610000000000       6.356900000000000E+031
   168.410000000000      -8.625600000000000E+017
   247.480000000000       2.143500000000000E+018
