  0.100000000000000       1.414600000000000E+051
  0.242440000000000       4.825300000000000E+051
  0.356270000000000       1.219900000000000E+052
  0.523520000000000       3.165700000000000E+052
  0.769310000000000       3.400000000000000E+053
   1.13050000000000       1.059300000000000E+054
   1.66120000000000       2.394700000000000E+054
   2.44110000000000       4.912300000000000E+054
   3.58720000000000       8.202900000000000E+054
   5.27120000000000       9.379100000000000E+054
   7.74600000000000       6.692999999999999E+054
   11.3830000000000       1.379300000000000E+054
   16.7260000000000       2.220600000000000E+052
   24.5790000000000       2.212800000000000E+049
   36.1180000000000       3.489800000000000E+045
   53.0750000000000       2.613500000000000E+031
   77.9920000000000       1.752300000000000E+032
   114.610000000000       6.082400000000000E+031
   168.410000000000       7.120300000000000E+016
   247.480000000000       1.399200000000000E+018
