  0.100000000000000       1.242000000000000E+051
  0.242440000000000       4.124800000000000E+051
  0.356270000000000       1.025200000000000E+052
  0.523520000000000       2.586100000000000E+052
  0.769310000000000       1.928900000000000E+053
   1.13050000000000       5.598400000000000E+053
   1.66120000000000       1.171300000000000E+054
   2.44110000000000       2.130200000000000E+054
   3.58720000000000       2.983700000000000E+054
   5.27120000000000       2.823100000000000E+054
   7.74600000000000       1.585800000000000E+054
   11.3830000000000       2.080300000000000E+053
   16.7260000000000       2.695800000000000E+051
   24.5790000000000       2.273000000000000E+048
   36.1180000000000       1.771900000000000E+044
   53.0750000000000       2.623400000000000E+031
   77.9920000000000       1.981900000000000E+032
   114.610000000000       6.749300000000000E+031
   168.410000000000       3.892000000000000E+017
   247.480000000000      -1.257600000000000E+018
