  0.100000000000000       1.278300000000000E+051
  0.242440000000000       4.270700000000000E+051
  0.356270000000000       1.065400000000000E+052
  0.523520000000000       2.707900000000000E+052
  0.769310000000000       2.364800000000000E+053
   1.13050000000000       7.084100000000000E+053
   1.66120000000000       1.521600000000000E+054
   2.44110000000000       2.878600000000000E+054
   3.58720000000000       4.263200000000000E+054
   5.27120000000000       4.281300000000000E+054
   7.74600000000000       2.650500000000000E+054
   11.3830000000000       4.102700000000000E+053
   16.7260000000000       5.825500000000000E+051
   24.5790000000000       5.196800000000000E+048
   36.1180000000000       5.937600000000000E+044
   53.0750000000000       2.615500000000000E+031
   77.9920000000000       1.907800000000000E+032
   114.610000000000       6.510100000000000E+031
   168.410000000000      -3.923500000000000E+017
   247.480000000000       1.682100000000000E+018
