  0.100000000000000       1.326200000000000E+051
  0.242440000000000       4.462200000000000E+051
  0.356270000000000       1.118300000000000E+052
  0.523520000000000       2.865800000000000E+052
  0.769310000000000       2.776200000000000E+053
   1.13050000000000       8.469600000000000E+053
   1.66120000000000       1.861800000000000E+054
   2.44110000000000       3.649300000000000E+054
   3.58720000000000       5.687900000000000E+054
   5.27120000000000       6.019200000000000E+054
   7.74600000000000       3.957200000000000E+054
   11.3830000000000       6.932700000000000E+053
   16.7260000000000       1.050500000000000E+052
   24.5790000000000       9.857300000000000E+048
   36.1180000000000       1.289700000000000E+045
   53.0750000000000       2.615400000000000E+031
   77.9920000000000       1.841300000000000E+032
   114.610000000000       6.315100000000000E+031
   168.410000000000       4.538900000000000E+017
   247.480000000000       1.459200000000000E+018
