  0.100000000000000       1.256600000000000E+051
  0.242440000000000       4.183300000000000E+051
  0.356270000000000       1.041200000000000E+052
  0.523520000000000       2.634300000000000E+052
  0.769310000000000       2.120300000000000E+053
   1.13050000000000       6.249000000000000E+053
   1.66120000000000       1.324500000000000E+054
   2.44110000000000       2.454500000000000E+054
   3.58720000000000       3.521500000000000E+054
   5.27120000000000       3.419800000000000E+054
   7.74600000000000       2.020900000000000E+054
   11.3830000000000       2.870000000000000E+053
   16.7260000000000       3.846600000000000E+051
   24.5790000000000       3.317200000000000E+048
   36.1180000000000       3.380800000000000E+044
   53.0750000000000       2.616100000000000E+031
   77.9920000000000       1.949400000000000E+032
   114.610000000000       6.644100000000000E+031
   168.410000000000      -7.922400000000000E+017
   247.480000000000       5.755500000000000E+017
