  0.100000000000000       1.420200000000000E+051
  0.242440000000000       4.848900000000000E+051
  0.356270000000000       1.226600000000000E+052
  0.523520000000000       3.185100000000000E+052
  0.769310000000000       3.436000000000000E+053
   1.13050000000000       1.071600000000000E+054
   1.66120000000000       2.425800000000000E+054
   2.44110000000000       4.988000000000000E+054
   3.58720000000000       8.360500000000000E+054
   5.27120000000000       9.602000000000000E+054
   7.74600000000000       6.882900000000000E+054
   11.3830000000000       1.431200000000000E+054
   16.7260000000000       2.311700000000000E+052
   24.5790000000000       2.308800000000000E+049
   36.1180000000000       3.680500000000000E+045
   53.0750000000000       2.613300000000000E+031
   77.9920000000000       1.747500000000000E+032
   114.610000000000       6.070800000000000E+031
   168.410000000000      -2.533400000000000E+018
   247.480000000000       1.165000000000000E+018
