  0.100000000000000       2.610500000000000E+051
  0.242440000000000       1.101700000000000E+052
  0.356270000000000       3.057300000000000E+052
  0.523520000000000       8.339500000000000E+052
  0.769310000000000       7.968600000000000E+053
   1.13050000000000       2.566200000000000E+054
   1.66120000000000       6.350000000000001E+054
   2.44110000000000       1.522200000000000E+055
   3.58720000000000       3.318900000000000E+055
   5.27120000000000       5.853300000000000E+055
   7.74600000000000       6.936500000000000E+055
   11.3830000000000       2.930700000000000E+055
   16.7260000000000       5.412600000000000E+053
   24.5790000000000       7.098500000000000E+050
   36.1180000000000       2.046100000000000E+047
   53.0750000000000       6.305100000000000E+031
   77.9920000000000       1.235900000000000E+032
   114.610000000000       4.928900000000000E+031
   168.410000000000      -1.153200000000000E+017
   247.480000000000      -1.556900000000000E+018
