  0.100000000000000       1.457000000000000E+051
  0.242440000000000       5.005600000000000E+051
  0.356270000000000       1.270800000000000E+052
  0.523520000000000       3.313900000000000E+052
  0.769310000000000       3.664200000000000E+053
   1.13050000000000       1.149400000000000E+054
   1.66120000000000       2.623900000000000E+054
   2.44110000000000       5.471700000000000E+054
   3.58720000000000       9.384700000000000E+054
   5.27120000000000       1.109000000000000E+055
   7.74600000000000       8.180200000000000E+054
   11.3830000000000       1.794900000000000E+054
   16.7260000000000       2.956500000000000E+052
   24.5790000000000       3.003400000000000E+049
   36.1180000000000       5.108900000000000E+045
   53.0750000000000       2.612100000000000E+031
   77.9920000000000       1.717000000000000E+032
   114.610000000000       5.998700000000000E+031
   168.410000000000       8.022500000000000E+017
   247.480000000000       1.108200000000000E+018
