  0.100000000000000       1.377200000000000E+051
  0.242440000000000       4.669400000000000E+051
  0.356270000000000       1.176100000000000E+052
  0.523520000000000       3.037100000000000E+052
  0.769310000000000       3.149000000000000E+053
   1.13050000000000       9.736200000000000E+053
   1.66120000000000       2.178600000000000E+054
   2.44110000000000       4.392700000000000E+054
   3.58720000000000       7.139200000000000E+054
   5.27120000000000       7.908300000000000E+054
   7.74600000000000       5.466500000000000E+054
   11.3830000000000       1.056300000000000E+054
   16.7260000000000       1.664200000000000E+052
   24.5790000000000       1.633000000000000E+049
   36.1180000000000       2.397400000000000E+045
   53.0750000000000       2.614500000000000E+031
   77.9920000000000       1.786800000000000E+032
   114.610000000000       6.170000000000000E+031
   168.410000000000      -1.074800000000000E+017
   247.480000000000      -1.240100000000000E+018
