  0.100000000000000       1.269500000000000E+051
  0.242440000000000       4.235500000000000E+051
  0.356270000000000       1.055600000000000E+052
  0.523520000000000       2.678200000000000E+052
  0.769310000000000       2.271500000000000E+053
   1.13050000000000       6.763800000000000E+053
   1.66120000000000       1.445700000000000E+054
   2.44110000000000       2.714200000000000E+054
   3.58720000000000       3.970300000000000E+054
   5.27120000000000       3.936400000000000E+054
   7.74600000000000       2.398600000000000E+054
   11.3830000000000       3.599300000000000E+053
   16.7260000000000       5.013300000000000E+051
   24.5790000000000       4.416200000000000E+048
   36.1180000000000       4.866900000000000E+044
   53.0750000000000       2.615600000000000E+031
   77.9920000000000       1.923500000000000E+032
   114.610000000000       6.560400000000000E+031
   168.410000000000      -6.360600000000000E+016
   247.480000000000      -1.191400000000000E+018
