  0.100000000000000       1.501500000000000E+051
  0.242440000000000       5.198300000000000E+051
  0.356270000000000       1.325500000000000E+052
  0.523520000000000       3.472200000000000E+052
  0.769310000000000       3.919400000000000E+053
   1.13050000000000       1.236200000000000E+054
   1.66120000000000       2.846900000000000E+054
   2.44110000000000       6.026000000000000E+054
   3.58720000000000       1.059600000000000E+055
   5.27120000000000       1.295400000000000E+055
   7.74600000000000       9.869200000000000E+054
   11.3830000000000       2.283300000000000E+054
   16.7260000000000       3.836900000000000E+052
   24.5790000000000       3.986200000000000E+049
   36.1180000000000       7.259900000000000E+045
   53.0750000000000       2.610500000000000E+031
   77.9920000000000       1.683400000000000E+032
   114.610000000000       5.923200000000000E+031
   168.410000000000       1.884500000000000E+018
   247.480000000000      -1.317600000000000E+017
