  0.100000000000000       1.256000000000000E+051
  0.242440000000000       4.180700000000000E+051
  0.356270000000000       1.040600000000000E+052
  0.523520000000000       2.632200000000000E+052
  0.769310000000000       2.112900000000000E+053
   1.13050000000000       6.224000000000000E+053
   1.66120000000000       1.318600000000000E+054
   2.44110000000000       2.441700000000000E+054
   3.58720000000000       3.500000000000000E+054
   5.27120000000000       3.395500000000000E+054
   7.74600000000000       2.003100000000000E+054
   11.3830000000000       2.836400000000000E+053
   16.7260000000000       3.793800000000000E+051
   24.5790000000000       3.268300000000000E+048
   36.1180000000000       3.313800000000000E+044
   53.0750000000000       2.616300000000000E+031
   77.9920000000000       1.950700000000000E+032
   114.610000000000       6.648100000000000E+031
   168.410000000000      -1.151900000000000E+018
   247.480000000000       1.308600000000000E+018
