  0.100000000000000       1.233500000000000E+051
  0.242440000000000       4.095200000000000E+051
  0.356270000000000       1.017500000000000E+052
  0.523520000000000       2.565600000000000E+052
  0.769310000000000       1.845000000000000E+053
   1.13050000000000       5.310900000000000E+053
   1.66120000000000       1.103600000000000E+054
   2.44110000000000       1.990200000000000E+054
   3.58720000000000       2.764300000000000E+054
   5.27120000000000       2.592200000000000E+054
   7.74600000000000       1.415600000000000E+054
   11.3830000000000       1.822100000000000E+053
   16.7260000000000       2.411800000000000E+051
   24.5790000000000       2.051100000000000E+048
   36.1180000000000       8.899800000000000E+043
   53.0750000000000       2.634700000000000E+031
   77.9920000000000       2.000300000000000E+032
   114.610000000000       6.796200000000000E+031
   168.410000000000      -5.305100000000000E+017
   247.480000000000       8.178300000000000E+017
