  0.100000000000000       1.233700000000000E+051
  0.242440000000000       4.095700000000000E+051
  0.356270000000000       1.017600000000000E+052
  0.523520000000000       2.565900000000000E+052
  0.769310000000000       1.845800000000000E+053
   1.13050000000000       5.313400000000000E+053
   1.66120000000000       1.104200000000000E+054
   2.44110000000000       1.991500000000000E+054
   3.58720000000000       2.766200000000000E+054
   5.27120000000000       2.594300000000000E+054
   7.74600000000000       1.417200000000000E+054
   11.3830000000000       1.824700000000000E+053
   16.7260000000000       2.414100000000000E+051
   24.5790000000000       2.051900000000000E+048
   36.1180000000000       9.100700000000000E+043
   53.0750000000000       2.634500000000000E+031
   77.9920000000000       1.999900000000000E+032
   114.610000000000       6.795700000000000E+031
   168.410000000000      -1.826100000000000E+017
   247.480000000000       9.166600000000000E+016
