  0.100000000000000       1.277200000000000E+051
  0.242440000000000       4.266400000000000E+051
  0.356270000000000       1.064200000000000E+052
  0.523520000000000       2.704200000000000E+052
  0.769310000000000       2.353400000000000E+053
   1.13050000000000       7.046300000000000E+053
   1.66120000000000       1.512400000000000E+054
   2.44110000000000       2.858200000000000E+054
   3.58720000000000       4.227000000000000E+054
   5.27120000000000       4.238400000000000E+054
   7.74600000000000       2.619100000000000E+054
   11.3830000000000       4.039000000000000E+053
   16.7260000000000       5.722300000000000E+051
   24.5790000000000       5.097200000000000E+048
   36.1180000000000       5.799500000000000E+044
   53.0750000000000       2.615500000000000E+031
   77.9920000000000       1.909700000000000E+032
   114.610000000000       6.516100000000000E+031
   168.410000000000       1.485400000000000E+018
   247.480000000000      -8.883300000000000E+017
