  0.100000000000000       1.241800000000000E+051
  0.242440000000000       4.124000000000000E+051
  0.356270000000000       1.025000000000000E+052
  0.523520000000000       2.585500000000000E+052
  0.769310000000000       1.926400000000000E+053
   1.13050000000000       5.590200000000000E+053
   1.66120000000000       1.169400000000000E+054
   2.44110000000000       2.126100000000000E+054
   3.58720000000000       2.977100000000000E+054
   5.27120000000000       2.816000000000000E+054
   7.74600000000000       1.580700000000000E+054
   11.3830000000000       2.071800000000000E+053
   16.7260000000000       2.685300000000000E+051
   24.5790000000000       2.263300000000000E+048
   36.1180000000000       1.751500000000000E+044
   53.0750000000000       2.623700000000000E+031
   77.9920000000000       1.982300000000000E+032
   114.610000000000       6.750400000000000E+031
   168.410000000000      -9.191500000000000E+017
   247.480000000000      -4.420500000000000E+017
