  0.100000000000000       1.426000000000000E+051
  0.242440000000000       4.873500000000000E+051
  0.356270000000000       1.233400000000000E+052
  0.523520000000000       3.205300000000000E+052
  0.769310000000000       3.472800000000000E+053
   1.13050000000000       1.084100000000000E+054
   1.66120000000000       2.457700000000000E+054
   2.44110000000000       5.065300000000000E+054
   3.58720000000000       8.522399999999999E+054
   5.27120000000000       9.832699999999999E+054
   7.74600000000000       7.080600000000001E+054
   11.3830000000000       1.485700000000000E+054
   16.7260000000000       2.407800000000000E+052
   24.5790000000000       2.410700000000000E+049
   36.1180000000000       3.884300000000000E+045
   53.0750000000000       2.613200000000000E+031
   77.9920000000000       1.742600000000000E+032
   114.610000000000       6.058700000000000E+031
   168.410000000000      -1.070300000000000E+017
   247.480000000000      -1.526200000000000E+017
