  0.100000000000000       1.305900000000000E+051
  0.242440000000000       4.381200000000000E+051
  0.356270000000000       1.096000000000000E+052
  0.523520000000000       2.799400000000000E+052
  0.769310000000000       2.615000000000000E+053
   1.13050000000000       7.924199999999999E+053
   1.66120000000000       1.727300000000000E+054
   2.44110000000000       3.341200000000000E+054
   3.58720000000000       5.109900000000000E+054
   5.27120000000000       5.304300000000000E+054
   7.74600000000000       3.409100000000000E+054
   11.3830000000000       5.704700000000000E+053
   16.7260000000000       8.452200000000000E+051
   24.5790000000000       7.767000000000000E+048
   36.1180000000000       9.645100000000000E+044
   53.0750000000000       2.615400000000000E+031
   77.9920000000000       1.866300000000000E+032
   114.610000000000       6.384600000000000E+031
   168.410000000000      -4.133700000000000E+017
   247.480000000000       1.486900000000000E+018
