  0.100000000000000       1.510100000000000E+051
  0.242440000000000       5.236100000000000E+051
  0.356270000000000       1.336300000000000E+052
  0.523520000000000       3.503600000000000E+052
  0.769310000000000       3.966800000000000E+053
   1.13050000000000       1.252400000000000E+054
   1.66120000000000       2.888500000000000E+054
   2.44110000000000       6.130300000000000E+054
   3.58720000000000       1.082800000000000E+055
   5.27120000000000       1.332400000000000E+055
   7.74600000000000       1.021200000000000E+055
   11.3830000000000       2.384600000000000E+054
   16.7260000000000       4.021300000000000E+052
   24.5790000000000       4.197300000000000E+049
   36.1180000000000       7.732700000000000E+045
   53.0750000000000       2.609900000000000E+031
   77.9920000000000       1.676500000000000E+032
   114.610000000000       5.907600000000000E+031
   168.410000000000      -1.021200000000000E+018
   247.480000000000      -4.391700000000000E+017
