  0.100000000000000       2.129100000000000E+051
  0.242440000000000       8.303800000000000E+051
  0.356270000000000       2.236800000000000E+052
  0.523520000000000       6.070800000000000E+052
  0.769310000000000       6.527900000000000E+053
   1.13050000000000       2.106300000000000E+054
   1.66120000000000       5.135300000000000E+054
   2.44110000000000       1.192600000000000E+055
   3.58720000000000       2.484400000000000E+055
   5.27120000000000       4.023400000000000E+055
   7.74600000000000       4.223900000000000E+055
   11.3830000000000       1.513000000000000E+055
   16.7260000000000       2.791100000000000E+053
   24.5790000000000       3.450800000000000E+050
   36.1180000000000       8.945000000000000E+046
   53.0750000000000       3.945000000000000E+031
   77.9920000000000       1.353600000000000E+032
   114.610000000000       5.282400000000000E+031
   168.410000000000       8.108900000000000E+017
   247.480000000000      -4.584900000000000E+017
