  0.100000000000000       1.232500000000000E+051
  0.242440000000000       4.092100000000000E+051
  0.356270000000000       1.016800000000000E+052
  0.523520000000000       2.563800000000000E+052
  0.769310000000000       1.841800000000000E+053
   1.13050000000000       5.299600000000000E+053
   1.66120000000000       1.100900000000000E+054
   2.44110000000000       1.984400000000000E+054
   3.58720000000000       2.755000000000000E+054
   5.27120000000000       2.582100000000000E+054
   7.74600000000000       1.407700000000000E+054
   11.3830000000000       1.806600000000000E+053
   16.7260000000000       2.401500000000000E+051
   24.5790000000000       2.046200000000000E+048
   36.1180000000000       7.791500000000000E+043
   53.0750000000000       2.635500000000000E+031
   77.9920000000000       2.001800000000000E+032
   114.610000000000       6.799200000000000E+031
   168.410000000000      -6.844300000000000E+017
   247.480000000000       7.062700000000000E+016
