  0.100000000000000       1.371800000000000E+051
  0.242440000000000       4.647200000000000E+051
  0.356270000000000       1.169900000000000E+052
  0.523520000000000       3.018800000000000E+052
  0.769310000000000       3.111300000000000E+053
   1.13050000000000       9.608000000000000E+053
   1.66120000000000       2.146300000000000E+054
   2.44110000000000       4.315800000000000E+054
   3.58720000000000       6.984800000000000E+054
   5.27120000000000       7.700699999999999E+054
   7.74600000000000       5.296700000000000E+054
   11.3830000000000       1.013600000000000E+054
   16.7260000000000       1.592000000000000E+052
   24.5790000000000       1.557400000000000E+049
   36.1180000000000       2.261500000000000E+045
   53.0750000000000       2.614600000000000E+031
   77.9920000000000       1.792200000000000E+032
   114.610000000000       6.184100000000000E+031
   168.410000000000       1.391700000000000E+018
   247.480000000000      -6.004300000000000E+016
