  0.100000000000000       1.494100000000000E+051
  0.242440000000000       5.166100000000000E+051
  0.356270000000000       1.316400000000000E+052
  0.523520000000000       3.445700000000000E+052
  0.769310000000000       3.878800000000000E+053
   1.13050000000000       1.222400000000000E+054
   1.66120000000000       2.811300000000000E+054
   2.44110000000000       5.936900000000000E+054
   3.58720000000000       1.039900000000000E+055
   5.27120000000000       1.264300000000000E+055
   7.74600000000000       9.583000000000000E+054
   11.3830000000000       2.199200000000000E+054
   16.7260000000000       3.684000000000000E+052
   24.5790000000000       3.812600000000000E+049
   36.1180000000000       6.872400000000001E+045
   53.0750000000000       2.610800000000000E+031
   77.9920000000000       1.688800000000000E+032
   114.610000000000       5.935800000000000E+031
   168.410000000000      -1.375500000000000E+018
   247.480000000000       3.528000000000000E+017
