  0.100000000000000       2.110300000000000E+051
  0.242440000000000       8.201400000000001E+051
  0.356270000000000       2.206200000000000E+052
  0.523520000000000       5.985600000000000E+052
  0.769310000000000       6.463900000000000E+053
   1.13050000000000       2.085600000000000E+054
   1.66120000000000       5.079700000000000E+054
   2.44110000000000       1.178100000000000E+055
   3.58720000000000       2.447500000000000E+055
   5.27120000000000       3.944500000000000E+055
   7.74600000000000       4.113900000000000E+055
   11.3830000000000       1.461900000000000E+055
   16.7260000000000       2.694300000000000E+053
   24.5790000000000       3.320700000000000E+050
   36.1180000000000       8.547100000000001E+046
   53.0750000000000       3.806200000000000E+031
   77.9920000000000       1.358400000000000E+032
   114.610000000000       5.295500000000000E+031
   168.410000000000      -1.504400000000000E+018
   247.480000000000      -5.118500000000000E+017
