  0.100000000000000       1.311200000000000E+051
  0.242440000000000       4.402400000000000E+051
  0.356270000000000       1.101800000000000E+052
  0.523520000000000       2.816700000000000E+052
  0.769310000000000       2.658400000000000E+053
   1.13050000000000       8.071300000000001E+053
   1.66120000000000       1.763400000000000E+054
   2.44110000000000       3.423200000000000E+054
   3.58720000000000       5.263000000000000E+054
   5.27120000000000       5.492000000000000E+054
   7.74600000000000       3.551300000000000E+054
   11.3830000000000       6.018700000000000E+053
   16.7260000000000       8.977600000000000E+051
   24.5790000000000       8.292900000000000E+048
   36.1180000000000       1.043900000000000E+045
   53.0750000000000       2.615400000000000E+031
   77.9920000000000       1.859500000000000E+032
   114.610000000000       6.365500000000000E+031
   168.410000000000      -6.331400000000000E+017
   247.480000000000      -6.316800000000000E+016
