  0.100000000000000       1.266400000000000E+051
  0.242440000000000       4.222900000000000E+051
  0.356270000000000       1.052200000000000E+052
  0.523520000000000       2.667600000000000E+052
  0.769310000000000       2.236600000000000E+053
   1.13050000000000       6.644800000000000E+053
   1.66120000000000       1.417600000000000E+054
   2.44110000000000       2.653600000000000E+054
   3.58720000000000       3.863900000000000E+054
   5.27120000000000       3.812700000000000E+054
   7.74600000000000       2.308400000000000E+054
   11.3830000000000       3.422600000000000E+053
   16.7260000000000       4.728500000000000E+051
   24.5790000000000       4.145200000000000E+048
   36.1180000000000       4.502300000000000E+044
   53.0750000000000       2.615700000000000E+031
   77.9920000000000       1.929500000000000E+032
   114.610000000000       6.579600000000000E+031
   168.410000000000      -3.955400000000000E+017
   247.480000000000       3.636900000000000E+017
