  0.100000000000000       2.376900000000000E+051
  0.242440000000000       9.677600000000001E+051
  0.356270000000000       2.650700000000000E+052
  0.523520000000000       7.215600000000000E+052
  0.769310000000000       7.306300000000000E+053
   1.13050000000000       2.356500000000000E+054
   1.66120000000000       5.802300000000000E+054
   2.44110000000000       1.370100000000000E+055
   3.58720000000000       2.937600000000000E+055
   5.27120000000000       5.007700000000000E+055
   7.74600000000000       5.651300000000000E+055
   11.3830000000000       2.219500000000000E+055
   16.7260000000000       4.099600000000000E+053
   24.5790000000000       5.252500000000000E+050
   36.1180000000000       1.457800000000000E+047
   53.0750000000000       5.637100000000000E+031
   77.9920000000000       1.283400000000000E+032
   114.610000000000       5.102100000000000E+031
   168.410000000000      -9.918000000000000E+017
   247.480000000000      -7.246500000000000E+017
