  0.100000000000000       1.235400000000000E+051
  0.242440000000000       4.101200000000000E+051
  0.356270000000000       1.019000000000000E+052
  0.523520000000000       2.569200000000000E+052
  0.769310000000000       1.856000000000000E+053
   1.13050000000000       5.349200000000000E+053
   1.66120000000000       1.112600000000000E+054
   2.44110000000000       2.008800000000000E+054
   3.58720000000000       2.792800000000000E+054
   5.27120000000000       2.622000000000000E+054
   7.74600000000000       1.438100000000000E+054
   11.3830000000000       1.854900000000000E+053
   16.7260000000000       2.441900000000000E+051
   24.5790000000000       2.061300000000000E+048
   36.1180000000000       1.113700000000000E+044
   53.0750000000000       2.632400000000000E+031
   77.9920000000000       1.996100000000000E+032
   114.610000000000       6.789100000000000E+031
   168.410000000000      -1.049200000000000E+017
   247.480000000000       2.042200000000000E+017
