  0.100000000000000       1.503700000000000E+051
  0.242440000000000       5.207800000000000E+051
  0.356270000000000       1.328200000000000E+052
  0.523520000000000       3.480000000000000E+052
  0.769310000000000       3.931400000000000E+053
   1.13050000000000       1.240300000000000E+054
   1.66120000000000       2.857400000000000E+054
   2.44110000000000       6.052300000000000E+054
   3.58720000000000       1.065500000000000E+055
   5.27120000000000       1.304700000000000E+055
   7.74600000000000       9.954900000000000E+054
   11.3830000000000       2.308500000000000E+054
   16.7260000000000       3.882800000000000E+052
   24.5790000000000       4.038500000000000E+049
   36.1180000000000       7.377200000000000E+045
   53.0750000000000       2.610300000000000E+031
   77.9920000000000       1.681600000000000E+032
   114.610000000000       5.919700000000000E+031
   168.410000000000       2.840900000000000E+017
   247.480000000000       1.384200000000000E+018
