  0.100000000000000       1.358300000000000E+051
  0.242440000000000       4.591700000000000E+051
  0.356270000000000       1.154300000000000E+052
  0.523520000000000       2.972600000000000E+052
  0.769310000000000       3.014100000000000E+053
   1.13050000000000       9.276500000000000E+053
   1.66120000000000       2.063300000000000E+054
   2.44110000000000       4.119500000000000E+054
   3.58720000000000       6.595000000000000E+054
   5.27120000000000       7.182300000000000E+054
   7.74600000000000       4.876800000000000E+054
   11.3830000000000       9.101099999999999E+053
   16.7260000000000       1.417700000000000E+052
   24.5790000000000       1.373300000000000E+049
   36.1180000000000       1.937700000000000E+045
   53.0750000000000       2.615100000000000E+031
   77.9920000000000       1.806000000000000E+032
   114.610000000000       6.221400000000000E+031
   168.410000000000      -1.022800000000000E+018
   247.480000000000       1.245300000000000E+018
