  0.100000000000000       1.476300000000000E+051
  0.242440000000000       5.088700000000000E+051
  0.356270000000000       1.294300000000000E+052
  0.523520000000000       3.382000000000000E+052
  0.769310000000000       3.777700000000000E+053
   1.13050000000000       1.188000000000000E+054
   1.66120000000000       2.722800000000000E+054
   2.44110000000000       5.716400000000000E+054
   3.58720000000000       9.914600000000000E+054
   5.27120000000000       1.189100000000000E+055
   7.74600000000000       8.898700000000000E+054
   11.3830000000000       2.000400000000000E+054
   16.7260000000000       3.323900000000000E+052
   24.5790000000000       3.409000000000000E+049
   36.1180000000000       5.984900000000001E+045
   53.0750000000000       2.611500000000000E+031
   77.9920000000000       1.702200000000000E+032
   114.610000000000       5.965500000000000E+031
   168.410000000000      -8.024900000000000E+017
   247.480000000000       8.794100000000000E+017
