  0.100000000000000       1.243800000000000E+051
  0.242440000000000       4.131900000000000E+051
  0.356270000000000       1.027100000000000E+052
  0.523520000000000       2.591600000000000E+052
  0.769310000000000       1.953000000000000E+053
   1.13050000000000       5.680600000000000E+053
   1.66120000000000       1.190700000000000E+054
   2.44110000000000       2.170800000000000E+054
   3.58720000000000       3.049300000000000E+054
   5.27120000000000       2.894000000000000E+054
   7.74600000000000       1.637500000000000E+054
   11.3830000000000       2.166800000000000E+053
   16.7260000000000       2.805800000000000E+051
   24.5790000000000       2.373800000000000E+048
   36.1180000000000       1.970600000000000E+044
   53.0750000000000       2.621600000000000E+031
   77.9920000000000       1.977800000000000E+032
   114.610000000000       6.736300000000000E+031
   168.410000000000       1.380100000000000E+018
   247.480000000000      -9.575900000000000E+017
