  0.100000000000000       1.330500000000000E+051
  0.242440000000000       4.479300000000000E+051
  0.356270000000000       1.123100000000000E+052
  0.523520000000000       2.880000000000000E+052
  0.769310000000000       2.809100000000000E+053
   1.13050000000000       8.580899999999999E+053
   1.66120000000000       1.889500000000000E+054
   2.44110000000000       3.713400000000000E+054
   3.58720000000000       5.809600000000000E+054
   5.27120000000000       6.172000000000000E+054
   7.74600000000000       4.076200000000000E+054
   11.3830000000000       7.207100000000000E+053
   16.7260000000000       1.096600000000000E+052
   24.5790000000000       1.033700000000000E+049
   36.1180000000000       1.367400000000000E+045
   53.0750000000000       2.615400000000000E+031
   77.9920000000000       1.836300000000000E+032
   114.610000000000       6.301500000000000E+031
   168.410000000000       2.878800000000000E+017
   247.480000000000       2.118300000000000E+017
