  0.100000000000000       1.254500000000000E+051
  0.242440000000000       4.174500000000000E+051
  0.356270000000000       1.038800000000000E+052
  0.523520000000000       2.626800000000000E+052
  0.769310000000000       2.093100000000000E+053
   1.13050000000000       6.156600000000000E+053
   1.66120000000000       1.302700000000000E+054
   2.44110000000000       2.407900000000000E+054
   3.58720000000000       3.442800000000000E+054
   5.27120000000000       3.330800000000000E+054
   7.74600000000000       1.956000000000000E+054
   11.3830000000000       2.747600000000000E+053
   16.7260000000000       3.654700000000000E+051
   24.5790000000000       3.140100000000000E+048
   36.1180000000000       3.138000000000000E+044
   53.0750000000000       2.616400000000000E+031
   77.9920000000000       1.954000000000000E+032
   114.610000000000       6.659200000000000E+031
   168.410000000000       3.567300000000000E+017
   247.480000000000      -6.022700000000000E+016
