  0.100000000000000       1.227000000000000E+051
  0.242440000000000       4.076900000000000E+051
  0.356270000000000       1.013300000000000E+052
  0.523520000000000       2.556500000000000E+052
  0.769310000000000       1.837100000000000E+053
   1.13050000000000       5.281800000000000E+053
   1.66120000000000       1.095600000000000E+054
   2.44110000000000       1.970600000000000E+054
   3.58720000000000       2.729200000000000E+054
   5.27120000000000       2.546200000000000E+054
   7.74600000000000       1.384600000000000E+054
   11.3830000000000       1.828300000000000E+053
   16.7260000000000       2.481300000000000E+051
   24.5790000000000       2.058700000000000E+048
   36.1180000000000       4.244600000000000E+043
   53.0750000000000       2.638100000000000E+031
   77.9920000000000       2.004600000000000E+032
   114.610000000000       6.804300000000000E+031
   168.410000000000       7.885100000000000E+026
   247.480000000000       1.614800000000000E+018
