  0.100000000000000       3.067700000000000E+051
  0.242440000000000       1.372900000000000E+052
  0.356270000000000       3.885800000000000E+052
  0.523520000000000       1.069300000000000E+053
  0.769310000000000       9.157800000000000E+053
   1.13050000000000       2.937800000000000E+054
   1.66120000000000       7.365300000000000E+054
   2.44110000000000       1.784500000000000E+055
   3.58720000000000       3.991900000000000E+055
   5.27120000000000       7.361500000000000E+055
   7.74600000000000       9.249300000000000E+055
   11.3830000000000       4.377000000000000E+055
   16.7260000000000       8.297900000000000E+053
   24.5790000000000       1.131600000000000E+051
   36.1180000000000       3.257600000000000E+047
   53.0750000000000       1.029900000000000E+032
   77.9920000000000       1.191600000000000E+032
   114.610000000000       4.837500000000000E+031
   168.410000000000       3.029100000000000E+017
   247.480000000000       1.161300000000000E+017
