  0.100000000000000       3.361000000000000E+051
  0.242440000000000       1.550300000000000E+052
  0.356270000000000       4.430900000000000E+052
  0.523520000000000       1.220800000000000E+053
  0.769310000000000       9.885100000000000E+053
   1.13050000000000       3.161200000000000E+054
   1.66120000000000       7.968900000000000E+054
   2.44110000000000       1.943100000000000E+055
   3.58720000000000       4.390300000000000E+055
   5.27120000000000       8.247800000000000E+055
   7.74600000000000       1.064100000000000E+056
   11.3830000000000       5.285799999999999E+055
   16.7260000000000       1.016200000000000E+054
   24.5790000000000       1.412800000000000E+051
   36.1180000000000       4.076500000000000E+047
   53.0750000000000       1.371100000000000E+032
   77.9920000000000       1.180500000000000E+032
   114.610000000000       4.770600000000000E+031
   168.410000000000       1.043700000000000E+018
   247.480000000000      -5.159600000000000E+016
