  0.100000000000000       1.432000000000000E+051
  0.242440000000000       4.898700000000000E+051
  0.356270000000000       1.240600000000000E+052
  0.523520000000000       3.226200000000000E+052
  0.769310000000000       3.510500000000000E+053
   1.13050000000000       1.097000000000000E+054
   1.66120000000000       2.490300000000000E+054
   2.44110000000000       5.144600000000000E+054
   3.58720000000000       8.689099999999999E+054
   5.27120000000000       1.007200000000000E+055
   7.74600000000000       7.286900000000000E+054
   11.3830000000000       1.543100000000000E+054
   16.7260000000000       2.509300000000000E+052
   24.5790000000000       2.518800000000000E+049
   36.1180000000000       4.102400000000000E+045
   53.0750000000000       2.613000000000000E+031
   77.9920000000000       1.737500000000000E+032
   114.610000000000       6.046600000000000E+031
   168.410000000000      -7.356100000000000E+017
   247.480000000000       1.561400000000000E+018
