  0.100000000000000       3.340400000000000E+051
  0.242440000000000       1.537800000000000E+052
  0.356270000000000       4.392500000000000E+052
  0.523520000000000       1.210100000000000E+053
  0.769310000000000       9.834900000000001E+053
   1.13050000000000       3.146000000000000E+054
   1.66120000000000       7.927500000000000E+054
   2.44110000000000       1.932200000000000E+055
   3.58720000000000       4.363200000000000E+055
   5.27120000000000       8.187700000000000E+055
   7.74600000000000       1.054600000000000E+056
   11.3830000000000       5.222700000000000E+055
   16.7260000000000       1.003000000000000E+054
   24.5790000000000       1.392900000000000E+051
   36.1180000000000       4.018900000000000E+047
   53.0750000000000       1.349700000000000E+032
   77.9920000000000       1.181200000000000E+032
   114.610000000000       4.775300000000000E+031
   168.410000000000      -9.281800000000000E+017
   247.480000000000      -4.504900000000000E+017
