  0.100000000000000       1.306900000000000E+051
  0.242440000000000       4.385300000000000E+051
  0.356270000000000       1.097000000000000E+052
  0.523520000000000       2.802600000000000E+052
  0.769310000000000       2.623200000000000E+053
   1.13050000000000       7.951800000000000E+053
   1.66120000000000       1.734100000000000E+054
   2.44110000000000       3.356500000000000E+054
   3.58720000000000       5.138600000000000E+054
   5.27120000000000       5.339500000000000E+054
   7.74600000000000       3.435500000000000E+054
   11.3830000000000       5.763100000000000E+053
   16.7260000000000       8.549600000000000E+051
   24.5790000000000       7.864000000000000E+048
   36.1180000000000       9.790300000000001E+044
   53.0750000000000       2.615400000000000E+031
   77.9920000000000       1.865000000000000E+032
   114.610000000000       6.381100000000000E+031
   168.410000000000       7.429100000000000E+017
   247.480000000000      -7.388200000000000E+017
