  0.100000000000000       1.272500000000000E+051
  0.242440000000000       4.247200000000000E+051
  0.356270000000000       1.058900000000000E+052
  0.523520000000000       2.688100000000000E+052
  0.769310000000000       2.303300000000000E+053
   1.13050000000000       6.873100000000000E+053
   1.66120000000000       1.471400000000000E+054
   2.44110000000000       2.769800000000000E+054
   3.58720000000000       4.068600000000000E+054
   5.27120000000000       4.051600000000000E+054
   7.74600000000000       2.482600000000000E+054
   11.3830000000000       3.765600000000000E+053
   16.7260000000000       5.280400000000000E+051
   24.5790000000000       4.672300000000000E+048
   36.1180000000000       5.214900000000000E+044
   53.0750000000000       2.615600000000000E+031
   77.9920000000000       1.918100000000000E+032
   114.610000000000       6.542800000000000E+031
   168.410000000000      -5.211100000000000E+016
   247.480000000000      -1.236400000000000E+018
