  0.100000000000000       1.257700000000000E+051
  0.242440000000000       4.187400000000000E+051
  0.356270000000000       1.042400000000000E+052
  0.523520000000000       2.637800000000000E+052
  0.769310000000000       2.133200000000000E+053
   1.13050000000000       6.292500000000000E+053
   1.66120000000000       1.334900000000000E+054
   2.44110000000000       2.476500000000000E+054
   3.58720000000000       3.558900000000000E+054
   5.27120000000000       3.462300000000000E+054
   7.74600000000000       2.052000000000000E+054
   11.3830000000000       2.928900000000000E+053
   16.7260000000000       3.939400000000000E+051
   24.5790000000000       3.403400000000000E+048
   36.1180000000000       3.498500000000000E+044
   53.0750000000000       2.616100000000000E+031
   77.9920000000000       1.947200000000000E+032
   114.610000000000       6.637000000000000E+031
   168.410000000000      -5.871400000000000E+016
   247.480000000000      -5.935300000000000E+017
