  0.100000000000000       2.515000000000000E+051
  0.242440000000000       1.046500000000000E+052
  0.356270000000000       2.889600000000000E+052
  0.523520000000000       7.875500000000000E+052
  0.769310000000000       7.704400000000000E+053
   1.13050000000000       2.482900000000000E+054
   1.66120000000000       6.119600000000000E+054
   2.44110000000000       1.464600000000000E+055
   3.58720000000000       3.167500000000000E+055
   5.27120000000000       5.515400000000000E+055
   7.74600000000000       6.419300000000000E+055
   11.3830000000000       2.636500000000000E+055
   16.7260000000000       4.865500000000000E+053
   24.5790000000000       6.324300000000000E+050
   36.1180000000000       1.798900000000000E+047
   53.0750000000000       6.156200000000000E+031
   77.9920000000000       1.253300000000000E+032
   114.610000000000       5.008000000000000E+031
   168.410000000000      -1.033100000000000E+017
   247.480000000000      -8.009800000000000E+017
