  0.100000000000000       1.506900000000000E+051
  0.242440000000000       5.222100000000000E+051
  0.356270000000000       1.332300000000000E+052
  0.523520000000000       3.492000000000000E+052
  0.769310000000000       3.949400000000000E+053
   1.13050000000000       1.246500000000000E+054
   1.66120000000000       2.873200000000000E+054
   2.44110000000000       6.092000000000000E+054
   3.58720000000000       1.074300000000000E+055
   5.27120000000000       1.318700000000000E+055
   7.74600000000000       1.008500000000000E+055
   11.3830000000000       2.347000000000000E+054
   16.7260000000000       3.952900000000000E+052
   24.5790000000000       4.118600000000000E+049
   36.1180000000000       7.556700000000000E+045
   53.0750000000000       2.610200000000000E+031
   77.9920000000000       1.679100000000000E+032
   114.610000000000       5.913600000000000E+031
   168.410000000000       6.236100000000000E+017
   247.480000000000       2.057100000000000E+017
