  0.100000000000000       1.440400000000000E+051
  0.242440000000000       4.934700000000000E+051
  0.356270000000000       1.250800000000000E+052
  0.523520000000000       3.255800000000000E+052
  0.769310000000000       3.563300000000000E+053
   1.13050000000000       1.114900000000000E+054
   1.66120000000000       2.536000000000000E+054
   2.44110000000000       5.256200000000000E+054
   3.58720000000000       8.924700000000000E+054
   5.27120000000000       1.041300000000000E+055
   7.74600000000000       7.583899999999999E+054
   11.3830000000000       1.626300000000000E+054
   16.7260000000000       2.656900000000000E+052
   24.5790000000000       2.677100000000000E+049
   36.1180000000000       4.426200000000000E+045
   53.0750000000000       2.612700000000000E+031
   77.9920000000000       1.730400000000000E+032
   114.610000000000       6.029500000000000E+031
   168.410000000000      -9.109600000000000E+017
   247.480000000000       1.095600000000000E+018
