  0.100000000000000       1.245300000000000E+051
  0.242440000000000       4.137600000000000E+051
  0.356270000000000       1.028700000000000E+052
  0.523520000000000       2.596100000000000E+052
  0.769310000000000       1.972300000000000E+053
   1.13050000000000       5.746500000000000E+053
   1.66120000000000       1.206200000000000E+054
   2.44110000000000       2.203400000000000E+054
   3.58720000000000       3.102600000000000E+054
   5.27120000000000       2.952200000000000E+054
   7.74600000000000       1.679700000000000E+054
   11.3830000000000       2.239700000000000E+053
   16.7260000000000       2.902700000000000E+051
   24.5790000000000       2.461500000000000E+048
   36.1180000000000       2.126500000000000E+044
   53.0750000000000       2.620400000000000E+031
   77.9920000000000       1.974500000000000E+032
   114.610000000000       6.725700000000000E+031
   168.410000000000      -5.868300000000000E+017
   247.480000000000       8.826600000000000E+017
