  0.100000000000000       3.320300000000000E+051
  0.242440000000000       1.525600000000000E+052
  0.356270000000000       4.354900000000000E+052
  0.523520000000000       1.199600000000000E+053
  0.769310000000000       9.785400000000000E+053
   1.13050000000000       3.130900000000000E+054
   1.66120000000000       7.886600000000000E+054
   2.44110000000000       1.921500000000000E+055
   3.58720000000000       4.336400000000000E+055
   5.27120000000000       8.128100000000000E+055
   7.74600000000000       1.045200000000000E+056
   11.3830000000000       5.161000000000000E+055
   16.7260000000000       9.900400000000001E+053
   24.5790000000000       1.373200000000000E+051
   36.1180000000000       3.962200000000000E+047
   53.0750000000000       1.328600000000000E+032
   77.9920000000000       1.182000000000000E+032
   114.610000000000       4.780500000000000E+031
   168.410000000000       1.086900000000000E+018
   247.480000000000       8.079100000000000E+017
