  0.100000000000000       2.600400000000000E+051
  0.242440000000000       1.095800000000000E+052
  0.356270000000000       3.039300000000000E+052
  0.523520000000000       8.289800000000000E+052
  0.769310000000000       7.940799999999999E+053
   1.13050000000000       2.557500000000000E+054
   1.66120000000000       6.325700000000000E+054
   2.44110000000000       1.516200000000000E+055
   3.58720000000000       3.303000000000000E+055
   5.27120000000000       5.817700000000000E+055
   7.74600000000000       6.881900000000000E+055
   11.3830000000000       2.899200000000000E+055
   16.7260000000000       5.353600000000000E+053
   24.5790000000000       7.014700000000000E+050
   36.1180000000000       2.019400000000000E+047
   53.0750000000000       6.297200000000000E+031
   77.9920000000000       1.237600000000000E+032
   114.610000000000       4.937900000000000E+031
   168.410000000000       1.327600000000000E+018
   247.480000000000      -1.347600000000000E+017
