  0.100000000000000       1.250900000000000E+051
  0.242440000000000       4.160000000000000E+051
  0.356270000000000       1.034800000000000E+052
  0.523520000000000       2.614600000000000E+052
  0.769310000000000       2.046800000000000E+053
   1.13050000000000       5.999800000000000E+053
   1.66120000000000       1.265800000000000E+054
   2.44110000000000       2.329300000000000E+054
   3.58720000000000       3.311000000000000E+054
   5.27120000000000       3.183000000000000E+054
   7.74600000000000       1.848100000000000E+054
   11.3830000000000       2.545500000000000E+053
   16.7260000000000       3.342700000000000E+051
   24.5790000000000       2.855800000000000E+048
   36.1180000000000       2.740800000000000E+044
   53.0750000000000       2.617200000000000E+031
   77.9920000000000       1.961800000000000E+032
   114.610000000000       6.684900000000000E+031
   168.410000000000       1.327900000000000E+018
   247.480000000000      -1.018400000000000E+018
