  0.100000000000000       1.227600000000000E+051
  0.242440000000000       4.078300000000000E+051
  0.356270000000000       1.013600000000000E+052
  0.523520000000000       2.557000000000000E+052
  0.769310000000000       1.837000000000000E+053
   1.13050000000000       5.281300000000000E+053
   1.66120000000000       1.095400000000000E+054
   2.44110000000000       1.969200000000000E+054
   3.58720000000000       2.724000000000000E+054
   5.27120000000000       2.534900000000000E+054
   7.74600000000000       1.371200000000000E+054
   11.3830000000000       1.818500000000000E+053
   16.7260000000000       2.480800000000000E+051
   24.5790000000000       2.057300000000000E+048
   36.1180000000000       4.355900000000000E+043
   53.0750000000000       2.637800000000000E+031
   77.9920000000000       2.004600000000000E+032
   114.610000000000       6.804300000000000E+031
   168.410000000000       6.797699999999999E+026
   247.480000000000       1.371700000000000E+017
