  0.100000000000000       1.398100000000000E+051
  0.242440000000000       4.756500000000000E+051
  0.356270000000000       1.200500000000000E+052
  0.523520000000000       3.108900000000000E+052
  0.769310000000000       3.292100000000000E+053
   1.13050000000000       1.022500000000000E+054
   1.66120000000000       2.301600000000000E+054
   2.44110000000000       4.687600000000000E+054
   3.58720000000000       7.738600000000000E+054
   5.27120000000000       8.729299999999999E+054
   7.74600000000000       6.145700000000000E+054
   11.3830000000000       1.232300000000000E+054
   16.7260000000000       1.964900000000000E+052
   24.5790000000000       1.945700000000000E+049
   36.1180000000000       2.975300000000000E+045
   53.0750000000000       2.614000000000000E+031
   77.9920000000000       1.767100000000000E+032
   114.610000000000       6.119100000000000E+031
   168.410000000000       7.965000000000000E+017
   247.480000000000      -1.108100000000000E+018
