  0.100000000000000       1.294400000000000E+051
  0.242440000000000       4.335500000000000E+051
  0.356270000000000       1.083400000000000E+052
  0.523520000000000       2.761800000000000E+052
  0.769310000000000       2.517400000000000E+053
   1.13050000000000       7.594300000000000E+053
   1.66120000000000       1.646500000000000E+054
   2.44110000000000       3.157600000000000E+054
   3.58720000000000       4.770500000000000E+054
   5.27120000000000       4.890800000000000E+054
   7.74600000000000       3.099300000000000E+054
   11.3830000000000       5.034700000000000E+053
   16.7260000000000       7.344200000000000E+051
   24.5790000000000       6.674300000000000E+048
   36.1180000000000       8.038200000000001E+044
   53.0750000000000       2.615400000000000E+031
   77.9920000000000       1.882300000000000E+032
   114.610000000000       6.430500000000000E+031
   168.410000000000       1.449600000000000E+018
   247.480000000000      -5.301000000000000E+017
