  0.100000000000000       1.953100000000000E+051
  0.242440000000000       7.369400000000000E+051
  0.356270000000000       1.958300000000000E+052
  0.523520000000000       5.289700000000000E+052
  0.769310000000000       5.905600000000000E+053
   1.13050000000000       1.903400000000000E+054
   1.66120000000000       4.595200000000000E+054
   2.44110000000000       1.051500000000000E+055
   3.58720000000000       2.129500000000000E+055
   5.27120000000000       3.278400000000000E+055
   7.74600000000000       3.215700000000000E+055
   11.3830000000000       1.056600000000000E+055
   16.7260000000000       1.927800000000000E+053
   24.5790000000000       2.312300000000000E+050
   36.1180000000000       5.547100000000000E+046
   53.0750000000000       2.944000000000000E+031
   77.9920000000000       1.409200000000000E+032
   114.610000000000       5.419400000000000E+031
   168.410000000000       1.786900000000000E+017
   247.480000000000      -9.551000000000000E+017
