  0.100000000000000       1.348900000000000E+051
  0.242440000000000       4.553600000000000E+051
  0.356270000000000       1.143700000000000E+052
  0.523520000000000       2.941200000000000E+052
  0.769310000000000       2.946200000000000E+053
   1.13050000000000       9.045199999999999E+053
   1.66120000000000       2.005500000000000E+054
   2.44110000000000       3.983800000000000E+054
   3.58720000000000       6.329300000000000E+054
   5.27120000000000       6.835400000000000E+054
   7.74600000000000       4.599000000000000E+054
   11.3830000000000       8.434100000000001E+053
   16.7260000000000       1.305100000000000E+052
   24.5790000000000       1.253500000000000E+049
   36.1180000000000       1.732100000000000E+045
   53.0750000000000       2.615200000000000E+031
   77.9920000000000       1.815900000000000E+032
   114.610000000000       6.247100000000000E+031
   168.410000000000      -5.726400000000000E+017
   247.480000000000       9.661100000000000E+017
