  0.100000000000000       1.232100000000000E+051
  0.242440000000000       4.090900000000000E+051
  0.356270000000000       1.016500000000000E+052
  0.523520000000000       2.563100000000000E+052
  0.769310000000000       1.840900000000000E+053
   1.13050000000000       5.296100000000000E+053
   1.66120000000000       1.100000000000000E+054
   2.44110000000000       1.982700000000000E+054
   3.58720000000000       2.751900000000000E+054
   5.27120000000000       2.578700000000000E+054
   7.74600000000000       1.404800000000000E+054
   11.3830000000000       1.800100000000000E+053
   16.7260000000000       2.399300000000000E+051
   24.5790000000000       2.044400000000000E+048
   36.1180000000000       7.387400000000000E+043
   53.0750000000000       2.635800000000000E+031
   77.9920000000000       2.002300000000000E+032
   114.610000000000       6.800200000000000E+031
   168.410000000000      -1.496000000000000E+018
   247.480000000000      -3.075800000000000E+017
