  0.100000000000000       1.415900000000000E+051
  0.242440000000000       4.831100000000000E+051
  0.356270000000000       1.221500000000000E+052
  0.523520000000000       3.170200000000000E+052
  0.769310000000000       3.408500000000000E+053
   1.13050000000000       1.062200000000000E+054
   1.66120000000000       2.402000000000000E+054
   2.44110000000000       4.930000000000000E+054
   3.58720000000000       8.240100000000000E+054
   5.27120000000000       9.431400000000001E+054
   7.74600000000000       6.737500000000000E+054
   11.3830000000000       1.391400000000000E+054
   16.7260000000000       2.241800000000000E+052
   24.5790000000000       2.235200000000000E+049
   36.1180000000000       3.534100000000000E+045
   53.0750000000000       2.613400000000000E+031
   77.9920000000000       1.751200000000000E+032
   114.610000000000       6.079900000000000E+031
   168.410000000000      -9.327000000000000E+017
   247.480000000000       3.492900000000000E+017
