  0.100000000000000       1.338800000000000E+051
  0.242440000000000       4.512700000000000E+051
  0.356270000000000       1.132300000000000E+052
  0.523520000000000       2.907400000000000E+052
  0.769310000000000       2.871500000000000E+053
   1.13050000000000       8.791400000000000E+053
   1.66120000000000       1.942200000000000E+054
   2.44110000000000       3.835700000000000E+054
   3.58720000000000       6.043400000000000E+054
   5.27120000000000       6.467900000000000E+054
   7.74600000000000       4.308000000000000E+054
   11.3830000000000       7.748300000000000E+053
   16.7260000000000       1.188500000000000E+052
   24.5790000000000       1.129900000000000E+049
   36.1180000000000       1.525200000000000E+045
   53.0750000000000       2.615300000000000E+031
   77.9920000000000       1.827100000000000E+032
   114.610000000000       6.277300000000000E+031
   168.410000000000      -9.269700000000000E+017
   247.480000000000      -1.112400000000000E+018
