  0.100000000000000       1.244100000000000E+051
  0.242440000000000       4.132600000000000E+051
  0.356270000000000       1.027300000000000E+052
  0.523520000000000       2.592300000000000E+052
  0.769310000000000       1.955700000000000E+053
   1.13050000000000       5.689800000000000E+053
   1.66120000000000       1.192800000000000E+054
   2.44110000000000       2.175400000000000E+054
   3.58720000000000       3.056900000000000E+054
   5.27120000000000       2.902300000000000E+054
   7.74600000000000       1.643300000000000E+054
   11.3830000000000       2.176900000000000E+053
   16.7260000000000       2.819100000000000E+051
   24.5790000000000       2.385800000000000E+048
   36.1180000000000       1.992700000000000E+044
   53.0750000000000       2.621500000000000E+031
   77.9920000000000       1.977300000000000E+032
   114.610000000000       6.734700000000000E+031
   168.410000000000       5.296100000000000E+017
   247.480000000000       8.021600000000000E+017
