  0.100000000000000       2.096000000000000E+051
  0.242440000000000       8.125000000000000E+051
  0.356270000000000       2.183400000000000E+052
  0.523520000000000       5.921900000000001E+052
  0.769310000000000       6.415400000000000E+053
   1.13050000000000       2.069900000000000E+054
   1.66120000000000       5.038000000000000E+054
   2.44110000000000       1.167100000000000E+055
   3.58720000000000       2.419700000000000E+055
   5.27120000000000       3.885100000000000E+055
   7.74600000000000       4.031500000000000E+055
   11.3830000000000       1.423800000000000E+055
   16.7260000000000       2.622100000000000E+053
   24.5790000000000       3.223900000000000E+050
   36.1180000000000       8.252800000000000E+046
   53.0750000000000       3.705000000000000E+031
   77.9920000000000       1.362100000000000E+032
   114.610000000000       5.304600000000000E+031
   168.410000000000      -3.325500000000000E+018
   247.480000000000       1.773600000000000E+018
