  0.100000000000000       1.393200000000000E+051
  0.242440000000000       4.736000000000000E+051
  0.356270000000000       1.194800000000000E+052
  0.523520000000000       3.092100000000000E+052
  0.769310000000000       3.259100000000000E+053
   1.13050000000000       1.011200000000000E+054
   1.66120000000000       2.273200000000000E+054
   2.44110000000000       4.619000000000000E+054
   3.58720000000000       7.598500000000000E+054
   5.27120000000000       8.535600000000000E+054
   7.74600000000000       5.984200000000000E+054
   11.3830000000000       1.189900000000000E+054
   16.7260000000000       1.891700000000000E+052
   24.5790000000000       1.869700000000000E+049
   36.1180000000000       2.832400000000000E+045
   53.0750000000000       2.614200000000000E+031
   77.9920000000000       1.771600000000000E+032
   114.610000000000       6.131200000000000E+031
   168.410000000000      -3.458300000000000E+017
   247.480000000000       4.290700000000000E+017
