  0.100000000000000       1.906700000000000E+051
  0.242440000000000       7.131500000000000E+051
  0.356270000000000       1.887900000000000E+052
  0.523520000000000       5.090100000000001E+052
  0.769310000000000       5.733600000000000E+053
   1.13050000000000       1.846500000000000E+054
   1.66120000000000       4.444800000000000E+054
   2.44110000000000       1.012400000000000E+055
   3.58720000000000       2.032300000000000E+055
   5.27120000000000       3.081200000000000E+055
   7.74600000000000       2.961900000000000E+055
   11.3830000000000       9.469299999999999E+054
   16.7260000000000       1.722400000000000E+053
   24.5790000000000       2.046500000000000E+050
   36.1180000000000       4.796300000000000E+046
   53.0750000000000       2.807400000000000E+031
   77.9920000000000       1.425300000000000E+032
   114.610000000000       5.457200000000000E+031
   168.410000000000      -2.240200000000000E+018
   247.480000000000       1.181000000000000E+018
