  0.100000000000000       1.509200000000000E+051
  0.242440000000000       5.231800000000000E+051
  0.356270000000000       1.335100000000000E+052
  0.523520000000000       3.500100000000000E+052
  0.769310000000000       3.961500000000000E+053
   1.13050000000000       1.250600000000000E+054
   1.66120000000000       2.883800000000000E+054
   2.44110000000000       6.118700000000000E+054
   3.58720000000000       1.080200000000000E+055
   5.27120000000000       1.328100000000000E+055
   7.74600000000000       1.017300000000000E+055
   11.3830000000000       2.373000000000000E+054
   16.7260000000000       4.000500000000000E+052
   24.5790000000000       4.173100000000000E+049
   36.1180000000000       7.678799999999999E+045
   53.0750000000000       2.609900000000000E+031
   77.9920000000000       1.677300000000000E+032
   114.610000000000       5.909100000000000E+031
   168.410000000000      -9.186100000000000E+017
   247.480000000000      -6.476900000000000E+017
