  0.100000000000000       1.791400000000000E+051
  0.242440000000000       6.556400000000000E+051
  0.356270000000000       1.718800000000000E+052
  0.523520000000000       4.608600000000000E+052
  0.769310000000000       5.285300000000000E+053
   1.13050000000000       1.697400000000000E+054
   1.66120000000000       4.051700000000000E+054
   2.44110000000000       9.103700000000000E+054
   3.58720000000000       1.781700000000000E+055
   5.27120000000000       2.585700000000000E+055
   7.74600000000000       2.353700000000000E+055
   11.3830000000000       6.995600000000001E+054
   16.7260000000000       1.258900000000000E+053
   24.5790000000000       1.452000000000000E+050
   36.1180000000000       3.203900000000000E+046
   53.0750000000000       2.636200000000000E+031
   77.9920000000000       1.479600000000000E+032
   114.610000000000       5.558500000000000E+031
   168.410000000000       9.762000000000000E+017
   247.480000000000       5.743500000000000E+016
