  0.100000000000000       1.312600000000000E+051
  0.242440000000000       4.408100000000000E+051
  0.356270000000000       1.103400000000000E+052
  0.523520000000000       2.821300000000000E+052
  0.769310000000000       2.669700000000000E+053
   1.13050000000000       8.109100000000000E+053
   1.66120000000000       1.772800000000000E+054
   2.44110000000000       3.444800000000000E+054
   3.58720000000000       5.302900000000000E+054
   5.27120000000000       5.541100000000000E+054
   7.74600000000000       3.588700000000000E+054
   11.3830000000000       6.101900000000000E+053
   16.7260000000000       9.116700000000000E+051
   24.5790000000000       8.433400000000000E+048
   36.1180000000000       1.065400000000000E+045
   53.0750000000000       2.615400000000000E+031
   77.9920000000000       1.857800000000000E+032
   114.610000000000       6.360400000000000E+031
   168.410000000000      -7.614600000000000E+017
   247.480000000000       1.256400000000000E+018
