  0.100000000000000       1.376100000000000E+051
  0.242440000000000       4.664800000000000E+051
  0.356270000000000       1.174800000000000E+052
  0.523520000000000       3.033400000000000E+052
  0.769310000000000       3.141300000000000E+053
   1.13050000000000       9.710100000000000E+053
   1.66120000000000       2.172000000000000E+054
   2.44110000000000       4.376800000000000E+054
   3.58720000000000       7.107500000000000E+054
   5.27120000000000       7.865599999999999E+054
   7.74600000000000       5.431400000000000E+054
   11.3830000000000       1.047500000000000E+054
   16.7260000000000       1.649200000000000E+052
   24.5790000000000       1.617300000000000E+049
   36.1180000000000       2.369100000000000E+045
   53.0750000000000       2.614500000000000E+031
   77.9920000000000       1.787900000000000E+032
   114.610000000000       6.173000000000000E+031
   168.410000000000       4.011300000000000E+017
   247.480000000000      -2.075800000000000E+018
