  0.100000000000000       1.270100000000000E+051
  0.242440000000000       4.237900000000000E+051
  0.356270000000000       1.056300000000000E+052
  0.523520000000000       2.680200000000000E+052
  0.769310000000000       2.277900000000000E+053
   1.13050000000000       6.785800000000000E+053
   1.66120000000000       1.450900000000000E+054
   2.44110000000000       2.725500000000000E+054
   3.58720000000000       3.989900000000000E+054
   5.27120000000000       3.959400000000000E+054
   7.74600000000000       2.415400000000000E+054
   11.3830000000000       3.632400000000000E+053
   16.7260000000000       5.066400000000000E+051
   24.5790000000000       4.467000000000000E+048
   36.1180000000000       4.935700000000000E+044
   53.0750000000000       2.615600000000000E+031
   77.9920000000000       1.922400000000000E+032
   114.610000000000       6.556900000000000E+031
   168.410000000000       4.520700000000000E+016
   247.480000000000       1.457000000000000E+018
