  0.100000000000000       1.337000000000000E+051
  0.242440000000000       4.505800000000000E+051
  0.356270000000000       1.130400000000000E+052
  0.523520000000000       2.901700000000000E+052
  0.769310000000000       2.858600000000000E+053
   1.13050000000000       8.748500000000000E+053
   1.66120000000000       1.931300000000000E+054
   2.44110000000000       3.810400000000000E+054
   3.58720000000000       5.994800000000000E+054
   5.27120000000000       6.406300000000000E+054
   7.74600000000000       4.259500000000000E+054
   11.3830000000000       7.634700000000000E+053
   16.7260000000000       1.169100000000000E+052
   24.5790000000000       1.109500000000000E+049
   36.1180000000000       1.491600000000000E+045
   53.0750000000000       2.615400000000000E+031
   77.9920000000000       1.829000000000000E+032
   114.610000000000       6.282400000000000E+031
   168.410000000000      -5.750400000000000E+017
   247.480000000000       8.075800000000000E+017
