  0.100000000000000       1.240700000000000E+051
  0.242440000000000       4.120000000000000E+051
  0.356270000000000       1.023900000000000E+052
  0.523520000000000       2.582300000000000E+052
  0.769310000000000       1.912600000000000E+053
   1.13050000000000       5.542700000000000E+053
   1.66120000000000       1.158200000000000E+054
   2.44110000000000       2.102800000000000E+054
   3.58720000000000       2.939700000000000E+054
   5.27120000000000       2.776100000000000E+054
   7.74600000000000       1.551600000000000E+054
   11.3830000000000       2.024800000000000E+053
   16.7260000000000       2.628300000000000E+051
   24.5790000000000       2.210100000000000E+048
   36.1180000000000       1.633700000000000E+044
   53.0750000000000       2.624900000000000E+031
   77.9920000000000       1.984700000000000E+032
   114.610000000000       6.758400000000000E+031
   168.410000000000       1.089100000000000E+017
   247.480000000000      -5.680900000000000E+016
