  0.100000000000000       1.236300000000000E+051
  0.242440000000000       4.104000000000000E+051
  0.356270000000000       1.019700000000000E+052
  0.523520000000000       2.571100000000000E+052
  0.769310000000000       1.863500000000000E+053
   1.13050000000000       5.374700000000000E+053
   1.66120000000000       1.118700000000000E+054
   2.44110000000000       2.021200000000000E+054
   3.58720000000000       2.811900000000000E+054
   5.27120000000000       2.641800000000000E+054
   7.74600000000000       1.452800000000000E+054
   11.3830000000000       1.875500000000000E+053
   16.7260000000000       2.461800000000000E+051
   24.5790000000000       2.071300000000000E+048
   36.1180000000000       1.208500000000000E+044
   53.0750000000000       2.630900000000000E+031
   77.9920000000000       1.994000000000000E+032
   114.610000000000       6.785100000000000E+031
   168.410000000000      -1.719700000000000E+018
   247.480000000000       9.383800000000000E+017
