  0.000000000000000E+000  0.000000000000000E+000
  5.000000000000000E-002  3.729767519006343E+048
  0.100000000000000       1.559349458338808E+049
  0.150000000000000       4.059998632627220E+049
  0.200000000000000       9.033495929694140E+049
  0.250000000000000       1.810689141932369E+050
  0.300000000000000       3.171813446473245E+050
  0.350000000000000       4.976985621361136E+050
  0.400000000000000       7.074063576175533E+050
  0.450000000000000       9.373498531190172E+050
  0.500000000000000       1.179802062681505E+051
  0.550000000000000       1.424786132889001E+051
  0.600000000000000       1.668253990992965E+051
  0.650000000000000       1.903629002797593E+051
  0.700000000000000       2.126143072942988E+051
  0.750000000000000       2.333960130995201E+051
  0.800000000000000       2.523029034337462E+051
  0.850000000000000       2.691130037389439E+051
  0.900000000000000       2.837860840479014E+051
  0.950000000000000       2.961614643266919E+051
   1.00000000000000       3.062989441220918E+051
   1.05000000000000       3.144882758605791E+051
   1.10000000000000       3.207797324696605E+051
   1.15000000000000       3.252544050433487E+051
   1.20000000000000       3.280473447989901E+051
   1.25000000000000       3.293364219629414E+051
   1.30000000000000       3.290736115964444E+051
   1.35000000000000       3.275828850887412E+051
   1.40000000000000       3.248514552904319E+051
   1.45000000000000       3.209985796067755E+051
   1.50000000000000       3.161364893017864E+051
   1.55000000000000       3.103469880939217E+051
   1.60000000000000       3.037894139548135E+051
   1.65000000000000       2.965550266611168E+051
   1.70000000000000       2.886916697658420E+051
   1.75000000000000       2.802701354397768E+051
   1.80000000000000       2.713857429749718E+051
   1.85000000000000       2.621496102144240E+051
   1.90000000000000       2.526324536000929E+051
   1.95000000000000       2.427567866185501E+051
   2.00000000000000       2.327625102165560E+051
   2.05000000000000       2.226272726437785E+051
   2.10000000000000       2.125568650420392E+051
   2.15000000000000       2.025277329814968E+051
   2.20000000000000       1.924996107853262E+051
   2.25000000000000       1.826110952330541E+051
   2.30000000000000       1.730199179238676E+051
   2.35000000000000       1.635527851934313E+051
   2.40000000000000       1.543328291067588E+051
   2.45000000000000       1.453886548083242E+051
   2.50000000000000       1.366303172771777E+051
   2.55000000000000       1.282333839857886E+051
   2.60000000000000       1.202725778584653E+051
   2.65000000000000       1.125743568127410E+051
   2.70000000000000       1.052741952696485E+051
   2.75000000000000       9.822624822115586E+050
   2.80000000000000       9.154737415494408E+050
   2.85000000000000       8.514717435574977E+050
   2.90000000000000       7.901335550033736E+050
   2.95000000000000       7.324172970324202E+050
   3.00000000000000       6.786941069179912E+050
   3.05000000000000       6.294508136102540E+050
   3.10000000000000       5.833249589795679E+050
   3.15000000000000       5.396852466393018E+050
   3.20000000000000       4.986892976445704E+050
   3.25000000000000       4.596320896434177E+050
   3.30000000000000       4.228668514958556E+050
   3.35000000000000       3.878506498894711E+050
   3.40000000000000       3.560471293842096E+050
   3.45000000000000       3.286921906008285E+050
   3.50000000000000       3.027625808062639E+050
   3.55000000000000       2.784040815688225E+050
   3.60000000000000       2.557186402879344E+050
   3.65000000000000       2.344349447849170E+050
   3.70000000000000       2.142649895356509E+050
   3.75000000000000       1.951104168000880E+050
   3.80000000000000       1.783346447613862E+050
   3.85000000000000       1.634592512355604E+050
   3.90000000000000       1.499103605721905E+050
   3.95000000000000       1.373256764032143E+050
   4.00000000000000       1.257814733919777E+050
   4.05000000000000       1.148758494789370E+050
   4.10000000000000       1.045828823948093E+050
   4.15000000000000       9.491419283065836E+049
   4.20000000000000       8.632390377171412E+049
   4.25000000000000       7.862029924061901E+049
   4.30000000000000       7.191506564644473E+049
   4.35000000000000       6.579290128538436E+049
   4.40000000000000       6.010452559847156E+049
   4.45000000000000       5.479060844614411E+049
   4.50000000000000       4.981087875344306E+049
   4.55000000000000       4.519937694983761E+049
   4.60000000000000       4.091707882967833E+049
   4.65000000000000       3.714603325650034E+049
   4.70000000000000       3.383620320018159E+049
   4.75000000000000       3.087841597904743E+049
   4.80000000000000       2.822949917363607E+049
   4.85000000000000       2.570784039823567E+049
   4.90000000000000       2.330348867273040E+049
   4.95000000000000       2.118543602390611E+049
   5.00000000000000       1.917548854539630E+049
   5.05000000000000       1.738162806800452E+049
   5.10000000000000       1.579239509937159E+049
   5.15000000000000       1.450188756737889E+049
   5.20000000000000       1.325587698937329E+049
   5.25000000000000       1.207764002914212E+049
   5.30000000000000       1.099252818892009E+049
   5.35000000000000       9.987036506047377E+048
   5.40000000000000       9.029829844529481E+048
   5.45000000000000       8.172974064830010E+048
   5.50000000000000       7.420860993266196E+048
   5.55000000000000       6.796478467715885E+048
   5.60000000000000       6.222721324186732E+048
   5.65000000000000       5.673668833333351E+048
   5.70000000000000       5.168246976589598E+048
   5.75000000000000       4.685054426921727E+048
   5.80000000000000       4.244713564850034E+048
   5.85000000000000       3.834088140650619E+048
   5.90000000000000       3.488757459421390E+048
   5.95000000000000       3.179637939403675E+048
   6.00000000000000       2.914333423371461E+048
   6.05000000000000       2.666155111452132E+048
   6.10000000000000       2.430509144760222E+048
   6.15000000000000       2.203081718142778E+048
   6.20000000000000       1.992243805133980E+048
   6.25000000000000       1.803441884676387E+048
   6.30000000000000       1.639702395570775E+048
   6.35000000000000       1.491523949454196E+048
   6.40000000000000       1.368296042159898E+048
   6.45000000000000       1.254574198665128E+048
   6.50000000000000       1.146479320744576E+048
   6.55000000000000       1.043571201569098E+048
   6.60000000000000       9.416131602425330E+047
   6.65000000000000       8.508910888332525E+047
   6.70000000000000       7.746807975815738E+047
   6.75000000000000       7.073314992238108E+047
   6.80000000000000       6.483591073212201E+047
   6.85000000000000       5.984347077658295E+047
   6.90000000000000       5.505209437755365E+047
   6.95000000000000       5.037449629510138E+047
   7.00000000000000       4.580760386293159E+047
   7.05000000000000       4.135015813139596E+047
   7.10000000000000       3.780052340080645E+047
   7.15000000000000       3.492873601213952E+047
   7.20000000000000       3.219950047393919E+047
   7.25000000000000       3.000618896637808E+047
   7.30000000000000       2.794197640134620E+047
   7.35000000000000       2.590162606173058E+047
   7.40000000000000       2.392660656132989E+047
   7.45000000000000       2.200996629997816E+047
   7.50000000000000       2.027555772708085E+047
   7.55000000000000       1.900948287619102E+047
   7.60000000000000       1.791473413319310E+047
   7.65000000000000       1.694218756059177E+047
   7.70000000000000       1.611923158198367E+047
   7.75000000000000       1.531698515101015E+047
   7.80000000000000       1.450012863278485E+047
   7.85000000000000       1.375176113645072E+047
   7.90000000000000       1.306161775219447E+047
   7.95000000000000       1.243205748213770E+047
   8.00000000000000       1.202611099411181E+047
   8.05000000000000       1.162484766829367E+047
   8.10000000000000       1.131419671340593E+047
   8.15000000000000       1.101184685042260E+047
   8.20000000000000       1.070895223750302E+047
   8.25000000000000       1.033816535714809E+047
   8.30000000000000       1.005639574944211E+047
   8.35000000000000       9.793214680482240E+046
   8.40000000000000       9.579974702412330E+046
   8.45000000000000       9.400059529641993E+046
   8.50000000000000       9.236682531537737E+046
   8.55000000000000       9.055083958362603E+046
   8.60000000000000       8.891374063962104E+046
   8.65000000000000       8.566338434331641E+046
   8.70000000000000       8.402131311399264E+046
   8.75000000000000       8.231455409196608E+046
   8.80000000000000       7.788552235169820E+046
   8.85000000000000       7.657037008234409E+046
   8.90000000000000       7.435137301711437E+046
   8.95000000000000       7.293091912933636E+046
   9.00000000000000       7.155754127789162E+046
   9.05000000000000       7.007957196761970E+046
   9.10000000000000       6.850876976359312E+046
   9.15000000000000       6.689268710251307E+046
   9.20000000000000       6.519799126516311E+046
   9.25000000000000       6.348213904603302E+046
   9.30000000000000       6.178590355301046E+046
   9.35000000000000       6.007363057552404E+046
   9.40000000000000       5.831403459793625E+046
   9.45000000000000       5.652150683407595E+046
   9.50000000000000       5.469480668847255E+046
   9.55000000000000       5.256607376605581E+046
   9.60000000000000       5.075457809401529E+046
   9.65000000000000       4.888604056165380E+046
   9.70000000000000       4.708313752181661E+046
   9.75000000000000       4.525909320535418E+046
   9.80000000000000       4.352011466195790E+046
   9.85000000000000       4.174280395801022E+046
   9.90000000000000       4.003914292200010E+046
   9.95000000000000       3.825118251457353E+046
   10.0000000000000       3.660705107383725E+046
   10.0500000000000       3.499091422385655E+046
   10.1000000000000       3.340476974734247E+046
   10.1500000000000       3.172234783849723E+046
   10.2000000000000       3.023921664482736E+046
   10.2500000000000       2.879490308336088E+046
   10.3000000000000       2.738958942815148E+046
   10.3500000000000       2.602427566601449E+046
   10.4000000000000       2.470096178005171E+046
   10.4500000000000       2.341964774788131E+046
   10.5000000000000       2.218033353874640E+046
   10.5500000000000       2.098601910841628E+046
   10.6000000000000       1.978651650687265E+046
   10.6500000000000       1.868721080344296E+046
   10.7000000000000       1.763190508897695E+046
   10.7500000000000       1.661859936205878E+046
   10.8000000000000       1.564829362094412E+046
   10.8500000000000       1.472098786017689E+046
   10.9000000000000       1.383468208422797E+046
   10.9500000000000       1.298837628471162E+046
   11.0000000000000       1.218307344240131E+046
   11.0500000000000       1.140941462594911E+046
   11.1000000000000       1.068238568138588E+046
   11.1500000000000       9.992256736684732E+045
   11.2000000000000       9.338127791833703E+045
   11.2500000000000       8.718998846818781E+045
   11.3000000000000       8.133769901618756E+045
   11.3500000000000       7.581040956223600E+045
   11.4000000000000       7.059812010602063E+045
   11.4500000000000       6.568700000026866E+045
   11.5000000000000       6.106800000024731E+045
   11.5500000000000       5.672800000022908E+045
   11.6000000000000       5.265600000021353E+045
   11.6500000000000       4.883800000020018E+045
   11.7000000000000       4.526400000018870E+045
   11.7500000000000       4.192000000016199E+045
   11.8000000000000       3.879700000015794E+045
   11.8500000000000       3.588200000015395E+045
   11.9000000000000       3.316500000015004E+045
   11.9500000000000       3.063500000014620E+045
   12.0000000000000       2.828000000014243E+045
   12.0500000000000       2.609100000013872E+045
   12.1000000000000       2.405800000013508E+045
   12.1500000000000       2.217200000013150E+045
   12.2000000000000       2.042300000012799E+045
   12.2500000000000       1.880300000012454E+045
   12.3000000000000       1.730400000012115E+045
   12.3500000000000       1.591600000011782E+045
   12.4000000000000       1.463400000011454E+045
   12.4500000000000       1.344900000011133E+045
   12.5000000000000       1.235600000010817E+045
   12.5500000000000       1.134600000010507E+045
   12.6000000000000       1.041600000010202E+045
   12.6500000000000       9.558900000099034E+044
   12.7000000000000       8.769200000096097E+044
   12.7500000000000       8.042200000093214E+044
   12.8000000000000       7.373400000090384E+044
   12.8500000000000       6.758200000087607E+044
   12.9000000000000       6.192800000084883E+044
   12.9500000000000       5.673300000082211E+044
   13.0000000000000       5.196100000079590E+044
   13.0500000000000       4.758000000077021E+044
   13.1000000000000       4.355900000074503E+044
   13.1500000000000       3.987000000072035E+044
   13.2000000000000       3.648700000069617E+044
   13.2500000000000       3.338500000067250E+044
   13.3000000000000       3.054100000064932E+044
   13.3500000000000       2.793500000062664E+044
   13.4000000000000       2.554700000060445E+044
   13.4500000000000       2.336100000058275E+044
   13.5000000000000       2.135800000056153E+044
   13.5500000000000       1.952400000054080E+044
   13.6000000000000       1.784600000052054E+044
   13.6500000000000       1.630900000050075E+044
   13.7000000000000       1.490300000048145E+044
   13.7500000000000       1.361600000046261E+044
   13.8000000000000       1.243900000044425E+044
   13.8500000000000       1.136200000042635E+044
   13.9000000000000       1.037700000040890E+044
   13.9500000000000       9.476600000391920E+043
   14.0000000000000       8.653000000375399E+043
   14.0500000000000       7.899800000359341E+043
   14.1000000000000       7.211300000343721E+043
   14.1500000000000       6.581900000328560E+043
   14.2000000000000       6.006600000313840E+043
   14.2500000000000       5.480700000299569E+043
   14.3000000000000       5.000300000285730E+043
   14.3500000000000       4.561200000272320E+043
   14.4000000000000       4.160100000259340E+043
   14.4500000000000       3.793700000246780E+043
   14.5000000000000       3.459100000234630E+043
   14.5500000000000       3.153400000222890E+043
   14.6000000000000       2.874300000211530E+043
   14.6500000000000       2.619500000200570E+043
   14.7000000000000       2.386900000190000E+043
   14.7500000000000       2.174600000179800E+043
   14.8000000000000       1.980900000169970E+043
   14.8500000000000       1.804100000160500E+043
   14.9000000000000       1.642800000151380E+043
   14.9500000000000       1.495800000142610E+043
   15.0000000000000       1.361700000134170E+043
   15.0500000000000       1.239400000126070E+043
   15.1000000000000       1.127900000118310E+043
   15.1500000000000       1.026300000110870E+043
   15.2000000000000       9.337500001037500E+042
   15.2500000000000       8.494300000969450E+042
   15.3000000000000       7.726000000904519E+042
   15.3500000000000       7.026300000842670E+042
   15.4000000000000       6.389300000783840E+042
   15.4500000000000       5.809200000727990E+042
   15.5000000000000       5.281200000675000E+042
   15.5500000000000       4.800500000624940E+042
   15.6000000000000       4.363200000577670E+042
   15.6500000000000       3.965300000533120E+042
   15.7000000000000       3.603200000491220E+042
   15.7500000000000       3.273900000451890E+042
   15.8000000000000       2.974400000415030E+042
   15.8500000000000       2.702000000380560E+042
   15.9000000000000       2.454300000348390E+042
   15.9500000000000       2.229100000318420E+042
   16.0000000000000       2.024400000290540E+042
   16.0500000000000       1.838300000264660E+042
   16.1000000000000       1.669200000240680E+042
   16.1500000000000       1.515500000218470E+042
   16.2000000000000       1.375800000198000E+042
   16.2500000000000       1.248900000179120E+042
   16.3000000000000       1.133700000161760E+042
   16.3500000000000       1.028900000145810E+042
   16.4000000000000       9.338100001311900E+041
   16.4500000000000       8.474200001178099E+041
   16.5000000000000       7.689500001055899E+041
   16.5500000000000       6.977000000944510E+041
   16.6000000000000       6.330000000843199E+041
   16.6500000000000       5.742700000751240E+041
   16.7000000000000       5.209400000667950E+041
   16.7500000000000       4.725300000591980E+041
   16.8000000000000       4.285900000524300E+041
   16.8500000000000       3.887100000463399E+041
   16.9000000000000       3.525200000408710E+041
   16.9500000000000       3.196700000359740E+041
   17.0000000000000       2.898600000315990E+041
   17.0500000000000       2.628200000276990E+041
   17.1000000000000       2.382900000242320E+041
   17.1500000000000       2.160200000211570E+041
   17.2000000000000       1.958300000184350E+041
   17.2500000000000       1.775200000160330E+041
   17.3000000000000       1.609000000139180E+041
   17.3500000000000       1.458300000120580E+041
   17.4000000000000       1.321700000104150E+041
   17.4500000000000       1.197700000089922E+041
   17.5000000000000       1.085400000077497E+041
   17.5500000000000       9.835000000666679E+040
   17.6000000000000       8.911200000572502E+040
   17.6500000000000       8.073700000490730E+040
   17.7000000000000       7.314600000419899E+040
   17.7500000000000       6.626300000358630E+040
   17.8000000000000       6.002500000305760E+040
   17.8500000000000       5.437200000260200E+040
   17.9000000000000       4.924700000221019E+040
   17.9500000000000       4.460400000187390E+040
   18.0000000000000       4.039600000154840E+040
   18.0500000000000       3.658300000131210E+040
   18.1000000000000       3.312800000110960E+040
   18.1500000000000       2.999700000093626E+040
   18.2000000000000       2.716100000078823E+040
   18.2500000000000       2.459200000066205E+040
   18.3000000000000       2.226500000055468E+040
   18.3500000000000       2.015600000046351E+040
   18.4000000000000       1.824700000038625E+040
   18.4500000000000       1.651700000032092E+040
   18.5000000000000       1.495100000026580E+040
   18.5500000000000       1.353200000021941E+040
   18.6000000000000       1.224800000018045E+040
   18.6500000000000       1.108500000014404E+040
   18.7000000000000       1.003200000011788E+040
   18.7500000000000       9.077900000096032E+039
   18.8000000000000       8.214600000077849E+039
   18.8500000000000       7.433000000062765E+039
   18.9000000000000       6.725500000050299E+039
   18.9500000000000       6.084900000040036E+039
   19.0000000000000       5.505200000031627E+039
   19.0500000000000       4.980400000024769E+039
   19.1000000000000       4.505400000019209E+039
   19.1500000000000       4.075600000014730E+039
   19.2000000000000       3.686500000011147E+039
   19.2500000000000       3.334500000000370E+039
   19.3000000000000       3.016000000000303E+039
   19.3500000000000       2.727700000000247E+039
   19.4000000000000       2.466900000000201E+039
   19.4500000000000       2.230900000000162E+039
   19.5000000000000       2.017400000000130E+039
   19.5500000000000       1.824300000000104E+039
   19.6000000000000       1.649600000000082E+039
   19.6500000000000       1.491500000000064E+039
   19.7000000000000       1.348500000000050E+039
   19.7500000000000       1.219200000000039E+039
   19.8000000000000       1.102300000000029E+039
   19.8500000000000       9.964600000000220E+038
   19.9000000000000       9.007899999999999E+038
   19.9500000000000       8.142700000000000E+038
   20.0000000000000       7.360300000000000E+038
   20.0500000000000       6.652800000000000E+038
   20.1000000000000       6.013000000000000E+038
   20.1500000000000       5.434600000000000E+038
   20.2000000000000       4.911600000000000E+038
   20.2500000000000       4.438800000000000E+038
   20.3000000000000       4.011300000000000E+038
   20.3500000000000       3.624800000000000E+038
   20.4000000000000       3.275500000000000E+038
   20.4500000000000       2.959700000000000E+038
   20.5000000000000       2.674200000000000E+038
   20.5500000000000       2.416200000000000E+038
   20.6000000000000       2.183000000000000E+038
   20.6500000000000       1.972200000000000E+038
   20.7000000000000       1.781700000000000E+038
   20.7500000000000       1.609600000000000E+038
   20.8000000000000       1.454000000000000E+038
   20.8500000000000       1.313400000000000E+038
   20.9000000000000       1.186400000000000E+038
   20.9500000000000       1.071600000000000E+038
   21.0000000000000       9.678500000000000E+037
   21.0500000000000       8.741400000000000E+037
   21.1000000000000       7.894700000000000E+037
   21.1500000000000       7.129800000000000E+037
   21.2000000000000       6.438800000000000E+037
   21.2500000000000       5.814600000000000E+037
   21.3000000000000       5.250600000000000E+037
   21.3500000000000       4.741200000000000E+037
   21.4000000000000       4.281100000000000E+037
   21.4500000000000       3.865500000000000E+037
   21.5000000000000       3.490100000000000E+037
   21.5500000000000       3.151100000000000E+037
   21.6000000000000       2.844900000000000E+037
   21.6500000000000       2.568400000000000E+037
   21.7000000000000       2.318600000000000E+037
   21.7500000000000       2.093100000000000E+037
   21.8000000000000       1.889500000000000E+037
   21.8500000000000       1.705600000000000E+037
   21.9000000000000       1.539600000000000E+037
   21.9500000000000       1.389600000000000E+037
   22.0000000000000       1.254300000000000E+037
   22.0500000000000       1.132000000000000E+037
   22.1000000000000       1.021700000000000E+037
   22.1500000000000       9.220900000000000E+036
   22.2000000000000       8.321700000000000E+036
   22.2500000000000       7.509900000000000E+036
   22.3000000000000       6.777100000000000E+036
   22.3500000000000       6.115500000000000E+036
   22.4000000000000       5.518400000000000E+036
   22.4500000000000       4.979500000000000E+036
   22.5000000000000       4.493000000000000E+036
   22.5500000000000       4.054000000000000E+036
   22.6000000000000       3.657700000000000E+036
   22.6500000000000       3.300100000000000E+036
   22.7000000000000       2.977300000000000E+036
   22.7500000000000       2.686100000000000E+036
   22.8000000000000       2.423200000000000E+036
   22.8500000000000       2.186000000000000E+036
   22.9000000000000       1.972000000000000E+036
   22.9500000000000       1.778900000000000E+036
   23.0000000000000       1.604600000000000E+036
   23.0500000000000       1.447400000000000E+036
   23.1000000000000       1.305500000000000E+036
   23.1500000000000       1.177500000000000E+036
   23.2000000000000       1.062100000000000E+036
   23.2500000000000       9.578900000000000E+035
   23.3000000000000       8.639000000000001E+035
   23.3500000000000       7.791200000000000E+035
   23.4000000000000       7.026400000000000E+035
   23.4500000000000       6.336500000000000E+035
   23.5000000000000       5.714100000000000E+035
   23.5500000000000       5.152900000000000E+035
   23.6000000000000       4.646500000000000E+035
   23.6500000000000       4.189800000000000E+035
   23.7000000000000       3.777900000000000E+035
   23.7500000000000       3.406400000000000E+035
   23.8000000000000       3.071400000000000E+035
   23.8500000000000       2.769200000000000E+035
   23.9000000000000       2.496700000000000E+035
   23.9500000000000       2.251000000000000E+035
   24.0000000000000       2.029300000000000E+035
   24.0500000000000       1.829500000000000E+035
   24.1000000000000       1.649300000000000E+035
   24.1500000000000       1.486800000000000E+035
   24.2000000000000       1.340300000000000E+035
   24.2500000000000       1.208200000000000E+035
   24.3000000000000       1.089100000000000E+035
   24.3500000000000       9.816700000000001E+034
   24.4000000000000       8.848500000000000E+034
   24.4500000000000       7.975500000000000E+034
   24.5000000000000       7.188500000000000E+034
   24.5500000000000       6.479000000000000E+034
   24.6000000000000       5.839400000000000E+034
   24.6500000000000       5.262800000000000E+034
   24.7000000000000       4.743000000000000E+034
   24.7500000000000       4.274500000000000E+034
   24.8000000000000       3.852100000000000E+034
   24.8500000000000       3.471400000000000E+034
   24.9000000000000       3.128200000000000E+034
   24.9500000000000       2.818900000000000E+034
   25.0000000000000       2.540200000000000E+034
