  0.000000000000000E+000  0.000000000000000E+000
  5.000000000000000E-002  8.635758503072421E+049
  0.100000000000000       3.358759848315340E+050
  0.150000000000000       7.468416543065111E+050
  0.200000000000000       1.328218346724966E+051
  0.250000000000000       2.089722695269157E+051
  0.300000000000000       3.030332514342446E+051
  0.350000000000000       4.123684656425161E+051
  0.400000000000000       5.349158293059979E+051
  0.450000000000000       6.679023985642093E+051
  0.500000000000000       8.082277689716647E+051
  0.550000000000000       9.527329611552997E+051
  0.600000000000000       1.099633118793851E+052
  0.650000000000000       1.246839671004528E+052
  0.700000000000000       1.392937202889320E+052
  0.750000000000000       1.535533186362865E+052
  0.800000000000000       1.673200258089413E+052
  0.850000000000000       1.804711231270905E+052
  0.900000000000000       1.929112986938202E+052
  0.950000000000000       2.045397425550125E+052
   1.00000000000000       2.153592025883559E+052
   1.05000000000000       2.253291469460762E+052
   1.10000000000000       2.344308760534432E+052
   1.15000000000000       2.426106617930116E+052
   1.20000000000000       2.497840769492011E+052
   1.25000000000000       2.559962458905553E+052
   1.30000000000000       2.611615007239296E+052
   1.35000000000000       2.654072136844859E+052
   1.40000000000000       2.687402624700065E+052
   1.45000000000000       2.711954968995961E+052
   1.50000000000000       2.727908536631169E+052
   1.55000000000000       2.735982314445132E+052
   1.60000000000000       2.736434870130405E+052
   1.65000000000000       2.729466960611580E+052
   1.70000000000000       2.716181053176524E+052
   1.75000000000000       2.695960378475739E+052
   1.80000000000000       2.669883978257554E+052
   1.85000000000000       2.638046899949613E+052
   1.90000000000000       2.601255979181095E+052
   1.95000000000000       2.559941555958705E+052
   2.00000000000000       2.514339242460059E+052
   2.05000000000000       2.464751525296706E+052
   2.10000000000000       2.411888947573630E+052
   2.15000000000000       2.356163684521051E+052
   2.20000000000000       2.297784549849788E+052
   2.25000000000000       2.237110406421270E+052
   2.30000000000000       2.174331833115517E+052
   2.35000000000000       2.110302477827028E+052
   2.40000000000000       2.044957295703025E+052
   2.45000000000000       1.979109141780949E+052
   2.50000000000000       1.912735108692428E+052
   2.55000000000000       1.845835816082674E+052
   2.60000000000000       1.778842637296592E+052
   2.65000000000000       1.711934357972836E+052
   2.70000000000000       1.645334177706987E+052
   2.75000000000000       1.579448690551055E+052
   2.80000000000000       1.514468905785964E+052
   2.85000000000000       1.450378737794222E+052
   2.90000000000000       1.387526336026568E+052
   2.95000000000000       1.325836362299310E+052
   3.00000000000000       1.265503983839447E+052
   3.05000000000000       1.206526267902882E+052
   3.10000000000000       1.149076163975584E+052
   3.15000000000000       1.093620342749152E+052
   3.20000000000000       1.039752588105006E+052
   3.25000000000000       9.876402349539343E+051
   3.30000000000000       9.373951254855986E+051
   3.35000000000000       8.888421076569549E+051
   3.40000000000000       8.420892669976430E+051
   3.45000000000000       7.972000316114546E+051
   3.50000000000000       7.540496482115350E+051
   3.55000000000000       7.125324332192109E+051
   3.60000000000000       6.730501896449542E+051
   3.65000000000000       6.353980896424080E+051
   3.70000000000000       5.993637833803991E+051
   3.75000000000000       5.648413068129566E+051
   3.80000000000000       5.319302877932764E+051
   3.85000000000000       5.006348564267106E+051
   3.90000000000000       4.710820516140322E+051
   3.95000000000000       4.430092117755637E+051
   4.00000000000000       4.162000322869102E+051
   4.05000000000000       3.906151508289567E+051
   4.10000000000000       3.662574293243033E+051
   4.15000000000000       3.434624858905226E+051
   4.20000000000000       3.222728615785094E+051
   4.25000000000000       3.021491007449867E+051
   4.30000000000000       2.833961039237634E+051
   4.35000000000000       2.657084834439390E+051
   4.40000000000000       2.491581631817948E+051
   4.45000000000000       2.334806052340424E+051
   4.50000000000000       2.187100247970247E+051
   4.55000000000000       2.046725066532348E+051
   4.60000000000000       1.913784314799241E+051
   4.65000000000000       1.788771659532601E+051
   4.70000000000000       1.669815629682486E+051
   4.75000000000000       1.559834285945477E+051
   4.80000000000000       1.459193420585092E+051
   4.85000000000000       1.367699608942428E+051
   4.90000000000000       1.266505803889554E+051
   4.95000000000000       1.189483422378950E+051
   5.00000000000000       1.116071900952841E+051
   5.05000000000000       1.046629857407306E+051
   5.10000000000000       9.804641327713814E+050
   5.15000000000000       9.188268594987927E+050
   5.20000000000000       8.595302094214948E+050
   5.25000000000000       8.027012067550903E+050
   5.30000000000000       7.481479464673588E+050
   5.35000000000000       7.005910104257149E+050
   5.40000000000000       6.571262465998815E+050
   5.45000000000000       6.163641849728971E+050
   5.50000000000000       5.784411244475561E+050
   5.55000000000000       5.425085462891955E+050
   5.60000000000000       5.085902432383267E+050
   5.65000000000000       4.767079360306818E+050
   5.70000000000000       4.463832847876719E+050
   5.75000000000000       4.175636336529317E+050
   5.80000000000000       3.900736363235199E+050
   5.85000000000000       3.633042003941851E+050
   5.90000000000000       3.391527222734589E+050
   5.95000000000000       3.180860792763723E+050
   6.00000000000000       2.984364725202407E+050
   6.05000000000000       2.804139992305354E+050
   6.10000000000000       2.632645091424135E+050
   6.15000000000000       2.470713764581238E+050
   6.20000000000000       2.321207205253374E+050
   6.25000000000000       2.176087559465504E+050
   6.30000000000000       2.040219089079547E+050
   6.35000000000000       1.908348686866558E+050
   6.40000000000000       1.784378740244108E+050
   6.45000000000000       1.663309306673266E+050
   6.50000000000000       1.556642259947177E+050
   6.55000000000000       1.463996068207432E+050
   6.60000000000000       1.378859748328244E+050
   6.65000000000000       1.299388402677323E+050
   6.70000000000000       1.225637733531269E+050
   6.75000000000000       1.153894121594438E+050
   6.80000000000000       1.087101033598563E+050
   6.85000000000000       1.022857420867525E+050
   6.90000000000000       9.607462536716001E+049
   6.95000000000000       9.017305852350487E+049
   7.00000000000000       8.449530525950693E+049
   7.05000000000000       7.911396078477705E+049
   7.10000000000000       7.443138427822657E+049
   7.15000000000000       7.040556574547301E+049
   7.20000000000000       6.668453524423018E+049
   7.25000000000000       6.327001229648841E+049
   7.30000000000000       6.002423926888546E+049
   7.35000000000000       5.688219973627321E+049
   7.40000000000000       5.379555183787604E+049
   7.45000000000000       5.090642033832478E+049
   7.50000000000000       4.814401378754232E+049
   7.55000000000000       4.545420101305778E+049
   7.60000000000000       4.279165546004580E+049
   7.65000000000000       4.036408608782604E+049
   7.70000000000000       3.842708047237069E+049
   7.75000000000000       3.669005560041117E+049
   7.80000000000000       3.512408958834461E+049
   7.85000000000000       3.363382277845940E+049
   7.90000000000000       3.219824687265141E+049
   7.95000000000000       3.080391530187762E+049
   8.00000000000000       2.947957250653269E+049
   8.05000000000000       2.822477739804974E+049
   8.10000000000000       2.697953226071139E+049
   8.15000000000000       2.577076469195718E+049
   8.20000000000000       2.462966008639262E+049
   8.25000000000000       2.358543766816919E+049
   8.30000000000000       2.276325290124921E+049
   8.35000000000000       2.202415725478528E+049
   8.40000000000000       2.136065325611137E+049
   8.45000000000000       2.071824179760839E+049
   8.50000000000000       2.009557563897666E+049
   8.55000000000000       1.951907456998062E+049
   8.60000000000000       1.895437804193079E+049
   8.65000000000000       1.839932073605183E+049
   8.70000000000000       1.785496086363598E+049
   8.75000000000000       1.732933561933243E+049
   8.80000000000000       1.681347268822474E+049
   8.85000000000000       1.634552034260374E+049
   8.90000000000000       1.596167667263198E+049
   8.95000000000000       1.561925318400035E+049
   9.00000000000000       1.531145809802372E+049
   9.05000000000000       1.500890403398471E+049
   9.10000000000000       1.471909280814397E+049
   9.15000000000000       1.443135692073140E+049
   9.20000000000000       1.414554456351904E+049
   9.25000000000000       1.385612389330662E+049
   9.30000000000000       1.356874887458767E+049
   9.35000000000000       1.327402001851431E+049
   9.40000000000000       1.298248516406655E+049
   9.45000000000000       1.272440561387665E+049
   9.50000000000000       1.247079075637326E+049
   9.55000000000000       1.223677002821777E+049
   9.60000000000000       1.202843847070340E+049
   9.65000000000000       1.181834452343343E+049
   9.70000000000000       1.160881812741275E+049
   9.75000000000000       1.139393631211439E+049
   9.80000000000000       1.117561546361087E+049
   9.85000000000000       1.095436013472846E+049
   9.90000000000000       1.072761848452686E+049
   9.95000000000000       1.049456923577762E+049
   10.0000000000000       1.026538312709532E+049
   10.0500000000000       1.004853410163613E+049
   10.1000000000000       9.823388313942569E+048
   10.1500000000000       9.611677781206744E+048
   10.2000000000000       9.408336262690996E+048
   10.2500000000000       9.210379409487870E+048
   10.3000000000000       9.010587482475446E+048
   10.3500000000000       8.808517794883490E+048
   10.4000000000000       8.605608734369442E+048
   10.4500000000000       8.400747541538278E+048
   10.5000000000000       8.194209849475600E+048
   10.5500000000000       7.986645284849108E+048
   10.6000000000000       7.782090013038929E+048
   10.6500000000000       7.585509473051841E+048
   10.7000000000000       7.383326511636344E+048
   10.7500000000000       7.188472596311825E+048
   10.8000000000000       6.999032086893685E+048
   10.8500000000000       6.814204466592323E+048
   10.9000000000000       6.632420985581513E+048
   10.9500000000000       6.451301966471677E+048
   11.0000000000000       6.271729182039220E+048
   11.0500000000000       6.092995384381852E+048
   11.1000000000000       5.916536667173018E+048
   11.1500000000000       5.731585755453210E+048
   11.2000000000000       5.561735162707759E+048
   11.2500000000000       5.396427329251118E+048
   11.3000000000000       5.233383248324331E+048
   11.3500000000000       5.073123745655480E+048
   11.4000000000000       4.916288593275977E+048
   11.4500000000000       4.761656958748357E+048
   11.5000000000000       4.613659838722710E+048
   11.5500000000000       4.468337474371836E+048
   11.6000000000000       4.325761539176650E+048
   11.6500000000000       4.179680274843360E+048
   11.7000000000000       4.043030062089697E+048
   11.7500000000000       3.909390305851167E+048
   11.8000000000000       3.779568446205124E+048
   11.8500000000000       3.653313240936998E+048
   11.9000000000000       3.530226767958317E+048
   11.9500000000000       3.409851187688501E+048
   12.0000000000000       3.292888654914425E+048
   12.0500000000000       3.179162214348345E+048
   12.1000000000000       3.069038996438988E+048
   12.1500000000000       2.962604570441737E+048
   12.2000000000000       2.858900947518052E+048
   12.2500000000000       2.757247495946407E+048
   12.3000000000000       2.657259106319899E+048
   12.3500000000000       2.552237707549602E+048
   12.4000000000000       2.460010842073323E+048
   12.4500000000000       2.370417693244993E+048
   12.5000000000000       2.283889658167152E+048
   12.5500000000000       2.200089511878523E+048
   12.6000000000000       2.118372012728355E+048
   12.6500000000000       2.040088320265673E+048
   12.7000000000000       1.964659572516738E+048
   12.7500000000000       1.891809741724219E+048
   12.8000000000000       1.821421247903093E+048
   12.8500000000000       1.753270914379248E+048
   12.9000000000000       1.687249270335542E+048
   12.9500000000000       1.620793526293859E+048
   13.0000000000000       1.559074178828795E+048
   13.0500000000000       1.499454155413582E+048
   13.1000000000000       1.441680952877856E+048
   13.1500000000000       1.385070002160697E+048
   13.2000000000000       1.331233261090749E+048
   13.2500000000000       1.278995855511113E+048
   13.3000000000000       1.227898564921096E+048
   13.3500000000000       1.179449449081049E+048
   13.4000000000000       1.132136341871181E+048
   13.4500000000000       1.087177748659557E+048
   13.5000000000000       1.043722145036902E+048
   13.5500000000000       1.001677299779308E+048
   13.6000000000000       9.611322576384375E+047
   13.6500000000000       9.219969726180199E+047
   13.7000000000000       8.842033848759458E+047
   13.7500000000000       8.477728629302539E+047
   13.8000000000000       8.126321462693619E+047
   13.8500000000000       7.787211920930212E+047
   13.9000000000000       7.460217281193719E+047
   13.9500000000000       7.145374034743513E+047
   14.0000000000000       6.842412528428974E+047
   14.0500000000000       6.551394468651837E+047
   14.1000000000000       6.270777287808513E+047
   14.1500000000000       5.998687163897927E+047
   14.2000000000000       5.738655088365406E+047
   14.2500000000000       5.488222332254543E+047
   14.3000000000000       5.247188724052246E+047
   14.3500000000000       5.010474949596562E+047
   14.4000000000000       4.787791611250451E+047
   14.4500000000000       4.573508129892012E+047
   14.5000000000000       4.367524468111265E+047
   14.5500000000000       4.163813832454045E+047
   14.6000000000000       3.974275627596306E+047
   14.6500000000000       3.792356490593006E+047
   14.7000000000000       3.617694014134805E+047
   14.7500000000000       3.450131534953778E+047
   14.8000000000000       3.289169052734769E+047
   14.8500000000000       3.134906567097502E+047
   14.9000000000000       2.986944077577414E+047
   14.9500000000000       2.845081583599201E+047
   15.0000000000000       2.709119084439509E+047
   15.0500000000000       2.578856579160443E+047
   15.1000000000000       2.454094066583070E+047
   15.1500000000000       2.334532422980722E+047
   15.2000000000000       2.220195860983252E+047
   15.2500000000000       2.110793106063936E+047
   15.3000000000000       2.004125546407625E+047
   15.3500000000000       1.904369618615024E+047
   15.4000000000000       1.809013690295810E+047
   15.4500000000000       1.717857761382799E+047
   15.5000000000000       1.630801831793732E+047
   15.5500000000000       1.547745901426508E+047
   15.6000000000000       1.468489970152433E+047
   15.6500000000000       1.392834037806454E+047
   15.7000000000000       1.320678104172649E+047
   15.7500000000000       1.251922168962031E+047
   15.8000000000000       1.186168930112445E+047
   15.8500000000000       1.123462799303492E+047
   15.9000000000000       1.064051933671124E+047
   15.9500000000000       1.007449288338755E+047
   16.0000000000000       9.536666429821093E+046
   16.0500000000000       9.024839975997493E+046
   16.1000000000000       8.538013521900597E+046
   16.1500000000000       8.075387067504647E+046
   16.2000000000000       7.635760612805745E+046
   16.2500000000000       7.218034157770109E+046
   16.3000000000000       6.821507702369861E+046
   16.3500000000000       6.445181246572089E+046
   16.4000000000000       6.087867634073870E+046
   16.4500000000000       5.749100000000052E+046
   16.5000000000000       5.427800000000048E+046
   16.5500000000000       5.123300000000043E+046
   16.6000000000000       4.834900000000039E+046
   16.6500000000000       4.561400000000036E+046
   16.7000000000000       4.302600000000033E+046
   16.7500000000000       4.057600000000031E+046
   16.8000000000000       3.825700000000028E+046
   16.8500000000000       3.606200000000025E+046
   16.9000000000000       3.398800000000023E+046
   16.9500000000000       3.202500000000021E+046
   17.0000000000000       3.017000000000020E+046
   17.0500000000000       2.841700000000017E+046
   17.1000000000000       2.676100000000016E+046
   17.1500000000000       2.519700000000014E+046
   17.2000000000000       2.372000000000013E+046
   17.2500000000000       2.232500000000011E+046
   17.3000000000000       2.100900000000011E+046
   17.3500000000000       1.976700000000009E+046
   17.4000000000000       1.859600000000008E+046
   17.4500000000000       1.749100000000007E+046
   17.5000000000000       1.644900000000007E+046
   17.5500000000000       1.546700000000006E+046
   17.6000000000000       1.454200000000005E+046
   17.6500000000000       1.367000000000005E+046
   17.7000000000000       1.284800000000004E+046
   17.7500000000000       1.207400000000003E+046
   17.8000000000000       1.134600000000003E+046
   17.8500000000000       1.065900000000003E+046
   17.9000000000000       1.001400000000002E+046
   17.9500000000000       9.405600000000022E+045
   18.0000000000000       8.833600000000017E+045
   18.0500000000000       8.295400000000014E+045
   18.1000000000000       7.789100000000013E+045
   18.1500000000000       7.312900000000011E+045
   18.2000000000000       6.865200000000010E+045
   18.2500000000000       6.444000000000009E+045
   18.3000000000000       6.048300000000008E+045
   18.3500000000000       5.676200000000007E+045
   18.4000000000000       5.326500000000006E+045
   18.4500000000000       4.997900000000005E+045
   18.5000000000000       4.689100000000004E+045
   18.5500000000000       4.399100000000004E+045
   18.6000000000000       4.126600000000003E+045
   18.6500000000000       3.870700000000003E+045
   18.7000000000000       3.630300000000002E+045
   18.7500000000000       3.404700000000002E+045
   18.8000000000000       3.192700000000002E+045
   18.8500000000000       2.993800000000001E+045
   18.9000000000000       2.807100000000001E+045
   18.9500000000000       2.631700000000001E+045
   19.0000000000000       2.467200000000001E+045
   19.0500000000000       2.312800000000001E+045
   19.1000000000000       2.167900000000001E+045
   19.1500000000000       2.032000000000000E+045
   19.2000000000000       1.904400000000000E+045
   19.2500000000000       1.784800000000000E+045
   19.3000000000000       1.672600000000000E+045
   19.3500000000000       1.567300000000000E+045
   19.4000000000000       1.468500000000000E+045
   19.4500000000000       1.375900000000000E+045
   19.5000000000000       1.289100000000000E+045
   19.5500000000000       1.207700000000000E+045
   19.6000000000000       1.131300000000000E+045
   19.6500000000000       1.059800000000000E+045
   19.7000000000000       9.926400000000000E+044
   19.7500000000000       9.297299999999999E+044
   19.8000000000000       8.707600000000000E+044
   19.8500000000000       8.155000000000000E+044
   19.9000000000000       7.636900000000000E+044
   19.9500000000000       7.151400000000000E+044
   20.0000000000000       6.696500000000000E+044
   20.0500000000000       6.270100000000000E+044
   20.1000000000000       5.870700000000000E+044
   20.1500000000000       5.496300000000000E+044
   20.2000000000000       5.145700000000000E+044
   20.2500000000000       4.817200000000000E+044
   20.3000000000000       4.509300000000000E+044
   20.3500000000000       4.221100000000000E+044
   20.4000000000000       3.951000000000000E+044
   20.4500000000000       3.698000000000000E+044
   20.5000000000000       3.461100000000000E+044
   20.5500000000000       3.239200000000000E+044
   20.6000000000000       3.031400000000000E+044
   20.6500000000000       2.836800000000000E+044
   20.7000000000000       2.654600000000000E+044
   20.7500000000000       2.484000000000000E+044
   20.8000000000000       2.324200000000000E+044
   20.8500000000000       2.174600000000000E+044
   20.9000000000000       2.034600000000000E+044
   20.9500000000000       1.903500000000000E+044
   21.0000000000000       1.780800000000000E+044
   21.0500000000000       1.665900000000000E+044
   21.1000000000000       1.558400000000000E+044
   21.1500000000000       1.457700000000000E+044
   21.2000000000000       1.363500000000000E+044
   21.2500000000000       1.275300000000000E+044
   21.3000000000000       1.192800000000000E+044
   21.3500000000000       1.115600000000000E+044
   21.4000000000000       1.043300000000000E+044
   21.4500000000000       9.757300000000000E+043
   21.5000000000000       9.124500000000000E+043
   21.5500000000000       8.532500000000000E+043
   21.6000000000000       7.978500000000000E+043
   21.6500000000000       7.460400000000000E+043
   21.7000000000000       6.975500000000000E+043
   21.7500000000000       6.522000000000000E+043
   21.8000000000000       6.097700000000000E+043
   21.8500000000000       5.700700000000000E+043
   21.9000000000000       5.329500000000000E+043
   21.9500000000000       4.982200000000000E+043
   22.0000000000000       4.657500000000000E+043
   22.0500000000000       4.353600000000000E+043
   22.1000000000000       4.069500000000000E+043
   22.1500000000000       3.803800000000000E+043
   22.2000000000000       3.555300000000000E+043
   22.2500000000000       3.323000000000000E+043
   22.3000000000000       3.105700000000000E+043
   22.3500000000000       2.902500000000000E+043
   22.4000000000000       2.712500000000000E+043
   22.4500000000000       2.534900000000000E+043
   22.5000000000000       2.368800000000000E+043
   22.5500000000000       2.213500000000000E+043
   22.6000000000000       2.068400000000000E+043
   22.6500000000000       1.932700000000000E+043
   22.7000000000000       1.805800000000000E+043
   22.7500000000000       1.687200000000000E+043
   22.8000000000000       1.576400000000000E+043
   22.8500000000000       1.472700000000000E+043
   22.9000000000000       1.375900000000000E+043
   22.9500000000000       1.285400000000000E+043
   23.0000000000000       1.200800000000000E+043
   23.0500000000000       1.121700000000000E+043
   23.1000000000000       1.047800000000000E+043
   23.1500000000000       9.787400000000000E+042
   23.2000000000000       9.142000000000000E+042
   23.2500000000000       8.539000000000000E+042
   23.3000000000000       7.975400000000000E+042
   23.3500000000000       7.448800000000000E+042
   23.4000000000000       6.956900000000000E+042
   23.4500000000000       6.497100000000000E+042
   23.5000000000000       6.067700000000000E+042
   23.5500000000000       5.666399999999999E+042
   23.6000000000000       5.291500000000000E+042
   23.6500000000000       4.941200000000000E+042
   23.7000000000000       4.614000000000000E+042
   23.7500000000000       4.308400000000000E+042
   23.8000000000000       4.022900000000000E+042
   23.8500000000000       3.756200000000000E+042
   23.9000000000000       3.507000000000000E+042
   23.9500000000000       3.274300000000000E+042
   24.0000000000000       3.057000000000000E+042
   24.0500000000000       2.854000000000000E+042
   24.1000000000000       2.664500000000000E+042
   24.1500000000000       2.487400000000000E+042
   24.2000000000000       2.322000000000000E+042
   24.2500000000000       2.167600000000000E+042
   24.3000000000000       2.023400000000000E+042
   24.3500000000000       1.888700000000000E+042
   24.4000000000000       1.763000000000000E+042
   24.4500000000000       1.645500000000000E+042
   24.5000000000000       1.535900000000000E+042
   24.5500000000000       1.433500000000000E+042
   24.6000000000000       1.337900000000000E+042
   24.6500000000000       1.248700000000000E+042
   24.7000000000000       1.165400000000000E+042
   24.7500000000000       1.087600000000000E+042
   24.8000000000000       1.014900000000000E+042
   24.8500000000000       9.471500000000000E+041
   24.9000000000000       8.838500000000000E+041
   24.9500000000000       8.247700000000000E+041
   25.0000000000000       7.696200000000000E+041
