  0.000000000000000E+000  0.000000000000000E+000
  5.000000000000000E-002  4.453315257105448E+048
  0.100000000000000       1.768327329379706E+049
  0.150000000000000       4.264202034759032E+049
  0.200000000000000       8.351182111760276E+049
  0.250000000000000       1.491976244479822E+050
  0.300000000000000       2.405069336690277E+050
  0.350000000000000       3.631463746646354E+050
  0.400000000000000       5.122971308670166E+050
  0.450000000000000       6.885414872513529E+050
  0.500000000000000       8.871218087693184E+050
  0.550000000000000       1.105547935518833E+051
  0.600000000000000       1.336734442812246E+051
  0.650000000000000       1.575292866556899E+051
  0.700000000000000       1.818726731551913E+051
  0.750000000000000       2.064990343355456E+051
  0.800000000000000       2.309418664292672E+051
  0.850000000000000       2.549292706402187E+051
  0.900000000000000       2.782329836369683E+051
  0.950000000000000       3.006878704067717E+051
   1.00000000000000       3.220753339838761E+051
   1.05000000000000       3.422804840241928E+051
   1.10000000000000       3.611880697207601E+051
   1.15000000000000       3.788613455954643E+051
   1.20000000000000       3.950997350541360E+051
   1.25000000000000       4.099126465323244E+051
   1.30000000000000       4.232632753858711E+051
   1.35000000000000       4.351233696063752E+051
   1.40000000000000       4.454577046912634E+051
   1.45000000000000       4.543301330070331E+051
   1.50000000000000       4.617882994515793E+051
   1.55000000000000       4.678837891878494E+051
   1.60000000000000       4.727957641808755E+051
   1.65000000000000       4.762965469740702E+051
   1.70000000000000       4.785503020733706E+051
   1.75000000000000       4.796513317307396E+051
   1.80000000000000       4.796689724498463E+051
   1.85000000000000       4.787631039446274E+051
   1.90000000000000       4.768971441282620E+051
   1.95000000000000       4.741088418530538E+051
   2.00000000000000       4.704740658417602E+051
   2.05000000000000       4.660697193601217E+051
   2.10000000000000       4.609533996101503E+051
   2.15000000000000       4.552218391974927E+051
   2.20000000000000       4.488745291003852E+051
   2.25000000000000       4.419556440303648E+051
   2.30000000000000       4.345824512914895E+051
   2.35000000000000       4.268280574711991E+051
   2.40000000000000       4.186378743195229E+051
   2.45000000000000       4.101294391153081E+051
   2.50000000000000       4.013335429306725E+051
   2.55000000000000       3.922884334367539E+051
   2.60000000000000       3.830780199114979E+051
   2.65000000000000       3.737272964336828E+051
   2.70000000000000       3.642305056930229E+051
   2.75000000000000       3.546451161400312E+051
   2.80000000000000       3.450262821154645E+051
   2.85000000000000       3.353955947737222E+051
   2.90000000000000       3.257392076558279E+051
   2.95000000000000       3.161074087571934E+051
   3.00000000000000       3.064940891029220E+051
   3.05000000000000       2.969977366059680E+051
   3.10000000000000       2.875574279071761E+051
   3.15000000000000       2.781453950904531E+051
   3.20000000000000       2.688836262026332E+051
   3.25000000000000       2.597268457926279E+051
   3.30000000000000       2.507525993630224E+051
   3.35000000000000       2.419641096161317E+051
   3.40000000000000       2.333860039932791E+051
   3.45000000000000       2.249099591189326E+051
   3.50000000000000       2.166228199601860E+051
   3.55000000000000       2.085619582347785E+051
   3.60000000000000       2.007403657324499E+051
   3.65000000000000       1.931054708296545E+051
   3.70000000000000       1.856388101529478E+051
   3.75000000000000       1.784765670096840E+051
   3.80000000000000       1.714675537995902E+051
   3.85000000000000       1.646756710413923E+051
   3.90000000000000       1.581425410227676E+051
   3.95000000000000       1.517559612105036E+051
   4.00000000000000       1.455845091830012E+051
   4.05000000000000       1.395747652735231E+051
   4.10000000000000       1.337557716750932E+051
   4.15000000000000       1.280669594344440E+051
   4.20000000000000       1.226349081813750E+051
   4.25000000000000       1.173920698042827E+051
   4.30000000000000       1.123171943896607E+051
   4.35000000000000       1.074439141088284E+051
   4.40000000000000       1.027581146877701E+051
   4.45000000000000       9.827159465837199E+050
   4.50000000000000       9.394371807249907E+050
   4.55000000000000       8.982345018631045E+050
   4.60000000000000       8.588593681337988E+050
   4.65000000000000       8.211116200875714E+050
   4.70000000000000       7.842644109823202E+050
   4.75000000000000       7.488542280644977E+050
   4.80000000000000       7.155841936328098E+050
   4.85000000000000       6.833179423154649E+050
   4.90000000000000       6.503410986877194E+050
   4.95000000000000       6.205767424263740E+050
   5.00000000000000       5.922918443951421E+050
   5.05000000000000       5.653441043170352E+050
   5.10000000000000       5.396501429380835E+050
   5.15000000000000       5.148307666581571E+050
   5.20000000000000       4.909104528903929E+050
   5.25000000000000       4.683576844490456E+050
   5.30000000000000       4.468694628731081E+050
   5.35000000000000       4.260279792429221E+050
   5.40000000000000       4.061418530847346E+050
   5.45000000000000       3.869013904804949E+050
   5.50000000000000       3.683392774687068E+050
   5.55000000000000       3.507650722393784E+050
   5.60000000000000       3.339716768738414E+050
   5.65000000000000       3.182004468992352E+050
   5.70000000000000       3.032523047816191E+050
   5.75000000000000       2.887143228940451E+050
   5.80000000000000       2.749771095798309E+050
   5.85000000000000       2.618804738203710E+050
   5.90000000000000       2.495731483635435E+050
   5.95000000000000       2.376268581783966E+050
   6.00000000000000       2.261165223857990E+050
   6.05000000000000       2.151055698976113E+050
   6.10000000000000       2.045026811163778E+050
   6.15000000000000       1.943712599054460E+050
   6.20000000000000       1.846472622825820E+050
   6.25000000000000       1.755281817878811E+050
   6.30000000000000       1.669645161695104E+050
   6.35000000000000       1.588143331140839E+050
   6.40000000000000       1.510526125401483E+050
   6.45000000000000       1.435292172023247E+050
   6.50000000000000       1.365262588125152E+050
   6.55000000000000       1.300669076551860E+050
   6.60000000000000       1.238260035286775E+050
   6.65000000000000       1.177480874296982E+050
   6.70000000000000       1.118817921139622E+050
   6.75000000000000       1.062801644725703E+050
   6.80000000000000       1.009550459192431E+050
   6.85000000000000       9.582007491401612E+049
   6.90000000000000       9.101156950430773E+049
   6.95000000000000       8.647866417085505E+049
   7.00000000000000       8.213586066655651E+049
   7.05000000000000       7.791164194965446E+049
   7.10000000000000       7.394130109353506E+049
   7.15000000000000       7.032059524871297E+049
   7.20000000000000       6.691817282049998E+049
   7.25000000000000       6.369664296168931E+049
   7.30000000000000       6.055154902122115E+049
   7.35000000000000       5.759050831473326E+049
   7.40000000000000       5.473892019894381E+049
   7.45000000000000       5.197679424810702E+049
   7.50000000000000       4.938379780904417E+049
   7.55000000000000       4.690305342093443E+049
   7.60000000000000       4.453722646140787E+049
   7.65000000000000       4.224983249213489E+049
   7.70000000000000       4.008420593743086E+049
   7.75000000000000       3.801665960973946E+049
   7.80000000000000       3.615305626234469E+049
   7.85000000000000       3.441175328079950E+049
   7.90000000000000       3.270058708290340E+049
   7.95000000000000       3.110687862536627E+049
   8.00000000000000       2.961155813753551E+049
   8.05000000000000       2.817403218218018E+049
   8.10000000000000       2.680663117480810E+049
   8.15000000000000       2.552224722894694E+049
   8.20000000000000       2.427824456495460E+049
   8.25000000000000       2.307866955456015E+049
   8.30000000000000       2.192086964352853E+049
   8.35000000000000       2.083124387363198E+049
   8.40000000000000       1.979876807547003E+049
   8.45000000000000       1.882049256202516E+049
   8.50000000000000       1.793376249000529E+049
   8.55000000000000       1.709195959008763E+049
   8.60000000000000       1.625989550239678E+049
   8.65000000000000       1.546456275689918E+049
   8.70000000000000       1.474094331130627E+049
   8.75000000000000       1.407512992284068E+049
   8.80000000000000       1.343976768465594E+049
   8.85000000000000       1.282856649393788E+049
   8.90000000000000       1.223271499858888E+049
   8.95000000000000       1.166196328534603E+049
   9.00000000000000       1.111493239974749E+049
   9.05000000000000       1.059976027783854E+049
   9.10000000000000       1.010957611509610E+049
   9.15000000000000       9.642314954610344E+048
   9.20000000000000       9.210093998587592E+048
   9.25000000000000       8.794087574718021E+048
   9.30000000000000       8.381635574770717E+048
   9.35000000000000       7.991462409223229E+048
   9.40000000000000       7.642860217633752E+048
   9.45000000000000       7.324371090149370E+048
   9.50000000000000       7.023248687113902E+048
   9.55000000000000       6.724715968605867E+048
   9.60000000000000       6.438616037611784E+048
   9.65000000000000       6.159240206879978E+048
   9.70000000000000       5.891209981694304E+048
   9.75000000000000       5.641022240392896E+048
   9.80000000000000       5.402644855581655E+048
   9.85000000000000       5.166750966555169E+048
   9.90000000000000       4.944098449358307E+048
   9.95000000000000       4.733900911203119E+048
   10.0000000000000       4.532529563866141E+048
   10.0500000000000       4.335887170632606E+048
   10.1000000000000       4.157653081146629E+048
   10.1500000000000       3.993180932284636E+048
   10.2000000000000       3.837871737747801E+048
   10.2500000000000       3.686633869169482E+048
   10.3000000000000       3.537744752263962E+048
   10.3500000000000       3.395926271950168E+048
   10.4000000000000       3.260006159702962E+048
   10.4500000000000       3.132521145087104E+048
   10.5000000000000       3.005270330505926E+048
   10.5500000000000       2.880253219085834E+048
   10.6000000000000       2.763711816220929E+048
   10.6500000000000       2.655117526207383E+048
   10.7000000000000       2.549920133276475E+048
   10.7500000000000       2.446344872446208E+048
   10.8000000000000       2.347721039834050E+048
   10.8500000000000       2.256417924688290E+048
   10.9000000000000       2.172218827051711E+048
   10.9500000000000       2.089854505474571E+048
   11.0000000000000       2.011627536361154E+048
   11.0500000000000       1.935523431318041E+048
   11.1000000000000       1.861900017779849E+048
   11.1500000000000       1.791701948796508E+048
   11.2000000000000       1.722548499672120E+048
   11.2500000000000       1.654962430543924E+048
   11.3000000000000       1.591639283226032E+048
   11.3500000000000       1.532291965551219E+048
   11.4000000000000       1.473900930275096E+048
   11.4500000000000       1.415933009878536E+048
   11.5000000000000       1.359740389160185E+048
   11.5500000000000       1.307332400550813E+048
   11.6000000000000       1.259582120668520E+048
   11.6500000000000       1.214396321886841E+048
   11.7000000000000       1.170497427244370E+048
   11.7500000000000       1.127980116988863E+048
   11.8000000000000       1.086738634380692E+048
   11.8500000000000       1.047328819664211E+048
   11.9000000000000       1.008502976019745E+048
   11.9500000000000       9.704214135573626E+047
   12.0000000000000       9.344977715032908E+047
   12.0500000000000       9.002230784721792E+047
   12.1000000000000       8.665012178559443E+047
   12.1500000000000       8.337369470804491E+047
   12.2000000000000       8.018040553580667E+047
   12.2500000000000       7.718823447287118E+047
   12.3000000000000       7.435910834087541E+047
   12.3500000000000       7.173775112343595E+047
   12.4000000000000       6.918290123973929E+047
   12.4500000000000       6.670683909836260E+047
   12.5000000000000       6.433875538855313E+047
   12.5500000000000       6.203353450710468E+047
   12.6000000000000       5.977742266157914E+047
   12.6500000000000       5.753636499870244E+047
   12.7000000000000       5.543017478517076E+047
   12.7500000000000       5.341068304287501E+047
   12.8000000000000       5.146084957519190E+047
   12.8500000000000       4.954058871090735E+047
   12.9000000000000       4.768031808412841E+047
   12.9500000000000       4.590851978462541E+047
   13.0000000000000       4.420615606306200E+047
   13.0500000000000       4.256967647345891E+047
   13.1000000000000       4.107365799698205E+047
   13.1500000000000       3.960950714019406E+047
   13.2000000000000       3.818757545437262E+047
   13.2500000000000       3.681388931315374E+047
   13.3000000000000       3.547453324520734E+047
   13.3500000000000       3.416483011579579E+047
   13.4000000000000       3.285161008746266E+047
   13.4500000000000       3.165625594119862E+047
   13.5000000000000       3.049232806161874E+047
   13.5500000000000       2.931529120437387E+047
   13.6000000000000       2.821649484934583E+047
   13.6500000000000       2.710711688559400E+047
   13.7000000000000       2.608147339179792E+047
   13.7500000000000       2.513446576964723E+047
   13.8000000000000       2.417618436792063E+047
   13.8500000000000       2.329902557499622E+047
   13.9000000000000       2.244965872203357E+047
   13.9500000000000       2.162479199059410E+047
   14.0000000000000       2.081968857641320E+047
   14.0500000000000       2.000475546095440E+047
   14.1000000000000       1.924280749530942E+047
   14.1500000000000       1.852377859458917E+047
   14.2000000000000       1.779474658653607E+047
   14.2500000000000       1.711842106274102E+047
   14.3000000000000       1.644189463548682E+047
   14.3500000000000       1.577163938503522E+047
   14.4000000000000       1.516900429602239E+047
   14.4500000000000       1.458758904923146E+047
   14.5000000000000       1.403699493598197E+047
   14.5500000000000       1.350295729426906E+047
   14.6000000000000       1.298572348086332E+047
   14.6500000000000       1.248577570192744E+047
   14.7000000000000       1.199691384906464E+047
   14.7500000000000       1.152481932145879E+047
   14.8000000000000       1.106374186811966E+047
   14.8500000000000       1.062679956755328E+047
   14.9000000000000       1.020179089292614E+047
   14.9500000000000       9.769909347277780E+046
   15.0000000000000       9.373781719513926E+046
   15.0500000000000       8.989289271303990E+046
   15.1000000000000       8.621794618507547E+046
   15.1500000000000       8.267822678307712E+046
   15.2000000000000       7.931174578903900E+046
   15.2500000000000       7.595794566023690E+046
   15.3000000000000       7.285831330374799E+046
   15.3500000000000       6.972926222395114E+046
   15.4000000000000       6.683302212766400E+046
   15.4500000000000       6.402532149193184E+046
   15.5000000000000       6.125968857633478E+046
   15.5500000000000       5.857378011398950E+046
   15.6000000000000       5.609101140558666E+046
   15.6500000000000       5.368733024825795E+046
   15.7000000000000       5.132400577647921E+046
   15.7500000000000       4.902443808003658E+046
   15.8000000000000       4.684565398822357E+046
   15.8500000000000       4.473964382783623E+046
   15.9000000000000       4.273049973304447E+046
   15.9500000000000       4.061767557580730E+046
   16.0000000000000       3.883644724903269E+046
   16.0500000000000       3.711997515237481E+046
   16.1000000000000       3.546585056821819E+046
   16.1500000000000       3.387406226109232E+046
   16.2000000000000       3.228827561026618E+046
   16.2500000000000       3.079383502666667E+046
   16.3000000000000       2.939229540882466E+046
   16.3500000000000       2.804591803406728E+046
   16.4000000000000       2.674989560297441E+046
   16.4500000000000       2.550661876941453E+046
   16.5000000000000       2.430741781366921E+046
   16.5500000000000       2.315753486054952E+046
   16.6000000000000       2.206204790076326E+046
   16.6500000000000       2.102972341846879E+046
   16.7000000000000       2.004186960349000E+046
   16.7500000000000       1.909527759056242E+046
   16.8000000000000       1.818754376108784E+046
   16.8500000000000       1.731794344982926E+046
   16.9000000000000       1.648455053744374E+046
   16.9500000000000       1.552297068802113E+046
   17.0000000000000       1.477237773974402E+046
   17.0500000000000       1.405466392289545E+046
   17.1000000000000       1.336814906350716E+046
   17.1500000000000       1.271163293474442E+046
   17.2000000000000       1.208415523484496E+046
   17.2500000000000       1.141365833290120E+046
   17.3000000000000       1.084708171099935E+046
   17.3500000000000       1.027082648090782E+046
   17.4000000000000       9.761278576211036E+045
   17.4500000000000       9.275490664139856E+045
   17.5000000000000       8.812022744276226E+045
   17.5500000000000       8.370394816150353E+045
   17.6000000000000       7.949646879230450E+045
   17.6500000000000       7.548338932909683E+045
   17.7000000000000       7.166230976489245E+045
   17.7500000000000       6.802363009156101E+045
   17.8000000000000       6.455775029953200E+045
   17.8500000000000       6.125747037738803E+045
   17.9000000000000       5.811799031129737E+045
   17.9500000000000       5.512971008420209E+045
   18.0000000000000       5.228542967462257E+045
   18.0500000000000       4.957689846307044E+045
   18.1000000000000       4.682588832956820E+045
   18.1500000000000       4.439967281485750E+045
   18.2000000000000       4.209585728756427E+045
   18.2500000000000       3.990484174700087E+045
   18.3000000000000       3.782422619239738E+045
   18.3500000000000       3.584921062288565E+045
   18.4000000000000       3.397259503747888E+045
   18.4500000000000       3.218957943504510E+045
   18.5000000000000       3.049776381427233E+045
   18.5500000000000       2.889234817362148E+045
   18.6000000000000       2.736613251126181E+045
   18.6500000000000       2.592151682497983E+045
   18.7000000000000       2.454650111204730E+045
   18.7500000000000       2.323333242679147E+045
   18.8000000000000       2.198880000000000E+045
   18.8500000000000       2.081952000000000E+045
   18.9000000000000       1.971048000000000E+045
   18.9500000000000       1.865904000000000E+045
   19.0000000000000       1.766232000000000E+045
   19.0500000000000       1.671744000000000E+045
   19.1000000000000       1.582176000000000E+045
   19.1500000000000       1.497312000000000E+045
   19.2000000000000       1.416888000000000E+045
   19.2500000000000       1.340688000000000E+045
   19.3000000000000       1.268496000000000E+045
   19.3500000000000       1.200096000000000E+045
   19.4000000000000       1.135320000000000E+045
   19.4500000000000       1.073952000000000E+045
   19.5000000000000       1.015848000000000E+045
   19.5500000000000       9.608160000000001E+044
   19.6000000000000       9.087360000000000E+044
   19.6500000000000       8.593920000000001E+044
   19.7000000000000       8.126880000000000E+044
   19.7500000000000       7.684800000000001E+044
   19.8000000000000       7.266240000000000E+044
   19.8500000000000       6.870240000000000E+044
   19.9000000000000       6.495360000000000E+044
   19.9500000000000       6.140400000000000E+044
   20.0000000000000       5.804880000000000E+044
   20.0500000000000       5.487120000000000E+044
   20.1000000000000       5.186640000000000E+044
   20.1500000000000       4.902240000000000E+044
   20.2000000000000       4.633200000000000E+044
   20.2500000000000       4.378800000000000E+044
   20.3000000000000       4.138080000000001E+044
   20.3500000000000       3.910320000000000E+044
   20.4000000000000       3.695040000000000E+044
   20.4500000000000       3.491280000000000E+044
   20.5000000000000       3.298800000000000E+044
   20.5500000000000       3.116640000000000E+044
   20.6000000000000       2.944560000000000E+044
   20.6500000000000       2.781600000000000E+044
   20.7000000000000       2.627760000000000E+044
   20.7500000000000       2.482080000000000E+044
   20.8000000000000       2.344608000000000E+044
   20.8500000000000       2.214552000000000E+044
   20.9000000000000       2.091624000000000E+044
   20.9500000000000       1.975416000000000E+044
   21.0000000000000       1.865616000000000E+044
   21.0500000000000       1.761816000000000E+044
   21.1000000000000       1.663728000000000E+044
   21.1500000000000       1.571040000000000E+044
   21.2000000000000       1.483440000000000E+044
   21.2500000000000       1.400664000000000E+044
   21.3000000000000       1.322472000000000E+044
   21.3500000000000       1.248576000000000E+044
   21.4000000000000       1.178784000000000E+044
   21.4500000000000       1.112832000000000E+044
   21.5000000000000       1.050528000000000E+044
   21.5500000000000       9.916800000000002E+043
   21.6000000000000       9.360720000000000E+043
   21.6500000000000       8.835600000000000E+043
   21.7000000000000       8.339760000000001E+043
   21.7500000000000       7.871280000000000E+043
   21.8000000000000       7.428960000000001E+043
   21.8500000000000       7.011120000000000E+043
   21.9000000000000       6.616560000000001E+043
   21.9500000000000       6.243840000000000E+043
   22.0000000000000       5.892240000000000E+043
   22.0500000000000       5.559840000000000E+043
   22.1000000000000       5.246400000000000E+043
   22.1500000000000       4.950240000000000E+043
   22.2000000000000       4.670640000000000E+043
   22.2500000000000       4.406640000000000E+043
   22.3000000000000       4.157520000000000E+043
   22.3500000000000       3.922080000000000E+043
   22.4000000000000       3.700080000000000E+043
   22.4500000000000       3.490560000000000E+043
   22.5000000000000       3.292800000000000E+043
   22.5500000000000       3.105840000000000E+043
   22.6000000000000       2.929680000000000E+043
   22.6500000000000       2.763360000000000E+043
   22.7000000000000       2.606400000000000E+043
   22.7500000000000       2.458320000000000E+043
   22.8000000000000       2.318472000000000E+043
   22.8500000000000       2.186544000000000E+043
   22.9000000000000       2.062080000000000E+043
   22.9500000000000       1.944624000000000E+043
   23.0000000000000       1.833792000000000E+043
   23.0500000000000       1.729224000000000E+043
   23.1000000000000       1.630584000000000E+043
   23.1500000000000       1.537512000000000E+043
   23.2000000000000       1.449696000000000E+043
   23.2500000000000       1.366872000000000E+043
   23.3000000000000       1.288728000000000E+043
   23.3500000000000       1.215024000000000E+043
   23.4000000000000       1.145496000000000E+043
   23.4500000000000       1.079904000000000E+043
   23.5000000000000       1.018056000000000E+043
   23.5500000000000       9.597120000000000E+042
   23.6000000000000       9.046800000000000E+042
   23.6500000000000       8.527920000000000E+042
   23.7000000000000       8.038319999999999E+042
   23.7500000000000       7.576800000000000E+042
   23.8000000000000       7.141440000000001E+042
   23.8500000000000       6.731040000000001E+042
   23.9000000000000       6.343920000000001E+042
   23.9500000000000       5.979119999999999E+042
   24.0000000000000       5.634960000000001E+042
   24.0500000000000       5.310480000000000E+042
   24.1000000000000       5.004480000000000E+042
   24.1500000000000       4.716000000000000E+042
   24.2000000000000       4.444080000000000E+042
   24.2500000000000       4.187760000000000E+042
   24.3000000000000       3.946080000000000E+042
   24.3500000000000       3.718320000000000E+042
   24.4000000000000       3.503520000000000E+042
   24.4500000000000       3.300960000000000E+042
   24.5000000000000       3.110160000000000E+042
   24.5500000000000       2.930160000000000E+042
   24.6000000000000       2.760720000000000E+042
   24.6500000000000       2.600880000000000E+042
   24.7000000000000       2.450160000000000E+042
   24.7500000000000       2.308320000000000E+042
   24.8000000000000       2.174520000000000E+042
   24.8500000000000       2.048424000000000E+042
   24.9000000000000       1.929576000000000E+042
   24.9500000000000       1.817616000000000E+042
   25.0000000000000       1.712088000000000E+042
