  0.000000000000000E+000  0.000000000000000E+000
  5.000000000000000E-002  1.243157076347643E+048
  0.100000000000000       5.226289454636961E+048
  0.150000000000000       1.301516289424001E+049
  0.200000000000000       2.873013957919551E+049
  0.250000000000000       5.593552352079344E+049
  0.300000000000000       9.881780650635826E+049
  0.350000000000000       1.581440369128973E+050
  0.400000000000000       2.332139128313326E+050
  0.450000000000000       3.233019668731522E+050
  0.500000000000000       4.240786600431721E+050
  0.550000000000000       5.306393411068906E+050
  0.600000000000000       6.420666061340566E+050
  0.650000000000000       7.547007114005275E+050
  0.700000000000000       8.665104489046652E+050
  0.750000000000000       9.759179698456414E+050
  0.800000000000000       1.082165364281784E+051
  0.850000000000000       1.183538492333808E+051
  0.900000000000000       1.278839385608045E+051
  0.950000000000000       1.367204099668817E+051
   1.00000000000000       1.448026967174851E+051
   1.05000000000000       1.520985414696457E+051
   1.10000000000000       1.585426456728240E+051
   1.15000000000000       1.641831070075493E+051
   1.20000000000000       1.689852169968544E+051
   1.25000000000000       1.729633894762268E+051
   1.30000000000000       1.761095267497098E+051
   1.35000000000000       1.784799543972565E+051
   1.40000000000000       1.801646114436708E+051
   1.45000000000000       1.811885581926446E+051
   1.50000000000000       1.815776743975599E+051
   1.55000000000000       1.813776114207434E+051
   1.60000000000000       1.806060414112709E+051
   1.65000000000000       1.793434013917856E+051
   1.70000000000000       1.776218411259462E+051
   1.75000000000000       1.754584811581855E+051
   1.80000000000000       1.729158777063616E+051
   1.85000000000000       1.700397077037746E+051
   1.90000000000000       1.668488709070167E+051
   1.95000000000000       1.634090095573094E+051
   2.00000000000000       1.597586084223626E+051
   2.05000000000000       1.558873119342676E+051
   2.10000000000000       1.518563072256665E+051
   2.15000000000000       1.477027171590931E+051
   2.20000000000000       1.434110526203745E+051
   2.25000000000000       1.390870497325324E+051
   2.30000000000000       1.346998413360367E+051
   2.35000000000000       1.302375897949313E+051
   2.40000000000000       1.257970287736440E+051
   2.45000000000000       1.213682775334265E+051
   2.50000000000000       1.169406748576642E+051
   2.55000000000000       1.125356593346534E+051
   2.60000000000000       1.081426672428905E+051
   2.65000000000000       1.038180249440081E+051
   2.70000000000000       9.956125520542275E+050
   2.75000000000000       9.534547966538627E+050
   2.80000000000000       9.128405776827269E+050
   2.85000000000000       8.731787626201091E+050
   2.90000000000000       8.346493526575939E+050
   2.95000000000000       7.972853214282748E+050
   3.00000000000000       7.608748735765572E+050
   3.05000000000000       7.254839556163766E+050
   3.10000000000000       6.909329895538964E+050
   3.15000000000000       6.576345985968130E+050
   3.20000000000000       6.257088501339960E+050
   3.25000000000000       5.947583312449274E+050
   3.30000000000000       5.648735851450663E+050
   3.35000000000000       5.362097504823654E+050
   3.40000000000000       5.085922789447840E+050
   3.45000000000000       4.820200136560145E+050
   3.50000000000000       4.563125668390454E+050
   3.55000000000000       4.318896073839433E+050
   3.60000000000000       4.088722083623958E+050
   3.65000000000000       3.868036675304326E+050
   3.70000000000000       3.658979784567548E+050
   3.75000000000000       3.460085570657866E+050
   3.80000000000000       3.271884365329015E+050
   3.85000000000000       3.088531743122667E+050
   3.90000000000000       2.911961541710732E+050
   3.95000000000000       2.747191113141615E+050
   4.00000000000000       2.589782711537088E+050
   4.05000000000000       2.441382224149819E+050
   4.10000000000000       2.300178276935113E+050
   4.15000000000000       2.166532582652652E+050
   4.20000000000000       2.042677453570790E+050
   4.25000000000000       1.924183643868534E+050
   4.30000000000000       1.810032842754248E+050
   4.35000000000000       1.701317198928083E+050
   4.40000000000000       1.600353721576931E+050
   4.45000000000000       1.504033009427889E+050
   4.50000000000000       1.413785223456362E+050
   4.55000000000000       1.328834520075003E+050
   4.60000000000000       1.249259747738636E+050
   4.65000000000000       1.174009817316399E+050
   4.70000000000000       1.103754728346536E+050
   4.75000000000000       1.037613895355576E+050
   4.80000000000000       9.742536825334403E+049
   4.85000000000000       9.135829616783453E+049
   4.90000000000000       8.553846884058257E+049
   4.95000000000000       8.026028600259104E+049
   5.00000000000000       7.522703157818399E+049
   5.05000000000000       7.054929079011927E+049
   5.10000000000000       6.619541149837096E+049
   5.15000000000000       6.209830078416740E+049
   5.20000000000000       5.831411002528783E+049
   5.25000000000000       5.479954683606506E+049
   5.30000000000000       5.140404297029725E+049
   5.35000000000000       4.821918818766323E+049
   5.40000000000000       4.520976677435719E+049
   5.45000000000000       4.232678196919332E+049
   5.50000000000000       3.959236184412505E+049
   5.55000000000000       3.704345703793011E+049
   5.60000000000000       3.466143368996396E+049
   5.65000000000000       3.245676312679378E+049
   5.70000000000000       3.037806192831140E+049
   5.75000000000000       2.845693757019795E+049
   5.80000000000000       2.664200504860950E+049
   5.85000000000000       2.501209554556267E+049
   5.90000000000000       2.343772779476801E+049
   5.95000000000000       2.193989273903750E+049
   6.00000000000000       2.049552435721746E+049
   6.05000000000000       1.916682538947259E+049
   6.10000000000000       1.790893318905609E+049
   6.15000000000000       1.672823548125282E+049
   6.20000000000000       1.560549672520299E+049
   6.25000000000000       1.459218829326355E+049
   6.30000000000000       1.363365916459764E+049
   6.35000000000000       1.276550744567010E+049
   6.40000000000000       1.196090553152464E+049
   6.45000000000000       1.119453226322457E+049
   6.50000000000000       1.046668541722455E+049
   6.55000000000000       9.786768583745234E+048
   6.60000000000000       9.149832871801283E+048
   6.65000000000000       8.541647416871033E+048
   6.70000000000000       7.965391801133814E+048
   6.75000000000000       7.423385751613796E+048
   6.80000000000000       6.938355536776381E+048
   6.85000000000000       6.478204325899159E+048
   6.90000000000000       6.049824750986289E+048
   6.95000000000000       5.653438490067319E+048
   7.00000000000000       5.290998401487022E+048
   7.05000000000000       4.956543104812039E+048
   7.10000000000000       4.639352841363569E+048
   7.15000000000000       4.338746043039445E+048
   7.20000000000000       4.045591436597228E+048
   7.25000000000000       3.769668903202153E+048
   7.30000000000000       3.522960657716834E+048
   7.35000000000000       3.291850348204643E+048
   7.40000000000000       3.070836680107393E+048
   7.45000000000000       2.867020616017963E+048
   7.50000000000000       2.676196806521972E+048
   7.55000000000000       2.508898379188894E+048
   7.60000000000000       2.355836467486286E+048
   7.65000000000000       2.209553464217815E+048
   7.70000000000000       2.067178320366478E+048
   7.75000000000000       1.932166408061188E+048
   7.80000000000000       1.809828848990029E+048
   7.85000000000000       1.694767127694467E+048
   7.90000000000000       1.586256517249415E+048
   7.95000000000000       1.486311181535835E+048
   8.00000000000000       1.388789325545827E+048
   8.05000000000000       1.302242257241807E+048
   8.10000000000000       1.221909401820112E+048
   8.15000000000000       1.151084160300400E+048
   8.20000000000000       1.083769164160881E+048
   8.25000000000000       1.020369164107033E+048
   8.30000000000000       9.609652435176945E+047
   8.35000000000000       9.052525796859781E+047
   8.40000000000000       8.525178084283644E+047
   8.45000000000000       8.024537343554508E+047
   8.50000000000000       7.566968234839724E+047
   8.55000000000000       7.120753684351085E+047
   8.60000000000000       6.713041089103287E+047
   8.65000000000000       6.327282797670720E+047
   8.70000000000000       5.987032173620734E+047
   8.75000000000000       5.691232730588553E+047
   8.80000000000000       5.402037464147331E+047
   8.85000000000000       5.128926870069171E+047
   8.90000000000000       4.871312399721307E+047
   8.95000000000000       4.622982122963667E+047
   9.00000000000000       4.385236265789264E+047
   9.05000000000000       4.167664950868371E+047
   9.10000000000000       3.952508300397808E+047
   9.15000000000000       3.749279702459721E+047
   9.20000000000000       3.566766269794769E+047
   9.25000000000000       3.393579854541389E+047
   9.30000000000000       3.245658996665055E+047
   9.35000000000000       3.104795607573773E+047
   9.40000000000000       2.969362904312694E+047
   9.45000000000000       2.838017991026137E+047
   9.50000000000000       2.709211737017173E+047
   9.55000000000000       2.588382577876895E+047
   9.60000000000000       2.473887020508709E+047
   9.65000000000000       2.362792524641537E+047
   9.70000000000000       2.254694825099086E+047
   9.75000000000000       2.155391159262137E+047
   9.80000000000000       2.059588562868560E+047
   9.85000000000000       1.973626361092676E+047
   9.90000000000000       1.895917524647800E+047
   9.95000000000000       1.819654179770407E+047
   10.0000000000000       1.743687105701221E+047
   10.0500000000000       1.672325613254405E+047
   10.1000000000000       1.603005981650574E+047
   10.1500000000000       1.535116506413592E+047
   10.2000000000000       1.472244984204127E+047
   10.2500000000000       1.410068379086967E+047
   10.3000000000000       1.346967054810520E+047
   10.3500000000000       1.290289698847547E+047
   10.4000000000000       1.237629819171187E+047
   10.4500000000000       1.189130925968246E+047
   10.5000000000000       1.141887884398210E+047
   10.5500000000000       1.094839126075200E+047
   10.6000000000000       1.051447918007808E+047
   10.6500000000000       1.005972507980716E+047
   10.7000000000000       9.650177998364570E+046
   10.7500000000000       9.262884490161491E+046
   10.8000000000000       8.878362275783726E+046
   10.8500000000000       8.487555809561788E+046
   10.9000000000000       8.142483697529961E+046
   10.9500000000000       7.802927754025793E+046
   11.0000000000000       7.464143009223709E+046
   11.0500000000000       7.170243039343631E+046
   11.1000000000000       6.883308886150803E+046
   11.1500000000000       6.591600282711182E+046
   11.2000000000000       6.311201085201553E+046
   11.2500000000000       6.052406296053466E+046
   11.3000000000000       5.805517010468680E+046
   11.3500000000000       5.551525347446455E+046
   11.4000000000000       5.315601905403835E+046
   11.4500000000000       5.093192422804970E+046
   11.5000000000000       4.877366790938147E+046
   11.5500000000000       4.668480590839702E+046
   11.6000000000000       4.462450297126050E+046
   11.6500000000000       4.277045998186704E+046
   11.7000000000000       4.098276448080434E+046
   11.7500000000000       3.923912347702303E+046
   11.8000000000000       3.754830356609007E+046
   11.8500000000000       3.592230492625119E+046
   11.9000000000000       3.432667293778676E+046
   11.9500000000000       3.279734171361128E+046
   12.0000000000000       3.126634532752932E+046
   12.0500000000000       2.987078283679598E+046
   12.1000000000000       2.849413873641247E+046
   12.1500000000000       2.715523182633465E+046
   12.2000000000000       2.593328988061335E+046
   12.2500000000000       2.475818664238265E+046
   12.3000000000000       2.359730278454826E+046
   12.3500000000000       2.248229762859186E+046
   12.4000000000000       2.139887838438341E+046
   12.4500000000000       2.039577847264470E+046
   12.5000000000000       1.940520721547403E+046
   12.5500000000000       1.840383470791207E+046
   12.6000000000000       1.751898146387537E+046
   12.6500000000000       1.666425427208769E+046
   12.7000000000000       1.582547972863159E+046
   12.7500000000000       1.503117005571086E+046
   12.8000000000000       1.425279739350780E+046
   12.8500000000000       1.349436452063113E+046
   12.9000000000000       1.282076068043971E+046
   12.9500000000000       1.216324838768546E+046
   13.0000000000000       1.154605780442512E+046
   13.0500000000000       1.095355522783920E+046
   13.1000000000000       1.038477208865953E+046
   13.1500000000000       9.834222392012395E+045
   13.2000000000000       9.318242442940591E+045
   13.2500000000000       8.821106357746510E+045
   13.3000000000000       8.349117787033254E+045
   13.3500000000000       7.906981370083157E+045
   13.4000000000000       7.484979767404193E+045
   13.4500000000000       7.082168616273272E+045
   13.5000000000000       6.647038000217709E+045
   13.5500000000000       6.285167015190915E+045
   13.6000000000000       5.940333283510402E+045
   13.6500000000000       5.611816023729072E+045
   13.7000000000000       5.259514802555503E+045
   13.7500000000000       4.966016806893788E+045
   13.8000000000000       4.686918424971032E+045
   13.8500000000000       4.406975046312502E+045
   13.9000000000000       4.137748818733165E+045
   13.9500000000000       3.903859802771650E+045
   14.0000000000000       3.681970781703946E+045
   14.0500000000000       3.471601755203672E+045
   14.1000000000000       3.272272722898693E+045
   14.1500000000000       3.083503684360534E+045
   14.2000000000000       2.904574639090163E+045
   14.2500000000000       2.735485586498564E+045
   14.3000000000000       2.575276525879341E+045
   14.3500000000000       2.423947456368939E+045
   14.4000000000000       2.280778376886637E+045
   14.4500000000000       2.143888279941002E+045
   14.5000000000000       2.011088883161814E+045
   14.5500000000000       1.891109814380327E+045
   14.6000000000000       1.777850745568234E+045
   14.6500000000000       1.670975676726805E+045
   14.7000000000000       1.570124607852121E+045
   14.7500000000000       1.475009538941807E+045
   14.8000000000000       1.385342469993141E+045
   14.8500000000000       1.300787401002956E+045
   14.9000000000000       1.221128331967533E+045
   14.9500000000000       1.146077262882433E+045
   15.0000000000000       1.075394193742269E+045
   15.0500000000000       1.008816000002514E+045
   15.1000000000000       9.461760000021757E+044
   15.1500000000000       8.872080000018787E+044
   15.2000000000000       8.317440000016190E+044
   15.2500000000000       7.795920000013920E+044
   15.3000000000000       7.305360000011940E+044
   15.3500000000000       6.844320000010217E+044
   15.4000000000000       6.410880000008720E+044
   15.4500000000000       6.003840000007421E+044
   15.5000000000000       5.621520000005995E+044
   15.5500000000000       5.262480000005100E+044
   15.6000000000000       4.925280000004327E+044
   15.6500000000000       4.608960000003658E+044
   15.7000000000000       4.312080000003082E+044
   15.7500000000000       4.033680000002587E+044
   15.8000000000000       3.772560000002163E+044
   15.8500000000000       3.527760000001800E+044
   15.9000000000000       3.298080000001493E+044
   15.9500000000000       3.083040000001233E+044
   16.0000000000000       2.881680000001013E+044
   16.0500000000000       2.692800000000828E+044
   16.1000000000000       2.515920000000674E+044
   16.1500000000000       2.350440000000199E+044
   16.2000000000000       2.195496000000184E+044
   16.2500000000000       2.050440000000170E+044
   16.3000000000000       1.914720000000158E+044
   16.3500000000000       1.787760000000146E+044
   16.4000000000000       1.668984000000134E+044
   16.4500000000000       1.557888000000124E+044
   16.5000000000000       1.454040000000113E+044
   16.5500000000000       1.356936000000104E+044
   16.6000000000000       1.266168000000095E+044
   16.6500000000000       1.181328000000087E+044
   16.7000000000000       1.102056000000080E+044
   16.7500000000000       1.027992000000072E+044
   16.8000000000000       9.588000000000655E+043
   16.8500000000000       8.941920000000597E+043
   16.9000000000000       8.338320000000546E+043
   16.9500000000000       7.774800000000492E+043
   17.0000000000000       7.248720000000446E+043
   17.0500000000000       6.757680000000403E+043
   17.1000000000000       6.299040000000363E+043
   17.1500000000000       5.871120000000327E+043
   17.2000000000000       5.472000000000293E+043
   17.2500000000000       5.099280000000262E+043
   17.3000000000000       4.751760000000235E+043
   17.3500000000000       4.427520000000209E+043
   17.4000000000000       4.124880000000185E+043
   17.4500000000000       3.842880000000165E+043
   17.5000000000000       3.579840000000146E+043
   17.5500000000000       3.334320000000129E+043
   17.6000000000000       3.105600000000115E+043
   17.6500000000000       2.892480000000101E+043
   17.7000000000000       2.693520000000089E+043
   17.7500000000000       2.508240000000079E+043
   17.8000000000000       2.335464000000068E+043
   17.8500000000000       2.174448000000060E+043
   17.9000000000000       2.024400000000052E+043
   17.9500000000000       1.884576000000045E+043
   18.0000000000000       1.754304000000035E+043
   18.0500000000000       1.632912000000031E+043
   18.1000000000000       1.519848000000027E+043
   18.1500000000000       1.414512000000024E+043
   18.2000000000000       1.316376000000021E+043
   18.2500000000000       1.224984000000018E+043
   18.3000000000000       1.139880000000016E+043
   18.3500000000000       1.060608000000014E+043
   18.4000000000000       9.867840000000118E+042
   18.4500000000000       9.180720000000100E+042
   18.5000000000000       8.540640000000087E+042
   18.5500000000000       7.944960000000072E+042
   18.6000000000000       7.390080000000062E+042
   18.6500000000000       6.873840000000050E+042
   18.7000000000000       6.393120000000040E+042
   18.7500000000000       5.945760000000037E+042
   18.8000000000000       5.529600000000029E+042
   18.8500000000000       5.142000000000024E+042
   18.9000000000000       4.781520000000019E+042
   18.9500000000000       4.446000000000017E+042
   19.0000000000000       4.133760000000012E+042
   19.0500000000000       3.843120000000010E+042
   19.1000000000000       3.572880000000007E+042
   19.1500000000000       3.321360000000008E+042
   19.2000000000000       3.087600000000005E+042
   19.2500000000000       2.869920000000000E+042
   19.3000000000000       2.667600000000000E+042
   19.3500000000000       2.479440000000000E+042
   19.4000000000000       2.304312000000000E+042
   19.4500000000000       2.141496000000000E+042
   19.5000000000000       1.990104000000000E+042
   19.5500000000000       1.849296000000000E+042
   19.6000000000000       1.718400000000000E+042
   19.6500000000000       1.596672000000000E+042
   19.7000000000000       1.483512000000000E+042
   19.7500000000000       1.378296000000000E+042
   19.8000000000000       1.280472000000000E+042
   19.8500000000000       1.189560000000000E+042
   19.9000000000000       1.105032000000000E+042
   19.9500000000000       1.026480000000000E+042
   20.0000000000000       9.534480000000001E+041
   20.0500000000000       8.855759999999999E+041
   20.1000000000000       8.225040000000001E+041
   20.1500000000000       7.638960000000001E+041
   20.2000000000000       7.094400000000000E+041
   20.2500000000000       6.588240000000001E+041
   20.3000000000000       6.117840000000000E+041
   20.3500000000000       5.681040000000000E+041
   20.4000000000000       5.274960000000001E+041
   20.4500000000000       4.897680000000000E+041
   20.5000000000000       4.547520000000001E+041
   20.5500000000000       4.221840000000000E+041
   20.6000000000000       3.919440000000000E+041
   20.6500000000000       3.638640000000000E+041
   20.7000000000000       3.377760000000000E+041
   20.7500000000000       3.135600000000000E+041
   20.8000000000000       2.910480000000000E+041
   20.8500000000000       2.701440000000000E+041
   20.9000000000000       2.507280000000000E+041
   20.9500000000000       2.327136000000000E+041
   21.0000000000000       2.159760000000000E+041
   21.0500000000000       2.004360000000000E+041
   21.1000000000000       1.860072000000000E+041
   21.1500000000000       1.726080000000000E+041
   21.2000000000000       1.601712000000000E+041
   21.2500000000000       1.486224000000000E+041
   21.3000000000000       1.379016000000000E+041
   21.3500000000000       1.279488000000000E+041
   21.4000000000000       1.187112000000000E+041
   21.4500000000000       1.101360000000000E+041
   21.5000000000000       1.021752000000000E+041
   21.5500000000000       9.478800000000000E+040
   21.6000000000000       8.793120000000000E+040
   21.6500000000000       8.156880000000001E+040
   21.7000000000000       7.566240000000000E+040
   21.7500000000000       7.018080000000000E+040
   21.8000000000000       6.509520000000000E+040
   21.8500000000000       6.037440000000000E+040
   21.9000000000000       5.599680000000000E+040
   21.9500000000000       5.193120000000000E+040
   22.0000000000000       4.816320000000000E+040
   22.0500000000000       4.466400000000000E+040
   22.1000000000000       4.141920000000000E+040
   22.1500000000000       3.840720000000000E+040
   22.2000000000000       3.561360000000000E+040
   22.2500000000000       3.302400000000000E+040
   22.3000000000000       3.061920000000000E+040
   22.3500000000000       2.838960000000000E+040
   22.4000000000000       2.632080000000000E+040
   22.4500000000000       2.440320000000000E+040
   22.5000000000000       2.262384000000000E+040
   22.5500000000000       2.097360000000000E+040
   22.6000000000000       1.944312000000000E+040
   22.6500000000000       1.802400000000000E+040
   22.7000000000000       1.670760000000000E+040
   22.7500000000000       1.548696000000000E+040
   22.8000000000000       1.435512000000000E+040
   22.8500000000000       1.330536000000000E+040
   22.9000000000000       1.233216000000000E+040
   22.9500000000000       1.142976000000000E+040
   23.0000000000000       1.059312000000000E+040
   23.0500000000000       9.817440000000000E+039
   23.1000000000000       9.098160000000000E+039
   23.1500000000000       8.431440000000000E+039
   23.2000000000000       7.813200000000000E+039
   23.2500000000000       7.240320000000000E+039
   23.3000000000000       6.708959999999999E+039
   23.3500000000000       6.216720000000000E+039
   23.4000000000000       5.760240000000000E+039
   23.4500000000000       5.337120000000001E+039
   23.5000000000000       4.944960000000000E+039
   23.5500000000000       4.581600000000000E+039
   23.6000000000000       4.244640000000000E+039
   23.6500000000000       3.932400000000000E+039
   23.7000000000000       3.642960000000000E+039
   23.7500000000000       3.374880000000000E+039
   23.8000000000000       3.126240000000000E+039
   23.8500000000000       2.896080000000000E+039
   23.9000000000000       2.682720000000000E+039
   23.9500000000000       2.484960000000000E+039
   24.0000000000000       2.301720000000000E+039
   24.0500000000000       2.131944000000000E+039
   24.1000000000000       1.974624000000000E+039
   24.1500000000000       1.828872000000000E+039
   24.2000000000000       1.693848000000000E+039
   24.2500000000000       1.568736000000000E+039
   24.3000000000000       1.452840000000000E+039
   24.3500000000000       1.345440000000000E+039
   24.4000000000000       1.245984000000000E+039
   24.4500000000000       1.153824000000000E+039
   24.5000000000000       1.068480000000000E+039
   24.5500000000000       9.893999999999999E+038
   24.6000000000000       9.161520000000000E+038
   24.6500000000000       8.483040000000000E+038
   24.7000000000000       7.854720000000000E+038
   24.7500000000000       7.272719999999999E+038
   24.8000000000000       6.733680000000000E+038
   24.8500000000000       6.234480000000000E+038
   24.9000000000000       5.772000000000001E+038
   24.9500000000000       5.343840000000001E+038
   25.0000000000000       4.947120000000000E+038
