  0.000000000000000E+000  0.000000000000000E+000
  5.000000000000000E-002  5.092686973159352E+048
  0.100000000000000       1.992173042390999E+049
  0.150000000000000       4.839372368266615E+049
  0.200000000000000       9.465071354911670E+049
  0.250000000000000       1.682959549250405E+050
  0.300000000000000       2.707706148261864E+050
  0.350000000000000       4.079079703670857E+050
  0.400000000000000       5.746154164592987E+050
  0.450000000000000       7.715224925273847E+050
  0.500000000000000       9.936277486656837E+050
  0.550000000000000       1.238085366534717E+051
  0.600000000000000       1.499652601877111E+051
  0.650000000000000       1.771132097871574E+051
  0.700000000000000       2.048352141490199E+051
  0.750000000000000       2.329417491098540E+051
  0.800000000000000       2.611875269147366E+051
  0.850000000000000       2.890657631932985E+051
  0.900000000000000       3.163143728057894E+051
  0.950000000000000       3.426958482868710E+051
   1.00000000000000       3.680850844648216E+051
   1.05000000000000       3.922703907328471E+051
   1.10000000000000       4.150961984893005E+051
   1.15000000000000       4.364981315571131E+051
   1.20000000000000       4.564839352445242E+051
   1.25000000000000       4.748775499416331E+051
   1.30000000000000       4.917109938367196E+051
   1.35000000000000       5.070072858722466E+051
   1.40000000000000       5.206090182981126E+051
   1.45000000000000       5.325309649870935E+051
   1.50000000000000       5.429360765494671E+051
   1.55000000000000       5.516913354497569E+051
   1.60000000000000       5.591311395670096E+051
   1.65000000000000       5.650149451042422E+051
   1.70000000000000       5.694132164809759E+051
   1.75000000000000       5.724247923488641E+051
   1.80000000000000       5.740950164814184E+051
   1.85000000000000       5.746676402526487E+051
   1.90000000000000       5.740611087784241E+051
   1.95000000000000       5.724340879176584E+051
   2.00000000000000       5.697878653281078E+051
   2.05000000000000       5.661733637121074E+051
   2.10000000000000       5.616792678524580E+051
   2.15000000000000       5.563133923679944E+051
   2.20000000000000       5.502510509255060E+051
   2.25000000000000       5.434674904937045E+051
   2.30000000000000       5.360592354421652E+051
   2.35000000000000       5.280004571286032E+051
   2.40000000000000       5.195113577542452E+051
   2.45000000000000       5.105269644052400E+051
   2.50000000000000       5.010805346023421E+051
   2.55000000000000       4.912906830656176E+051
   2.60000000000000       4.811904380719671E+051
   2.65000000000000       4.708141667945090E+051
   2.70000000000000       4.602489431726073E+051
   2.75000000000000       4.495032907821905E+051
   2.80000000000000       4.386288728199635E+051
   2.85000000000000       4.276185762977130E+051
   2.90000000000000       4.165367162675831E+051
   2.95000000000000       4.055189260032681E+051
   3.00000000000000       3.943904440374090E+051
   3.05000000000000       3.833204245211958E+051
   3.10000000000000       3.722699939065990E+051
   3.15000000000000       3.612792777373554E+051
   3.20000000000000       3.503477678770393E+051
   3.25000000000000       3.395642429595394E+051
   3.30000000000000       3.287648996242543E+051
   3.35000000000000       3.181793956134016E+051
   3.40000000000000       3.077311156408010E+051
   3.45000000000000       2.975033507436911E+051
   3.50000000000000       2.874193050548573E+051
   3.55000000000000       2.776176512427774E+051
   3.60000000000000       2.679327168113007E+051
   3.65000000000000       2.584427488096054E+051
   3.70000000000000       2.492225983715928E+051
   3.75000000000000       2.401865204912905E+051
   3.80000000000000       2.314645529977219E+051
   3.85000000000000       2.228456351425786E+051
   3.90000000000000       2.145703908173755E+051
   3.95000000000000       2.065442976900903E+051
   4.00000000000000       1.987286866543505E+051
   4.05000000000000       1.911921257923689E+051
   4.10000000000000       1.838615360459577E+051
   4.15000000000000       1.767311384078001E+051
   4.20000000000000       1.698370312338511E+051
   4.25000000000000       1.631013772277839E+051
   4.30000000000000       1.565797128484044E+051
   4.35000000000000       1.502394814717933E+051
   4.40000000000000       1.440988362696798E+051
   4.45000000000000       1.381818989446960E+051
   4.50000000000000       1.324915457500565E+051
   4.55000000000000       1.270341001195122E+051
   4.60000000000000       1.217206522965656E+051
   4.65000000000000       1.166094256194942E+051
   4.70000000000000       1.117401141202523E+051
   4.75000000000000       1.070626217051468E+051
   4.80000000000000       1.025684718834949E+051
   4.85000000000000       9.830691154173268E+050
   4.90000000000000       9.392505963403267E+050
   4.95000000000000       8.994698158770196E+050
   5.00000000000000       8.613237147870190E+050
   5.05000000000000       8.252608408405323E+050
   5.10000000000000       7.899813769731618E+050
   5.15000000000000       7.557292384763724E+050
   5.20000000000000       7.227290143711126E+050
   5.25000000000000       6.911324940677677E+050
   5.30000000000000       6.606432445782873E+050
   5.35000000000000       6.320666679589565E+050
   5.40000000000000       6.045076476988759E+050
   5.45000000000000       5.775799299118835E+050
   5.50000000000000       5.523186310174912E+050
   5.55000000000000       5.281767563238170E+050
   5.60000000000000       5.047759442474881E+050
   5.65000000000000       4.823516881316279E+050
   5.70000000000000       4.606867935862183E+050
   5.75000000000000       4.397412500915942E+050
   5.80000000000000       4.197947288205992E+050
   5.85000000000000       4.006954293747950E+050
   5.90000000000000       3.824848917899115E+050
   5.95000000000000       3.650549940752771E+050
   6.00000000000000       3.488510998097165E+050
   6.05000000000000       3.330253737706403E+050
   6.10000000000000       3.179806470288358E+050
   6.15000000000000       3.034836227958475E+050
   6.20000000000000       2.899240132218905E+050
   6.25000000000000       2.766895649469784E+050
   6.30000000000000       2.640367221619863E+050
   6.35000000000000       2.517361989082837E+050
   6.40000000000000       2.399614722918812E+050
   6.45000000000000       2.287079819176600E+050
   6.50000000000000       2.179481942588780E+050
   6.55000000000000       2.076654937654263E+050
   6.60000000000000       1.979237133249755E+050
   6.65000000000000       1.887895184526611E+050
   6.70000000000000       1.800917291383810E+050
   6.75000000000000       1.717392258176720E+050
   6.80000000000000       1.637364771155634E+050
   6.85000000000000       1.562452731151134E+050
   6.90000000000000       1.492245871134691E+050
   6.95000000000000       1.423565529927489E+050
   7.00000000000000       1.357468027518440E+050
   7.05000000000000       1.293306829259458E+050
   7.10000000000000       1.232284456959568E+050
   7.15000000000000       1.173507991248123E+050
   7.20000000000000       1.117009679697589E+050
   7.25000000000000       1.063310896724577E+050
   7.30000000000000       1.013590067441581E+050
   7.35000000000000       9.663036285643959E+049
   7.40000000000000       9.194123775428635E+049
   7.45000000000000       8.754358899847674E+049
   7.50000000000000       8.341490415210871E+049
   7.55000000000000       7.965456048911902E+049
   7.60000000000000       7.608727863165075E+049
   7.65000000000000       7.259564613820682E+049
   7.70000000000000       6.920942802856948E+049
   7.75000000000000       6.600608563883550E+049
   7.80000000000000       6.291677118321586E+049
   7.85000000000000       5.991974535952737E+049
   7.90000000000000       5.705220275234885E+049
   7.95000000000000       5.435196995263957E+049
   8.00000000000000       5.178228955695573E+049
   8.05000000000000       4.933624706483485E+049
   8.10000000000000       4.697287491190621E+049
   8.15000000000000       4.470112613284228E+049
   8.20000000000000       4.259692555005227E+049
   8.25000000000000       4.069386320470484E+049
   8.30000000000000       3.883340019135451E+049
   8.35000000000000       3.709911593416298E+049
   8.40000000000000       3.545487347153741E+049
   8.45000000000000       3.384724290637895E+049
   8.50000000000000       3.230522616684749E+049
   8.55000000000000       3.081373418838082E+049
   8.60000000000000       2.939421216255100E+049
   8.65000000000000       2.805652800297769E+049
   8.70000000000000       2.675501805929889E+049
   8.75000000000000       2.551498239065164E+049
   8.80000000000000       2.434269786845250E+049
   8.85000000000000       2.319181937990598E+049
   8.90000000000000       2.213664949068373E+049
   8.95000000000000       2.115099316979607E+049
   9.00000000000000       2.022406307522956E+049
   9.05000000000000       1.930697974412614E+049
   9.10000000000000       1.846898688224808E+049
   9.15000000000000       1.767890106873305E+049
   9.20000000000000       1.691385760028589E+049
   9.25000000000000       1.617602223632161E+049
   9.30000000000000       1.548424877021773E+049
   9.35000000000000       1.480785129552126E+049
   9.40000000000000       1.415624660899898E+049
   9.45000000000000       1.353562247633558E+049
   9.50000000000000       1.294172644086580E+049
   9.55000000000000       1.237500179405396E+049
   9.60000000000000       1.183083671389986E+049
   9.65000000000000       1.132324997968342E+049
   9.70000000000000       1.083355097234887E+049
   9.75000000000000       1.036383213621473E+049
   9.80000000000000       9.909519398280876E+048
   9.85000000000000       9.495998449570158E+048
   9.90000000000000       9.115206531082912E+048
   9.95000000000000       8.750398692449211E+048
   10.0000000000000       8.400278096424540E+048
   10.0500000000000       8.056557604162175E+048
   10.1000000000000       7.726256364110030E+048
   10.1500000000000       7.404439011820814E+048
   10.2000000000000       7.093097428160065E+048
   10.2500000000000       6.803175143300165E+048
   10.3000000000000       6.525523242294250E+048
   10.3500000000000       6.249214504845151E+048
   10.4000000000000       5.987693922111663E+048
   10.4500000000000       5.737907188865045E+048
   10.5000000000000       5.500782812410255E+048
   10.5500000000000       5.271297017181621E+048
   10.6000000000000       5.065539602565990E+048
   10.6500000000000       4.877198274069613E+048
   10.7000000000000       4.692513475988225E+048
   10.7500000000000       4.512093290077636E+048
   10.8000000000000       4.337383801965208E+048
   10.8500000000000       4.164832577247742E+048
   10.9000000000000       4.000630641094143E+048
   10.9500000000000       3.847081337460298E+048
   11.0000000000000       3.698749335956059E+048
   11.0500000000000       3.551314629980443E+048
   11.1000000000000       3.407597151031031E+048
   11.1500000000000       3.270350260934972E+048
   11.2000000000000       3.141418049164108E+048
   11.2500000000000       3.020289103807846E+048
   11.3000000000000       2.903323377385184E+048
   11.3500000000000       2.793877043171505E+048
   11.4000000000000       2.693197589254060E+048
   11.4500000000000       2.595733721880611E+048
   11.5000000000000       2.499559688495610E+048
   11.5500000000000       2.406856408573594E+048
   11.6000000000000       2.318018289808698E+048
   11.6500000000000       2.232439134112215E+048
   11.7000000000000       2.151171739025880E+048
   11.7500000000000       2.070704810049065E+048
   11.8000000000000       1.991101855459003E+048
   11.8500000000000       1.914988809364971E+048
   11.9000000000000       1.842915032591754E+048
   11.9500000000000       1.775832882117452E+048
   12.0000000000000       1.710031663141442E+048
   12.0500000000000       1.645115831642426E+048
   12.1000000000000       1.585360685913743E+048
   12.1500000000000       1.530340695730258E+048
   12.2000000000000       1.476041841815370E+048
   12.2500000000000       1.424366452850957E+048
   12.3000000000000       1.374339094632876E+048
   12.3500000000000       1.326022731635575E+048
   12.4000000000000       1.279723070772229E+048
   12.4500000000000       1.234253147402902E+048
   12.5000000000000       1.189620193660543E+048
   12.5500000000000       1.146183163037970E+048
   12.6000000000000       1.105141197209631E+048
   12.6500000000000       1.065203217000821E+048
   12.7000000000000       1.027044035067378E+048
   12.7500000000000       9.900158683724892E+047
   12.8000000000000       9.541109653197121E+047
   12.8500000000000       9.204578233418810E+047
   12.9000000000000       8.890562607938190E+047
   12.9500000000000       8.586191461181768E+047
   13.0000000000000       8.294322928051019E+047
   13.0500000000000       8.008391755478744E+047
   13.1000000000000       7.730960507968572E+047
   13.1500000000000       7.465852035096886E+047
   13.2000000000000       7.206012486948384E+047
   13.2500000000000       6.953132702452698E+047
   13.3000000000000       6.701491192116372E+047
   13.3500000000000       6.465472448876264E+047
   13.4000000000000       6.236068264387631E+047
   13.4500000000000       6.016642432554226E+047
   13.5000000000000       5.801553422937636E+047
   13.5500000000000       5.593699649373698E+047
   13.6000000000000       5.397333956027827E+047
   13.6500000000000       5.214043063818114E+047
   13.7000000000000       5.026457321093238E+047
   13.7500000000000       4.855089497545236E+047
   13.8000000000000       4.688379207305916E+047
   13.8500000000000       4.527845058261509E+047
   13.9000000000000       4.369681597385873E+047
   13.9500000000000       4.217667856289998E+047
   14.0000000000000       4.068340029521690E+047
   14.0500000000000       3.923674935107003E+047
   14.1000000000000       3.777134097029160E+047
   14.1500000000000       3.642770677274188E+047
   14.2000000000000       3.513247900995423E+047
   14.2500000000000       3.385625447151723E+047
   14.3000000000000       3.263071354222130E+047
   14.3500000000000       3.137587416924009E+047
   14.4000000000000       3.028741355478036E+047
   14.4500000000000       2.923066722567935E+047
   14.5000000000000       2.817368784534285E+047
   14.5500000000000       2.712044578226560E+047
   14.6000000000000       2.616354158030322E+047
   14.6500000000000       2.523129125298340E+047
   14.7000000000000       2.431981606763559E+047
   14.7500000000000       2.339081400596951E+047
   14.8000000000000       2.253569173883798E+047
   14.8500000000000       2.170558139527255E+047
   14.9000000000000       2.089311754020258E+047
   14.9500000000000       2.008182104825096E+047
   15.0000000000000       1.933271463185282E+047
   15.0500000000000       1.860190495179872E+047
   15.1000000000000       1.789525403611496E+047
   15.1500000000000       1.719550610133922E+047
   15.2000000000000       1.656329186298363E+047
   15.2500000000000       1.594775494902573E+047
   15.3000000000000       1.535210409801326E+047
   15.3500000000000       1.477628026011463E+047
   15.4000000000000       1.421361230231174E+047
   15.4500000000000       1.366839405478573E+047
   15.5000000000000       1.313482812617656E+047
   15.5500000000000       1.262605830744018E+047
   15.6000000000000       1.212951003841250E+047
   15.6500000000000       1.164967850369385E+047
   15.7000000000000       1.116543554111551E+047
   15.7500000000000       1.072023276231236E+047
   15.8000000000000       1.028837569789827E+047
   15.8500000000000       9.877946435948251E+046
   15.9000000000000       9.483944518318659E+046
   15.9500000000000       9.107414832518580E+046
   16.0000000000000       8.727349447198342E+046
   16.0500000000000       8.377396687318972E+046
   16.1000000000000       8.029741350804051E+046
   16.1500000000000       7.701884995133650E+046
   16.2000000000000       7.369544370496534E+046
   16.2500000000000       7.063761856803364E+046
   16.3000000000000       6.769616347894589E+046
   16.3500000000000       6.479300144470700E+046
   16.4000000000000       6.203332473827479E+046
   16.4500000000000       5.933281654995439E+046
   16.5000000000000       5.668079378828523E+046
   16.5500000000000       5.425086741425044E+046
   16.6000000000000       5.192945969055454E+046
   16.6500000000000       4.961749461340517E+046
   16.7000000000000       4.749946374479529E+046
   16.7500000000000       4.512234054674163E+046
   16.8000000000000       4.318068331017642E+046
   16.8500000000000       4.130620970683395E+046
   16.9000000000000       3.950371666025499E+046
   16.9500000000000       3.776600025302567E+046
   17.0000000000000       3.607990437726541E+046
   17.0500000000000       3.447511129396463E+046
   17.1000000000000       3.289862326866035E+046
   17.1500000000000       3.142873107907737E+046
   17.2000000000000       3.001158659342321E+046
   17.2500000000000       2.864957980548381E+046
   17.3000000000000       2.734082841563221E+046
   17.3500000000000       2.608155435200662E+046
   17.4000000000000       2.489542561415923E+046
   17.4500000000000       2.376234196246527E+046
   17.5000000000000       2.267581305750457E+046
   17.5500000000000       2.163343801250300E+046
   17.6000000000000       2.063377572473795E+046
   17.6500000000000       1.967466480434224E+046
   17.7000000000000       1.875514347238966E+046
   17.7500000000000       1.780713958154678E+046
   17.8000000000000       1.696818665397652E+046
   17.8500000000000       1.602647923811535E+046
   17.9000000000000       1.526762103729006E+046
   17.9500000000000       1.454116227745099E+046
   18.0000000000000       1.384614284134220E+046
   18.0500000000000       1.316378234317230E+046
   18.1000000000000       1.247160240160496E+046
   18.1500000000000       1.186474953619939E+046
   18.2000000000000       1.129584901935351E+046
   18.2500000000000       1.075214848851517E+046
   18.3000000000000       1.023340794273287E+046
   18.3500000000000       9.737947380921281E+045
   18.4000000000000       9.264806801832850E+045
   18.4500000000000       8.813506204021400E+045
   18.5000000000000       8.382845585794776E+045
   18.5500000000000       7.972104945152370E+045
   18.6000000000000       7.580084279701423E+045
   18.6500000000000       7.206303586542933E+045
   18.7000000000000       6.850042862113066E+045
   18.7500000000000       6.510342101957921E+045
   18.8000000000000       6.186481300405723E+045
   18.8500000000000       5.877740450076144E+045
   18.9000000000000       5.547164096016458E+045
   18.9500000000000       5.270456319510706E+045
   19.0000000000000       5.007188541852860E+045
   19.0500000000000       4.756640762988279E+045
   19.1000000000000       4.518092982856760E+045
   19.1500000000000       4.291065201391610E+045
   19.2000000000000       4.075077418518522E+045
   19.2500000000000       3.869409634154160E+045
   19.3000000000000       3.674061848204362E+045
   19.3500000000000       3.488074060561846E+045
   19.4000000000000       3.311206271103196E+045
   19.4500000000000       3.143218479684852E+045
   19.5000000000000       2.983390686137651E+045
   19.5500000000000       2.831242890259219E+045
   19.6000000000000       2.686775091803034E+045
   19.6500000000000       2.547120000000000E+045
   19.7000000000000       2.417040000000000E+045
   19.7500000000000       2.293200000000000E+045
   19.8000000000000       2.175624000000000E+045
   19.8500000000000       2.063928000000000E+045
   19.9000000000000       1.957848000000000E+045
   19.9500000000000       1.857072000000000E+045
   20.0000000000000       1.761384000000000E+045
   20.0500000000000       1.670520000000000E+045
   20.1000000000000       1.584240000000000E+045
   20.1500000000000       1.502304000000000E+045
   20.2000000000000       1.424544000000000E+045
   20.2500000000000       1.350720000000000E+045
   20.3000000000000       1.280640000000000E+045
   20.3500000000000       1.214136000000000E+045
   20.4000000000000       1.151016000000000E+045
   20.4500000000000       1.091112000000000E+045
   20.5000000000000       1.034256000000000E+045
   20.5500000000000       9.803279999999999E+044
   20.6000000000000       9.291600000000001E+044
   20.6500000000000       8.806080000000000E+044
   20.7000000000000       8.345760000000000E+044
   20.7500000000000       7.908960000000000E+044
   20.8000000000000       7.494480000000000E+044
   20.8500000000000       7.101600000000000E+044
   20.9000000000000       6.728880000000000E+044
   20.9500000000000       6.375359999999999E+044
   21.0000000000000       6.040320000000000E+044
   21.0500000000000       5.722320000000000E+044
   21.1000000000000       5.421120000000000E+044
   21.1500000000000       5.135280000000000E+044
   21.2000000000000       4.864320000000000E+044
   21.2500000000000       4.607760000000000E+044
   21.3000000000000       4.364160000000000E+044
   21.3500000000000       4.133520000000000E+044
   21.4000000000000       3.914640000000000E+044
   21.4500000000000       3.707520000000000E+044
   21.5000000000000       3.510960000000000E+044
   21.5500000000000       3.324720000000000E+044
   21.6000000000000       3.148320000000000E+044
   21.6500000000000       2.981040000000000E+044
   21.7000000000000       2.822640000000000E+044
   21.7500000000000       2.672400000000000E+044
   21.8000000000000       2.530320000000000E+044
   21.8500000000000       2.395440000000000E+044
   21.9000000000000       2.267760000000000E+044
   21.9500000000000       2.146800000000000E+044
   22.0000000000000       2.032200000000000E+044
   22.0500000000000       1.923672000000000E+044
   22.1000000000000       1.820856000000000E+044
   22.1500000000000       1.723464000000000E+044
   22.2000000000000       1.631232000000000E+044
   22.2500000000000       1.543872000000000E+044
   22.3000000000000       1.461144000000000E+044
   22.3500000000000       1.382784000000000E+044
   22.4000000000000       1.308600000000000E+044
   22.4500000000000       1.238328000000000E+044
   22.5000000000000       1.171800000000000E+044
   22.5500000000000       1.108824000000000E+044
   22.6000000000000       1.049160000000000E+044
   22.6500000000000       9.927120000000000E+043
   22.7000000000000       9.392400000000000E+043
   22.7500000000000       8.886240000000001E+043
   22.8000000000000       8.407200000000000E+043
   22.8500000000000       7.953599999999999E+043
   22.9000000000000       7.524240000000000E+043
   22.9500000000000       7.117679999999999E+043
   23.0000000000000       6.733200000000000E+043
   23.0500000000000       6.368880000000000E+043
   23.1000000000000       6.024240000000000E+043
   23.1500000000000       5.698320000000000E+043
   23.2000000000000       5.389680000000000E+043
   23.2500000000000       5.097360000000000E+043
   23.3000000000000       4.821120000000000E+043
   23.3500000000000       4.559520000000000E+043
   23.4000000000000       4.311840000000000E+043
   23.4500000000000       4.077840000000000E+043
   23.5000000000000       3.856080000000000E+043
   23.5500000000000       3.646560000000000E+043
   23.6000000000000       3.448080000000001E+043
   23.6500000000000       3.260400000000000E+043
   23.7000000000000       3.082800000000000E+043
   23.7500000000000       2.914800000000000E+043
   23.8000000000000       2.755920000000000E+043
   23.8500000000000       2.605680000000000E+043
   23.9000000000000       2.463360000000000E+043
   23.9500000000000       2.328984000000000E+043
   24.0000000000000       2.201760000000000E+043
   24.0500000000000       2.081424000000000E+043
   24.1000000000000       1.967616000000000E+043
   24.1500000000000       1.859976000000000E+043
   24.2000000000000       1.758192000000000E+043
   24.2500000000000       1.661904000000000E+043
   24.3000000000000       1.570872000000000E+043
   24.3500000000000       1.484760000000000E+043
   24.4000000000000       1.403328000000000E+043
   24.4500000000000       1.326360000000000E+043
   24.5000000000000       1.253544000000000E+043
   24.5500000000000       1.184712000000000E+043
   24.6000000000000       1.119624000000000E+043
   24.6500000000000       1.058088000000000E+043
   24.7000000000000       9.999120000000000E+042
   24.7500000000000       9.449040000000001E+042
   24.8000000000000       8.928960000000001E+042
   24.8500000000000       8.437200000000000E+042
   24.9000000000000       7.972560000000000E+042
   24.9500000000000       7.533120000000000E+042
   25.0000000000000       7.117680000000000E+042
