  0.000000000000000E+000  0.000000000000000E+000
  5.000000000000000E-002  1.619018760626866E+044
  0.100000000000000       2.048204989953454E+046
  0.150000000000000       3.876918063533291E+047
  0.200000000000000       2.766636015563098E+048
  0.250000000000000       1.053781682624344E+049
  0.300000000000000       2.557542187261056E+049
  0.350000000000000       4.339770825310551E+049
  0.400000000000000       6.335288470639610E+049
  0.450000000000000       8.527638017829995E+049
  0.500000000000000       1.089159584950092E+050
  0.550000000000000       1.332064769825859E+050
  0.600000000000000       1.557081180371244E+050
  0.650000000000000       1.754273974775126E+050
  0.700000000000000       1.918244143841124E+050
  0.750000000000000       2.049373834122003E+050
  0.800000000000000       2.139847621731975E+050
  0.850000000000000       2.200786160919566E+050
  0.900000000000000       2.226411280885428E+050
  0.950000000000000       2.224977079187089E+050
   1.00000000000000       2.199442619415290E+050
   1.05000000000000       2.160548316053719E+050
   1.10000000000000       2.109175837474882E+050
   1.15000000000000       2.044573621722914E+050
   1.20000000000000       1.972130427394556E+050
   1.25000000000000       1.893301303426153E+050
   1.30000000000000       1.810106790418754E+050
   1.35000000000000       1.724489981303557E+050
   1.40000000000000       1.638033300846615E+050
   1.45000000000000       1.552286158607218E+050
   1.50000000000000       1.467301402169431E+050
   1.55000000000000       1.384318221965487E+050
   1.60000000000000       1.302873413491724E+050
   1.65000000000000       1.223694313351019E+050
   1.70000000000000       1.147346742899054E+050
   1.75000000000000       1.074782879444930E+050
   1.80000000000000       1.005731649911575E+050
   1.85000000000000       9.392440776290591E+049
   1.90000000000000       8.763022971851799E+049
   1.95000000000000       8.152589797474629E+049
   2.00000000000000       7.585131936967212E+049
   2.05000000000000       7.053243746932527E+049
   2.10000000000000       6.549140663919943E+049
   2.15000000000000       6.076170434216517E+049
   2.20000000000000       5.620843830956615E+049
   2.25000000000000       5.209086017067617E+049
   2.30000000000000       4.820425827062286E+049
   2.35000000000000       4.453981126978387E+049
   2.40000000000000       4.111531894144492E+049
   2.45000000000000       3.785242779415870E+049
   2.50000000000000       3.485901569841123E+049
   2.55000000000000       3.204762522251614E+049
   2.60000000000000       2.944870395633092E+049
   2.65000000000000       2.701153180823005E+049
   2.70000000000000       2.474659723648570E+049
   2.75000000000000       2.268271949168185E+049
   2.80000000000000       2.075291640444222E+049
   2.85000000000000       1.896882318316333E+049
   2.90000000000000       1.729209418062123E+049
   2.95000000000000       1.574620883492968E+049
   3.00000000000000       1.433292066776906E+049
   3.05000000000000       1.303117324433130E+049
   3.10000000000000       1.184534863643063E+049
   3.15000000000000       1.075238134707948E+049
   3.20000000000000       9.763396567471720E+048
   3.25000000000000       8.860315516576883E+048
   3.30000000000000       8.015991794515941E+048
   3.35000000000000       7.260359809984304E+048
   3.40000000000000       6.547133039966768E+048
   3.45000000000000       5.903126348847731E+048
   3.50000000000000       5.331393155849778E+048
   3.55000000000000       4.813418966964159E+048
   3.60000000000000       4.345462123526611E+048
   3.65000000000000       3.921585550363883E+048
   3.70000000000000       3.521200306342382E+048
   3.75000000000000       3.161296592348748E+048
   3.80000000000000       2.837903859607375E+048
   3.85000000000000       2.546475005632334E+048
   3.90000000000000       2.290877482527360E+048
   3.95000000000000       2.060041385545252E+048
   4.00000000000000       1.853991869745933E+048
   4.05000000000000       1.655677720734577E+048
   4.10000000000000       1.479860905933025E+048
   4.15000000000000       1.322142719284924E+048
   4.20000000000000       1.182301579372247E+048
   4.25000000000000       1.059117064332446E+048
   4.30000000000000       9.522462046475114E+047
   4.35000000000000       8.510528090271348E+047
   4.40000000000000       7.584553509590715E+047
   4.45000000000000       6.761195795333498E+047
   4.50000000000000       6.009085270243962E+047
   4.55000000000000       5.365400003882455E+047
   4.60000000000000       4.785475926219938E+047
   4.65000000000000       4.289347184700915E+047
   4.70000000000000       3.825754858869780E+047
   4.75000000000000       3.403541704442660E+047
   4.80000000000000       3.024682120533544E+047
   4.85000000000000       2.684132051508443E+047
   4.90000000000000       2.386267608756675E+047
   4.95000000000000       2.124110198623309E+047
   5.00000000000000       1.900797245576132E+047
   5.05000000000000       1.688452580865447E+047
   5.10000000000000       1.501439568675383E+047
   5.15000000000000       1.329753651089028E+047
   5.20000000000000       1.179082491652238E+047
   5.25000000000000       1.043297270177336E+047
   5.30000000000000       9.290052858187791E+046
   5.35000000000000       8.278150278987138E+046
   5.40000000000000       7.346521364910802E+046
   5.45000000000000       6.514328077328637E+046
   5.50000000000000       5.774312531551785E+046
   5.55000000000000       5.096963283091116E+046
   5.60000000000000       4.508890383792237E+046
   5.65000000000000       4.002556133310464E+046
   5.70000000000000       3.554536606734949E+046
   5.75000000000000       3.157117739619648E+046
   5.80000000000000       2.798035744237657E+046
   5.85000000000000       2.474820452528496E+046
   5.90000000000000       2.173566113968884E+046
   5.95000000000000       1.929101732015595E+046
   6.00000000000000       1.707844267519983E+046
   6.05000000000000       1.514146530127957E+046
   6.10000000000000       1.340885685038501E+046
   6.15000000000000       1.189484287339053E+046
   6.20000000000000       1.046894151859147E+046
   6.25000000000000       9.219699033431047E+045
   6.30000000000000       8.167530482213471E+045
   6.35000000000000       7.194404723402582E+045
   6.40000000000000       6.369960857160549E+045
   6.45000000000000       5.657804060630258E+045
   6.50000000000000       5.000030939298388E+045
   6.55000000000000       4.378713189382498E+045
   6.60000000000000       3.866716140608998E+045
   6.65000000000000       3.415276457997378E+045
   6.70000000000000       2.995723353991039E+045
   6.75000000000000       2.648557887230682E+045
   6.80000000000000       2.346648321404147E+045
   6.85000000000000       2.052714932867397E+045
   6.90000000000000       1.804243088788549E+045
   6.95000000000000       1.548808115172952E+045
   7.00000000000000       1.368612878659001E+045
   7.05000000000000       1.199574669690281E+045
   7.10000000000000       1.063566179514982E+045
   7.15000000000000       9.191836293669891E+044
   7.20000000000000       8.104995622504368E+044
   7.25000000000000       6.840483876571707E+044
   7.30000000000000       6.043236434639209E+044
   7.35000000000000       5.322826899752946E+044
   7.40000000000000       4.351373118657483E+044
   7.45000000000000       3.855669397806272E+044
   7.50000000000000       3.423238639650382E+044
   7.55000000000000       3.024212184708554E+044
   7.60000000000000       2.674550701935394E+044
   7.65000000000000       2.357715691777634E+044
   7.70000000000000       2.073556514137758E+044
   7.75000000000000       1.819464087256953E+044
   7.80000000000000       1.610028768774680E+044
   7.85000000000000       1.426044152030023E+044
   7.90000000000000       1.076958410914086E+044
   7.95000000000000       9.498997473542425E+043
   8.00000000000000       8.359219962406175E+043
   8.05000000000000       7.357371867099830E+043
   8.10000000000000       5.888669174868224E+043
   8.15000000000000       4.688788546284610E+043
   8.20000000000000       3.609964277764762E+043
   8.25000000000000       3.189340193089166E+043
   8.30000000000000       2.347212227661501E+043
   8.35000000000000       1.619890022738059E+043
   8.40000000000000       8.093710656771862E+042
   8.45000000000000       4.069854251462849E+042
   8.50000000000000       1.368725580955230E+042
   8.55000000000000       1.141979731200000E+040
   8.60000000000000       1.010253305600000E+040
   8.65000000000000       8.936474624000000E+039
   8.70000000000000       7.904186751999998E+039
   8.75000000000000       6.990037823999999E+039
   8.80000000000000       6.181402303999999E+039
   8.85000000000000       5.465354047999999E+039
   8.90000000000000       4.831972992000000E+039
   8.95000000000000       4.271339072000000E+039
   9.00000000000000       3.775636480000000E+039
   9.05000000000000       3.337049408000000E+039
   9.10000000000000       2.949054662400000E+039
   9.15000000000000       2.605940691200000E+039
   9.20000000000000       2.302506976000000E+039
   9.25000000000000       2.034214336000000E+039
   9.30000000000000       1.797034624000000E+039
   9.35000000000000       1.587330483200000E+039
   9.40000000000000       1.402005651200000E+039
   9.45000000000000       1.238174291200000E+039
   9.50000000000000       1.093401478400000E+039
   9.55000000000000       9.654627135999999E+038
   9.60000000000000       8.524040448000001E+038
   9.65000000000000       7.525420672000000E+038
   9.70000000000000       6.643136191999999E+038
   9.75000000000000       5.863659648000000E+038
   9.80000000000000       5.175267328000000E+038
   9.85000000000000       4.567437952000000E+038
   9.90000000000000       4.030552064000000E+038
   9.95000000000000       3.556493248000000E+038
   10.0000000000000       3.137746304000000E+038
   10.0500000000000       2.768329132800000E+038
   10.1000000000000       2.442139392000000E+038
   10.1500000000000       2.154186988800000E+038
   10.2000000000000       1.900052985600000E+038
   10.2500000000000       1.675769356800000E+038
   10.3000000000000       1.477818988800000E+038
   10.3500000000000       1.303165740800000E+038
   10.4000000000000       1.149074080000000E+038
   10.4500000000000       1.013109081600000E+038
   10.5000000000000       8.931965504000000E+037
   10.5500000000000       7.873825344000000E+037
   10.6000000000000       6.940738112000000E+037
   10.6500000000000       6.117673407999999E+037
   10.7000000000000       5.392005695999999E+037
   10.7500000000000       4.752011264000000E+037
   10.8000000000000       4.187469440000000E+037
   10.8500000000000       3.689963199999999E+037
   10.9000000000000       3.251376128000000E+037
   10.9500000000000       2.864583814400000E+037
   11.0000000000000       2.523664281600000E+037
   11.0500000000000       2.223176524800000E+037
   11.1000000000000       1.958340876800000E+037
   11.1500000000000       1.724948825600000E+037
   11.2000000000000       1.519242771200000E+037
   11.2500000000000       1.338006208000000E+037
   11.3000000000000       1.178323238400000E+037
   11.3500000000000       1.037608633600000E+037
   11.4000000000000       9.136378944000000E+036
   11.4500000000000       8.044570687999999E+036
   11.5000000000000       7.082625088000001E+036
   11.5500000000000       6.235211136000000E+036
   11.6000000000000       5.488801472000000E+036
   11.6500000000000       4.831672384000000E+036
   11.7000000000000       4.253001984000000E+036
   11.7500000000000       3.743170816000000E+036
   11.8000000000000       3.294363072000000E+036
   11.8500000000000       2.899213856000000E+036
   11.9000000000000       2.551320217600000E+036
   11.9500000000000       2.245030726400000E+036
   12.0000000000000       1.975385350400000E+036
   12.0500000000000       1.738055334400000E+036
   12.1000000000000       1.529132774400000E+036
   12.1500000000000       1.345250860800000E+036
   12.2000000000000       1.183433574400000E+036
   12.2500000000000       1.041005504000000E+036
   12.3000000000000       9.156519680000001E+035
   12.3500000000000       8.053889535999999E+035
   12.4000000000000       7.083526911999999E+035
   12.4500000000000       6.229499584000000E+035
   12.5000000000000       5.478280192000000E+035
   12.5500000000000       4.817543808000000E+035
   12.6000000000000       4.236167936000000E+035
   12.6500000000000       3.724833728000000E+035
   12.7000000000000       3.275124160000000E+035
   12.7500000000000       2.879343667200000E+035
   12.8000000000000       2.531359846400000E+035
   12.8500000000000       2.225340902400000E+035
   12.9000000000000       1.956206560000000E+035
   12.9500000000000       1.719537881600000E+035
   13.0000000000000       1.511426963200000E+035
   13.0500000000000       1.328446873600000E+035
   13.1000000000000       1.167531411200000E+035
   13.1500000000000       1.026095347200000E+035
   13.2000000000000       9.017338176000000E+034
   13.2500000000000       7.924026879999999E+034
   13.3000000000000       6.963283711999999E+034
   13.3500000000000       6.118274624000000E+034
   13.4000000000000       5.375772864000000E+034
   13.4500000000000       4.723152896000000E+034
   13.5000000000000       4.149592832000000E+034
   13.5500000000000       3.645473216000000E+034
   13.6000000000000       3.202677632000000E+034
   13.6500000000000       2.813330150400000E+034
   13.7000000000000       2.471238246400000E+034
   13.7500000000000       2.170660307200000E+034
   13.8000000000000       1.906576179200000E+034
   13.8500000000000       1.674536864000000E+034
   13.9000000000000       1.470664518400000E+034
   13.9500000000000       1.291562272000000E+034
   14.0000000000000       1.134224044800000E+034
   14.0500000000000       9.960345472000000E+033
   14.1000000000000       8.746189759999999E+033
   14.1500000000000       7.679632575999999E+033
   14.2000000000000       6.743238655999999E+033
   14.2500000000000       5.920474560000000E+033
   14.3000000000000       5.198113536000000E+033
   14.3500000000000       4.563530048000000E+033
   14.4000000000000       4.006202816000000E+033
   14.4500000000000       3.517113600000000E+033
   14.5000000000000       3.087244159999999E+033
   14.5500000000000       2.710011180800000E+033
   14.6000000000000       2.378741164800000E+033
   14.6500000000000       2.087902924800000E+033
   14.7000000000000       1.832536428800000E+033
   14.7500000000000       1.608342982400000E+033
   14.8000000000000       1.411534924800000E+033
   14.8500000000000       1.238745446400000E+033
   14.9000000000000       1.087088710400000E+033
   14.9500000000000       9.539494271999999E+032
   15.0000000000000       8.371030976000001E+032
   15.0500000000000       7.345356479999999E+032
   15.1000000000000       6.445035520000000E+032
   15.1500000000000       5.654737088000000E+032
   15.2000000000000       4.961535040000000E+032
   15.2500000000000       4.352803839999999E+032
   15.3000000000000       3.818924032000000E+032
   15.3500000000000       3.350276160000000E+032
   15.4000000000000       2.938954233600000E+032
   15.4500000000000       2.578104390400000E+032
   15.5000000000000       2.261504044800000E+032
   15.5500000000000       1.983712192000000E+032
   15.6000000000000       1.739979225600000E+032
   15.6500000000000       1.526126694400000E+032
   15.7000000000000       1.338517241600000E+032
   15.7500000000000       1.173964422400000E+032
   15.8000000000000       1.029582400000000E+032
   15.8500000000000       9.029362495999999E+031
   15.9000000000000       7.918315328000000E+031
   15.9500000000000       6.943744192000000E+031
   16.0000000000000       6.089115648000000E+031
   16.0500000000000       5.339399296000000E+031
   16.1000000000000       4.681668992000000E+031
   16.1500000000000       4.105102848000000E+031
   16.2000000000000       3.599179584000000E+031
   16.2500000000000       3.155782784000000E+031
   16.3000000000000       2.766765971200000E+031
   16.3500000000000       2.425666073600000E+031
   16.4000000000000       2.126561113600000E+031
   16.4500000000000       1.864250572800000E+031
   16.5000000000000       1.634285452800000E+031
   16.5500000000000       1.432607545600000E+031
   16.6000000000000       1.255789920000000E+031
   16.6500000000000       1.100766374400000E+031
   16.7000000000000       9.648614975999999E+030
   16.7500000000000       8.457004863999999E+030
   16.8000000000000       7.412392063999999E+030
   16.8500000000000       6.496740096000000E+030
   16.9000000000000       5.693816128000000E+030
   16.9500000000000       4.990092799999999E+030
   17.0000000000000       4.373245184000000E+030
   17.0500000000000       3.832451392000000E+030
   17.1000000000000       3.358693184000000E+030
   17.1500000000000       2.943102624000000E+030
   17.2000000000000       2.579006214400000E+030
   17.2500000000000       2.259880761600000E+030
   17.3000000000000       1.980165017600000E+030
   17.3500000000000       1.735049254400000E+030
   17.4000000000000       1.520234777600000E+030
   17.4500000000000       1.331963987200000E+030
   17.5000000000000       1.166990316800000E+030
   17.5500000000000       1.022427929600000E+030
   17.6000000000000       8.957216576000000E+029
   17.6500000000000       7.847371840000000E+029
   17.7000000000000       6.874604352000000E+029
   17.7500000000000       6.022380672000000E+029
   17.8000000000000       5.275670400000000E+029
   17.8500000000000       4.621246784000000E+029
   17.9000000000000       4.047987328000000E+029
   17.9500000000000       3.545971968000000E+029
   18.0000000000000       3.105881856000000E+029
   18.0500000000000       2.720382156800000E+029
   18.1000000000000       2.382709190400000E+029
   18.1500000000000       2.086910918400000E+029
   18.2000000000000       1.827756761600000E+029
   18.2500000000000       1.600767660800000E+029
   18.3000000000000       1.401915468800000E+029
   18.3500000000000       1.227773254400000E+029
   18.4000000000000       1.075214694400000E+029
   18.4500000000000       9.415643776000000E+028
   18.5000000000000       8.245376831999999E+028
   18.5500000000000       7.220303552000000E+028
   18.6000000000000       6.322688064000000E+028
   18.6500000000000       5.536297535999999E+028
   18.7000000000000       4.847604607999999E+028
   18.7500000000000       4.244584960000000E+028
   18.8000000000000       3.716416704000000E+028
   18.8500000000000       3.254081600000000E+028
   18.9000000000000       2.849042380800000E+028
   18.9500000000000       2.494385062400000E+028
   19.0000000000000       2.183826937600000E+028
   19.0500000000000       1.911896940800000E+028
   19.1000000000000       1.673785344000000E+028
   19.1500000000000       1.465313696000000E+028
   19.2000000000000       1.282754457600000E+028
   19.2500000000000       1.122951244800000E+028
   19.3000000000000       9.829881599999999E+027
   19.3500000000000       8.604904000000000E+027
   19.4000000000000       7.532334656000000E+027
   19.4500000000000       6.593235264000000E+027
   19.5000000000000       5.771072384000000E+027
   19.5500000000000       5.051416832000000E+027
   19.6000000000000       4.421342464000000E+027
   19.6500000000000       3.869726784000000E+027
   19.7000000000000       3.386950336000000E+027
   19.7500000000000       2.964325548800000E+027
   19.8000000000000       2.594397344000000E+027
   19.8500000000000       2.270552345600000E+027
   19.9000000000000       1.987109062400000E+027
   19.9500000000000       1.739017280000000E+027
   20.0000000000000       1.521858060800000E+027
   20.0500000000000       1.331783622400000E+027
   20.1000000000000       1.165457216000000E+027
   20.1500000000000       1.019842700800000E+027
   20.2000000000000       8.924149695999999E+026
   20.2500000000000       7.809194623999999E+026
   20.3000000000000       6.833120448000000E+026
   20.3500000000000       5.979093120000000E+026
   20.4000000000000       5.231781631999999E+026
   20.4500000000000       4.577658623999999E+026
   20.5000000000000       4.005300991999999E+026
   20.5500000000000       3.504187456000000E+026
   20.6000000000000       3.065900992000000E+026
   20.6500000000000       2.682445427200000E+026
   20.7000000000000       2.346846656000000E+026
   20.7500000000000       2.053182700800000E+026
   20.8000000000000       1.796253043200000E+026
   20.8500000000000       1.571428320000000E+026
   20.9000000000000       1.374710444800000E+026
   20.9500000000000       1.202612364800000E+026
   21.0000000000000       1.052037817600000E+026
   21.0500000000000       9.203113920000000E+025
   21.1000000000000       8.050582848000000E+025
   21.1500000000000       7.042043007999999E+025
   21.2000000000000       6.160059136000000E+025
   21.2500000000000       5.388097791999999E+025
   21.3000000000000       4.712932224000000E+025
   21.3500000000000       4.122538112000000E+025
   21.4000000000000       3.605792960000000E+025
   21.4500000000000       3.153678528000000E+025
   21.5000000000000       2.758439129600000E+025
   21.5500000000000       2.412589625600000E+025
   21.6000000000000       2.110057734400000E+025
   21.6500000000000       1.845432512000000E+025
   21.7000000000000       1.613994412800000E+025
   21.7500000000000       1.411534924800000E+025
   21.8000000000000       1.234446752000000E+025
   21.8500000000000       1.079573510400000E+025
   21.9000000000000       9.440894848000001E+024
   21.9500000000000       8.256198720000000E+024
   22.0000000000000       7.220002944000002E+024
   22.0500000000000       6.313669824000001E+024
   22.1000000000000       5.520966528000001E+024
   22.1500000000000       4.827764480000001E+024
   22.2000000000000       4.221738752000001E+024
   22.2500000000000       3.691466240000001E+024
   22.3000000000000       3.227928704000001E+024
   22.3500000000000       2.822408512000001E+024
   22.4000000000000       2.467841376000001E+024
   22.4500000000000       2.157794284800001E+024
   22.5000000000000       1.886645868800001E+024
   22.5500000000000       1.649556339200002E+024
   22.6000000000000       1.442257062400001E+024
   22.6500000000000       1.260960377600001E+024
   22.7000000000000       1.102449779200002E+024
   22.7500000000000       9.638694912000015E+023
   22.8000000000000       8.426643456000016E+023
   22.8500000000000       7.367000256000013E+023
   22.9000000000000       6.440526400000016E+023
   22.9500000000000       5.630387840000017E+023
   23.0000000000000       4.922155392000018E+023
   23.0500000000000       4.303203520000017E+023
   23.1000000000000       3.761808512000018E+023
   23.1500000000000       3.288350912000017E+023
   23.2000000000000       2.874564000000016E+023
   23.2500000000000       2.512782272000016E+023
   23.3000000000000       2.196512595200016E+023
   23.3500000000000       1.920013356800016E+023
   23.4000000000000       1.678324524800016E+023
   23.4500000000000       1.466997100800016E+023
   23.5000000000000       1.282303545600016E+023
   23.5500000000000       1.120816928000016E+023
   23.6000000000000       9.796514112000159E+022
   23.6500000000000       8.562518272000158E+022
   23.7000000000000       7.483936768000159E+022
   23.7500000000000       6.541230080000159E+022
   23.8000000000000       5.716962944000158E+022
   23.8500000000000       4.996706176000159E+022
   23.9000000000000       4.366932416000158E+022
   23.9500000000000       3.816819776000158E+022
   24.0000000000000       3.335546368000159E+022
   24.0500000000000       2.915176140800159E+022
   24.1000000000000       2.547682860800159E+022
   24.1500000000000       2.226483212800158E+022
   24.2000000000000       1.945745401600159E+022
   24.2500000000000       1.700389152000159E+022
   24.3000000000000       1.485965465600159E+022
   24.3500000000000       1.298536377600159E+022
   24.4000000000000       1.134765139200159E+022
   24.4500000000000       9.916156096001589E+021
   24.5000000000000       8.665025600001588E+021
   24.5500000000000       7.571714304001588E+021
   24.6000000000000       6.616382080001588E+021
   24.6500000000000       5.781593664001588E+021
   24.7000000000000       5.051717440001588E+021
   24.7500000000000       4.414127872001589E+021
   24.8000000000000       3.857101248001589E+021
   24.8500000000000       3.370116288001589E+021
   24.9000000000000       2.944665785601588E+021
   24.9500000000000       2.572873811201588E+021
   25.0000000000000       2.248006745601589E+021
