  0.100000000000000       1.442900000000000E+051
  0.242440000000000       4.945100000000000E+051
  0.356270000000000       1.253700000000000E+052
  0.523520000000000       3.264300000000000E+052
  0.769310000000000       3.578300000000000E+053
   1.13050000000000       1.120000000000000E+054
   1.66120000000000       2.549100000000000E+054
   2.44110000000000       5.288100000000000E+054
   3.58720000000000       8.992500000000000E+054
   5.27120000000000       1.051200000000000E+055
   7.74600000000000       7.669700000000001E+054
   11.3830000000000       1.650600000000000E+054
   16.7260000000000       2.700000000000000E+052
   24.5790000000000       2.723800000000000E+049
   36.1180000000000       4.522400000000000E+045
   53.0750000000000       2.612700000000000E+031
   77.9920000000000       1.728400000000000E+032
   114.610000000000       6.024900000000000E+031
   168.410000000000      -8.128500000000000E+017
   247.480000000000       9.399300000000000E+017
