  0.100000000000000       1.373400000000000E+051
  0.242440000000000       4.653900000000000E+051
  0.356270000000000       1.171700000000000E+052
  0.523520000000000       3.024300000000000E+052
  0.769310000000000       3.122700000000000E+053
   1.13050000000000       9.646300000000000E+053
   1.66120000000000       2.156000000000000E+054
   2.44110000000000       4.339000000000000E+054
   3.58720000000000       7.031199999999999E+054
   5.27120000000000       7.762799999999999E+054
   7.74600000000000       5.347400000000000E+054
   11.3830000000000       1.026300000000000E+054
   16.7260000000000       1.613400000000000E+052
   24.5790000000000       1.579900000000000E+049
   36.1180000000000       2.301800000000000E+045
   53.0750000000000       2.614600000000000E+031
   77.9920000000000       1.790500000000000E+032
   114.610000000000       6.180100000000000E+031
   168.410000000000      -1.786100000000000E+018
   247.480000000000       8.946300000000000E+017
