  0.100000000000000       1.454500000000000E+051
  0.242440000000000       4.994700000000000E+051
  0.356270000000000       1.267700000000000E+052
  0.523520000000000       3.305100000000000E+052
  0.769310000000000       3.649000000000000E+053
   1.13050000000000       1.144100000000000E+054
   1.66120000000000       2.610700000000000E+054
   2.44110000000000       5.439200000000000E+054
   3.58720000000000       9.314700000000000E+054
   5.27120000000000       1.098600000000000E+055
   7.74600000000000       8.087800000000001E+054
   11.3830000000000       1.768700000000000E+054
   16.7260000000000       2.909900000000000E+052
   24.5790000000000       2.952400000000000E+049
   36.1180000000000       5.000700000000000E+045
   53.0750000000000       2.612200000000000E+031
   77.9920000000000       1.719000000000000E+032
   114.610000000000       6.003300000000000E+031
   168.410000000000      -4.131600000000000E+017
   247.480000000000      -2.136500000000000E+017
