  0.100000000000000       1.418000000000000E+051
  0.242440000000000       4.839900000000000E+051
  0.356270000000000       1.224000000000000E+052
  0.523520000000000       3.177600000000000E+052
  0.769310000000000       3.422200000000000E+053
   1.13050000000000       1.066900000000000E+054
   1.66120000000000       2.413800000000000E+054
   2.44110000000000       4.958900000000000E+054
   3.58720000000000       8.299900000000000E+054
   5.27120000000000       9.516200000000000E+054
   7.74600000000000       6.809600000000000E+054
   11.3830000000000       1.411100000000000E+054
   16.7260000000000       2.276400000000000E+052
   24.5790000000000       2.271600000000000E+049
   36.1180000000000       3.606400000000000E+045
   53.0750000000000       2.613400000000000E+031
   77.9920000000000       1.749400000000000E+032
   114.610000000000       6.075300000000000E+031
   168.410000000000       2.777600000000000E+017
   247.480000000000       7.677400000000000E+016
