  0.100000000000000       1.400600000000000E+051
  0.242440000000000       4.767000000000000E+051
  0.356270000000000       1.203500000000000E+052
  0.523520000000000       3.117400000000000E+052
  0.769310000000000       3.308600000000000E+053
   1.13050000000000       1.028100000000000E+054
   1.66120000000000       2.315800000000000E+054
   2.44110000000000       4.721700000000000E+054
   3.58720000000000       7.808900000000001E+054
   5.27120000000000       8.827200000000000E+054
   7.74600000000000       6.227600000000001E+054
   11.3830000000000       1.254000000000000E+054
   16.7260000000000       2.002300000000000E+052
   24.5790000000000       1.984700000000000E+049
   36.1180000000000       3.049100000000000E+045
   53.0750000000000       2.614000000000000E+031
   77.9920000000000       1.764900000000000E+032
   114.610000000000       6.113600000000000E+031
   168.410000000000       5.217300000000000E+017
   247.480000000000       1.264100000000000E+018
