  0.100000000000000       1.249600000000000E+051
  0.242440000000000       4.154800000000000E+051
  0.356270000000000       1.033400000000000E+052
  0.523520000000000       2.610300000000000E+052
  0.769310000000000       2.030300000000000E+053
   1.13050000000000       5.943600000000000E+053
   1.66120000000000       1.252600000000000E+054
   2.44110000000000       2.301500000000000E+054
   3.58720000000000       3.264700000000000E+054
   5.27120000000000       3.131200000000000E+054
   7.74600000000000       1.810300000000000E+054
   11.3830000000000       2.475300000000000E+053
   16.7260000000000       3.237200000000000E+051
   24.5790000000000       2.760900000000000E+048
   36.1180000000000       2.602300000000000E+044
   53.0750000000000       2.617700000000000E+031
   77.9920000000000       1.964700000000000E+032
   114.610000000000       6.693900000000000E+031
   168.410000000000       1.788300000000000E+018
   247.480000000000       2.150800000000000E+017
