  0.100000000000000       1.731700000000000E+051
  0.242440000000000       6.265600000000000E+051
  0.356270000000000       1.633800000000000E+052
  0.523520000000000       4.364700000000000E+052
  0.769310000000000       5.036700000000000E+053
   1.13050000000000       1.614400000000000E+054
   1.66120000000000       3.831300000000000E+054
   2.44110000000000       8.538900000000000E+054
   3.58720000000000       1.644600000000000E+055
   5.27120000000000       2.323100000000000E+055
   7.74600000000000       2.048800000000000E+055
   11.3830000000000       5.839600000000000E+054
   16.7260000000000       1.040400000000000E+053
   24.5790000000000       1.178000000000000E+050
   36.1180000000000       2.517800000000000E+046
   53.0750000000000       2.611600000000000E+031
   77.9920000000000       1.513800000000000E+032
   114.610000000000       5.617900000000000E+031
   168.410000000000       3.354800000000000E+017
   247.480000000000      -7.906400000000000E+017
