  0.100000000000000       1.384400000000000E+051
  0.242440000000000       4.699400000000000E+051
  0.356270000000000       1.184500000000000E+052
  0.523520000000000       3.061700000000000E+052
  0.769310000000000       3.199100000000000E+053
   1.13050000000000       9.907300000000001E+053
   1.66120000000000       2.221500000000000E+054
   2.44110000000000       4.495300000000000E+054
   3.58720000000000       7.346499999999999E+054
   5.27120000000000       8.189900000000000E+054
   7.74600000000000       5.697800000000000E+054
   11.3830000000000       1.115500000000000E+054
   16.7260000000000       1.764600000000000E+052
   24.5790000000000       1.737500000000000E+049
   36.1180000000000       2.587800000000000E+045
   53.0750000000000       2.614400000000000E+031
   77.9920000000000       1.779700000000000E+032
   114.610000000000       6.152400000000000E+031
   168.410000000000       2.308100000000000E+017
   247.480000000000       6.543400000000000E+017
