  0.100000000000000       1.387800000000000E+051
  0.242440000000000       4.713700000000000E+051
  0.356270000000000       1.188500000000000E+052
  0.523520000000000       3.073600000000000E+052
  0.769310000000000       3.222700000000000E+053
   1.13050000000000       9.988000000000000E+053
   1.66120000000000       2.241800000000000E+054
   2.44110000000000       4.544100000000000E+054
   3.58720000000000       7.445100000000000E+054
   5.27120000000000       8.325000000000000E+054
   7.74600000000000       5.809400000000000E+054
   11.3830000000000       1.144300000000000E+054
   16.7260000000000       1.813700000000000E+052
   24.5790000000000       1.788700000000000E+049
   36.1180000000000       2.681900000000000E+045
   53.0750000000000       2.614300000000000E+031
   77.9920000000000       1.776600000000000E+032
   114.610000000000       6.143800000000000E+031
   168.410000000000       2.831600000000000E+017
   247.480000000000       5.151600000000000E+017
