  0.100000000000000       2.144300000000000E+051
  0.242440000000000       8.385700000000000E+051
  0.356270000000000       2.261500000000000E+052
  0.523520000000000       6.139200000000000E+052
  0.769310000000000       6.578500000000000E+053
   1.13050000000000       2.122700000000000E+054
   1.66120000000000       5.179100000000000E+054
   2.44110000000000       1.204000000000000E+055
   3.58720000000000       2.513500000000000E+055
   5.27120000000000       4.086100000000000E+055
   7.74600000000000       4.311900000000000E+055
   11.3830000000000       1.554200000000000E+055
   16.7260000000000       2.869000000000000E+053
   24.5790000000000       3.556100000000000E+050
   36.1180000000000       9.267199999999999E+046
   53.0750000000000       4.058600000000000E+031
   77.9920000000000       1.349900000000000E+032
   114.610000000000       5.271300000000000E+031
   168.410000000000       5.779900000000000E+017
   247.480000000000       2.786800000000000E+017
