  0.100000000000000       1.239600000000000E+051
  0.242440000000000       4.115700000000000E+051
  0.356270000000000       1.022800000000000E+052
  0.523520000000000       2.579200000000000E+052
  0.769310000000000       1.898900000000000E+053
   1.13050000000000       5.495700000000000E+053
   1.66120000000000       1.147200000000000E+054
   2.44110000000000       2.079900000000000E+054
   3.58720000000000       2.903300000000000E+054
   5.27120000000000       2.737500000000000E+054
   7.74600000000000       1.523400000000000E+054
   11.3830000000000       1.980400000000000E+053
   16.7260000000000       2.576000000000000E+051
   24.5790000000000       2.161800000000000E+048
   36.1180000000000       1.517500000000000E+044
   53.0750000000000       2.626200000000000E+031
   77.9920000000000       1.987100000000000E+032
   114.610000000000       6.765500000000000E+031
   168.410000000000      -2.527700000000000E+018
   247.480000000000       1.822700000000000E+018
