  0.100000000000000       1.298800000000000E+051
  0.242440000000000       4.352900000000000E+051
  0.356270000000000       1.088100000000000E+052
  0.523520000000000       2.776000000000000E+052
  0.769310000000000       2.555100000000000E+053
   1.13050000000000       7.721399999999999E+053
   1.66120000000000       1.677600000000000E+054
   2.44110000000000       3.228100000000000E+054
   3.58720000000000       4.900700000000000E+054
   5.27120000000000       5.048900000000000E+054
   7.74600000000000       3.217200000000000E+054
   11.3830000000000       5.286800000000000E+053
   16.7260000000000       7.759100000000000E+051
   24.5790000000000       7.081400000000000E+048
   36.1180000000000       8.631000000000000E+044
   53.0750000000000       2.615400000000000E+031
   77.9920000000000       1.876000000000000E+032
   114.610000000000       6.412300000000000E+031
   168.410000000000      -6.841900000000000E+017
   247.480000000000       1.238100000000000E+018
