  0.100000000000000       1.245900000000000E+051
  0.242440000000000       4.140000000000000E+051
  0.356270000000000       1.029400000000000E+052
  0.523520000000000       2.598200000000000E+052
  0.769310000000000       1.981000000000000E+053
   1.13050000000000       5.776600000000000E+053
   1.66120000000000       1.213200000000000E+054
   2.44110000000000       2.218300000000000E+054
   3.58720000000000       3.127100000000000E+054
   5.27120000000000       2.978900000000000E+054
   7.74600000000000       1.699200000000000E+054
   11.3830000000000       2.274000000000000E+053
   16.7260000000000       2.949300000000000E+051
   24.5790000000000       2.503300000000000E+048
   36.1180000000000       2.197600000000000E+044
   53.0750000000000       2.619800000000000E+031
   77.9920000000000       1.973000000000000E+032
   114.610000000000       6.720600000000000E+031
   168.410000000000      -3.463800000000000E+017
   247.480000000000      -7.984400000000000E+016
