  0.100000000000000       1.298500000000000E+051
  0.242440000000000       4.351700000000000E+051
  0.356270000000000       1.087800000000000E+052
  0.523520000000000       2.775000000000000E+052
  0.769310000000000       2.552500000000000E+053
   1.13050000000000       7.712699999999999E+053
   1.66120000000000       1.675500000000000E+054
   2.44110000000000       3.223400000000000E+054
   3.58720000000000       4.891700000000000E+054
   5.27120000000000       5.038000000000000E+054
   7.74600000000000       3.209000000000000E+054
   11.3830000000000       5.269500000000000E+053
   16.7260000000000       7.730099999999999E+051
   24.5790000000000       7.052900000000000E+048
   36.1180000000000       8.589299999999999E+044
   53.0750000000000       2.615400000000000E+031
   77.9920000000000       1.876400000000000E+032
   114.610000000000       6.413300000000000E+031
   168.410000000000       1.129800000000000E+017
   247.480000000000      -5.873500000000000E+017
