  0.100000000000000       1.230900000000000E+051
  0.242440000000000       4.087400000000000E+051
  0.356270000000000       1.015700000000000E+052
  0.523520000000000       2.561200000000000E+052
  0.769310000000000       1.838800000000000E+053
   1.13050000000000       5.288400000000000E+053
   1.66120000000000       1.098100000000000E+054
   2.44110000000000       1.978200000000000E+054
   3.58720000000000       2.743200000000000E+054
   5.27120000000000       2.567500000000000E+054
   7.74600000000000       1.393800000000000E+054
   11.3830000000000       1.779400000000000E+053
   16.7260000000000       2.406200000000000E+051
   24.5790000000000       2.042000000000000E+048
   36.1180000000000       6.237100000000000E+043
   53.0750000000000       2.636400000000000E+031
   77.9920000000000       2.003500000000000E+032
   114.610000000000       6.802700000000000E+031
   168.410000000000       2.172700000000000E+025
   247.480000000000      -3.110400000000000E+017
