  0.100000000000000       1.276800000000000E+051
  0.242440000000000       4.264800000000000E+051
  0.356270000000000       1.063800000000000E+052
  0.523520000000000       2.702900000000000E+052
  0.769310000000000       2.349200000000000E+053
   1.13050000000000       7.032000000000000E+053
   1.66120000000000       1.508900000000000E+054
   2.44110000000000       2.850700000000000E+054
   3.58720000000000       4.213500000000000E+054
   5.27120000000000       4.222400000000000E+054
   7.74600000000000       2.607500000000000E+054
   11.3830000000000       4.015500000000000E+053
   16.7260000000000       5.684300000000000E+051
   24.5790000000000       5.060300000000000E+048
   36.1180000000000       5.748500000000000E+044
   53.0750000000000       2.615500000000000E+031
   77.9920000000000       1.910400000000000E+032
   114.610000000000       6.518100000000000E+031
   168.410000000000      -1.028300000000000E+018
   247.480000000000       1.692000000000000E+018
