  0.100000000000000       1.271500000000000E+051
  0.242440000000000       4.243300000000000E+051
  0.356270000000000       1.057800000000000E+052
  0.523520000000000       2.684800000000000E+052
  0.769310000000000       2.292700000000000E+053
   1.13050000000000       6.836900000000000E+053
   1.66120000000000       1.462900000000000E+054
   2.44110000000000       2.751300000000000E+054
   3.58720000000000       4.035600000000000E+054
   5.27120000000000       4.013000000000000E+054
   7.74600000000000       2.454400000000000E+054
   11.3830000000000       3.709600000000000E+053
   16.7260000000000       5.190300000000000E+051
   24.5790000000000       4.585800000000000E+048
   36.1180000000000       5.097100000000000E+044
   53.0750000000000       2.615600000000000E+031
   77.9920000000000       1.919900000000000E+032
   114.610000000000       6.548900000000000E+031
   168.410000000000      -1.039400000000000E+018
   247.480000000000       1.781200000000000E+018
