  0.100000000000000       1.252600000000000E+051
  0.242440000000000       4.166700000000000E+051
  0.356270000000000       1.036700000000000E+052
  0.523520000000000       2.620400000000000E+052
  0.769310000000000       2.068700000000000E+053
   1.13050000000000       6.073900000000000E+053
   1.66120000000000       1.283300000000000E+054
   2.44110000000000       2.366500000000000E+054
   3.58720000000000       3.373200000000000E+054
   5.27120000000000       3.252400000000000E+054
   7.74600000000000       1.898800000000000E+054
   11.3830000000000       2.640200000000000E+053
   16.7260000000000       3.488000000000000E+051
   24.5790000000000       2.987400000000000E+048
   36.1180000000000       2.927000000000000E+044
   53.0750000000000       2.616800000000000E+031
   77.9920000000000       1.958100000000000E+032
   114.610000000000       6.672800000000000E+031
   168.410000000000      -3.390500000000000E+017
   247.480000000000      -4.236300000000000E+017
