  0.100000000000000       1.250700000000000E+051
  0.242440000000000       4.159300000000000E+051
  0.356270000000000       1.034700000000000E+052
  0.523520000000000       2.614200000000000E+052
  0.769310000000000       2.045100000000000E+053
   1.13050000000000       5.994200000000000E+053
   1.66120000000000       1.264400000000000E+054
   2.44110000000000       2.326500000000000E+054
   3.58720000000000       3.306400000000000E+054
   5.27120000000000       3.177600000000000E+054
   7.74600000000000       1.844200000000000E+054
   11.3830000000000       2.538300000000000E+053
   16.7260000000000       3.331700000000000E+051
   24.5790000000000       2.846000000000000E+048
   36.1180000000000       2.726500000000000E+044
   53.0750000000000       2.617200000000000E+031
   77.9920000000000       1.962100000000000E+032
   114.610000000000       6.685900000000000E+031
   168.410000000000      -1.734700000000000E+018
   247.480000000000       7.905200000000000E+017
