  0.100000000000000       1.970600000000000E+051
  0.242440000000000       7.460100000000000E+051
  0.356270000000000       1.985200000000000E+052
  0.523520000000000       5.365800000000000E+052
  0.769310000000000       5.969400000000000E+053
   1.13050000000000       1.924400000000000E+054
   1.66120000000000       4.651200000000000E+054
   2.44110000000000       1.066100000000000E+055
   3.58720000000000       2.165900000000000E+055
   5.27120000000000       3.352600000000000E+055
   7.74600000000000       3.312900000000000E+055
   11.3830000000000       1.099400000000000E+055
   16.7260000000000       2.008100000000000E+053
   24.5790000000000       2.416600000000000E+050
   36.1180000000000       5.847800000000000E+046
   53.0750000000000       3.007400000000000E+031
   77.9920000000000       1.403500000000000E+032
   114.610000000000       5.402800000000000E+031
   168.410000000000       6.380500000000000E+017
   247.480000000000      -6.776300000000000E+017
