  0.100000000000000       1.258300000000000E+051
  0.242440000000000       4.189800000000000E+051
  0.356270000000000       1.043100000000000E+052
  0.523520000000000       2.639800000000000E+052
  0.769310000000000       2.140500000000000E+053
   1.13050000000000       6.317500000000000E+053
   1.66120000000000       1.340700000000000E+054
   2.44110000000000       2.489000000000000E+054
   3.58720000000000       3.580300000000000E+054
   5.27120000000000       3.486600000000000E+054
   7.74600000000000       2.069800000000000E+054
   11.3830000000000       2.962600000000000E+053
   16.7260000000000       3.992900000000000E+051
   24.5790000000000       3.452900000000000E+048
   36.1180000000000       3.566600000000000E+044
   53.0750000000000       2.616000000000000E+031
   77.9920000000000       1.945900000000000E+032
   114.610000000000       6.633000000000000E+031
   168.410000000000       1.664100000000000E+017
   247.480000000000      -7.286100000000000E+017
