  0.100000000000000       1.310900000000000E+051
  0.242440000000000       4.401000000000000E+051
  0.356270000000000       1.101400000000000E+052
  0.523520000000000       2.815600000000000E+052
  0.769310000000000       2.655600000000000E+053
   1.13050000000000       8.061599999999999E+053
   1.66120000000000       1.761100000000000E+054
   2.44110000000000       3.418000000000000E+054
   3.58720000000000       5.253000000000000E+054
   5.27120000000000       5.479800000000000E+054
   7.74600000000000       3.542100000000000E+054
   11.3830000000000       5.998400000000000E+053
   16.7260000000000       8.943100000000000E+051
   24.5790000000000       8.258199999999999E+048
   36.1180000000000       1.038600000000000E+045
   53.0750000000000       2.615400000000000E+031
   77.9920000000000       1.860000000000000E+032
   114.610000000000       6.367000000000000E+031
   168.410000000000      -2.403700000000000E+018
   247.480000000000       8.869800000000000E+017
