  0.100000000000000       1.366200000000000E+051
  0.242440000000000       4.624100000000000E+051
  0.356270000000000       1.163400000000000E+052
  0.523520000000000       2.999500000000000E+052
  0.769310000000000       3.071100000000000E+053
   1.13050000000000       9.470600000000000E+053
   1.66120000000000       2.111900000000000E+054
   2.44110000000000       4.234200000000000E+054
   3.58720000000000       6.822000000000000E+054
   5.27120000000000       7.482899999999999E+054
   7.74600000000000       5.119700000000000E+054
   11.3830000000000       9.695500000000000E+053
   16.7260000000000       1.517800000000000E+052
   24.5790000000000       1.479300000000000E+049
   36.1180000000000       2.123000000000000E+045
   53.0750000000000       2.614800000000000E+031
   77.9920000000000       1.797900000000000E+032
   114.610000000000       6.199700000000000E+031
   168.410000000000       1.159400000000000E+016
   247.480000000000       9.506900000000000E+017
