  0.100000000000000       1.249100000000000E+051
  0.242440000000000       4.152900000000000E+051
  0.356270000000000       1.032900000000000E+052
  0.523520000000000       2.608800000000000E+052
  0.769310000000000       2.024000000000000E+053
   1.13050000000000       5.922200000000000E+053
   1.66120000000000       1.247500000000000E+054
   2.44110000000000       2.290800000000000E+054
   3.58720000000000       3.246800000000000E+054
   5.27120000000000       3.111500000000000E+054
   7.74600000000000       1.795800000000000E+054
   11.3830000000000       2.448600000000000E+053
   16.7260000000000       3.197600000000000E+051
   24.5790000000000       2.725700000000000E+048
   36.1180000000000       2.549400000000000E+044
   53.0750000000000       2.617900000000000E+031
   77.9920000000000       1.965800000000000E+032
   114.610000000000       6.697500000000000E+031
   168.410000000000       5.836800000000000E+017
   247.480000000000       5.170000000000000E+017
