  0.100000000000000       1.300300000000000E+051
  0.242440000000000       4.358800000000000E+051
  0.356270000000000       1.089800000000000E+052
  0.523520000000000       2.780900000000000E+052
  0.769310000000000       2.568100000000000E+053
   1.13050000000000       7.765300000000001E+053
   1.66120000000000       1.688400000000000E+054
   2.44110000000000       3.252500000000000E+054
   3.58720000000000       4.945900000000000E+054
   5.27120000000000       5.104000000000000E+054
   7.74600000000000       3.258400000000000E+054
   11.3830000000000       5.376000000000000E+053
   16.7260000000000       7.906199999999999E+051
   24.5790000000000       7.226300000000000E+048
   36.1180000000000       8.843799999999999E+044
   53.0750000000000       2.615400000000000E+031
   77.9920000000000       1.873800000000000E+032
   114.610000000000       6.406300000000000E+031
   168.410000000000      -1.101900000000000E+018
   247.480000000000      -6.009200000000000E+017
