  0.100000000000000       3.134600000000000E+051
  0.242440000000000       1.413200000000000E+052
  0.356270000000000       4.009300000000000E+052
  0.523520000000000       1.103600000000000E+053
  0.769310000000000       9.325799999999999E+053
   1.13050000000000       2.989700000000000E+054
   1.66120000000000       7.505100000000000E+054
   2.44110000000000       1.821300000000000E+055
   3.58720000000000       4.084800000000000E+055
   5.27120000000000       7.568300000000000E+055
   7.74600000000000       9.573400000000000E+055
   11.3830000000000       4.585800000000000E+055
   16.7260000000000       8.718000000000000E+053
   24.5790000000000       1.194800000000000E+051
   36.1180000000000       3.443100000000000E+047
   53.0750000000000       1.120800000000000E+032
   77.9920000000000       1.189300000000000E+032
   114.610000000000       4.825900000000000E+031
   168.410000000000       6.316700000000000E+017
   247.480000000000      -6.182700000000000E+017
