  0.100000000000000       1.249000000000000E+051
  0.242440000000000       4.152400000000000E+051
  0.356270000000000       1.032700000000000E+052
  0.523520000000000       2.608400000000000E+052
  0.769310000000000       2.022300000000000E+053
   1.13050000000000       5.916600000000000E+053
   1.66120000000000       1.246200000000000E+054
   2.44110000000000       2.288000000000000E+054
   3.58720000000000       3.242300000000000E+054
   5.27120000000000       3.106300000000000E+054
   7.74600000000000       1.792200000000000E+054
   11.3830000000000       2.441800000000000E+053
   16.7260000000000       3.187600000000000E+051
   24.5790000000000       2.716600000000000E+048
   36.1180000000000       2.535800000000000E+044
   53.0750000000000       2.618000000000000E+031
   77.9920000000000       1.966000000000000E+032
   114.610000000000       6.698500000000000E+031
   168.410000000000      -1.099400000000000E+017
   247.480000000000       1.552600000000000E+017
