  0.100000000000000       2.007900000000000E+051
  0.242440000000000       7.655600000000000E+051
  0.356270000000000       2.043200000000000E+052
  0.523520000000000       5.529700000000000E+052
  0.769310000000000       6.104700000000000E+053
   1.13050000000000       1.968700000000000E+054
   1.66120000000000       4.768700000000000E+054
   2.44110000000000       1.096800000000000E+055
   3.58720000000000       2.242700000000000E+055
   5.27120000000000       3.511700000000000E+055
   7.74600000000000       3.523600000000000E+055
   11.3830000000000       1.193100000000000E+055
   16.7260000000000       2.184700000000000E+053
   24.5790000000000       2.646800000000000E+050
   36.1180000000000       6.521000000000000E+046
   53.0750000000000       3.169400000000000E+031
   77.9920000000000       1.390100000000000E+032
   114.610000000000       5.366000000000000E+031
   168.410000000000       3.393200000000000E+017
   247.480000000000       1.705000000000000E+018
