  0.100000000000000       1.542800000000000E+051
  0.242440000000000       5.380900000000000E+051
  0.356270000000000       1.377700000000000E+052
  0.523520000000000       3.623900000000000E+052
  0.769310000000000       4.140500000000000E+053
   1.13050000000000       1.311300000000000E+054
   1.66120000000000       3.042200000000000E+054
   2.44110000000000       6.517000000000000E+054
   3.58720000000000       1.169700000000000E+055
   5.27120000000000       1.473700000000000E+055
   7.74600000000000       1.154700000000000E+055
   11.3830000000000       2.787700000000000E+054
   16.7260000000000       4.756100000000000E+052
   24.5790000000000       5.046200000000000E+049
   36.1180000000000       9.616000000000001E+045
   53.0750000000000       2.608100000000000E+031
   77.9920000000000       1.649200000000000E+032
   114.610000000000       5.849600000000000E+031
   168.410000000000       3.454200000000000E+017
   247.480000000000      -5.956600000000000E+017
