  0.100000000000000       1.333300000000000E+051
  0.242440000000000       4.490800000000000E+051
  0.356270000000000       1.126300000000000E+052
  0.523520000000000       2.889500000000000E+052
  0.769310000000000       2.830900000000000E+053
   1.13050000000000       8.655000000000000E+053
   1.66120000000000       1.907900000000000E+054
   2.44110000000000       3.756000000000000E+054
   3.58720000000000       5.890900000000000E+054
   5.27120000000000       6.274399999999999E+054
   7.74600000000000       4.156200000000000E+054
   11.3830000000000       7.393800000000000E+053
   16.7260000000000       1.128100000000000E+052
   24.5790000000000       1.066500000000000E+049
   36.1180000000000       1.421100000000000E+045
   53.0750000000000       2.615400000000000E+031
   77.9920000000000       1.833000000000000E+032
   114.610000000000       6.292900000000000E+031
   168.410000000000      -1.143500000000000E+017
   247.480000000000      -6.470700000000000E+017
