  0.100000000000000       1.272100000000000E+051
  0.242440000000000       4.245700000000000E+051
  0.356270000000000       1.058500000000000E+052
  0.523520000000000       2.686800000000000E+052
  0.769310000000000       2.299200000000000E+053
   1.13050000000000       6.859300000000000E+053
   1.66120000000000       1.468100000000000E+054
   2.44110000000000       2.762700000000000E+054
   3.58720000000000       4.055900000000000E+054
   5.27120000000000       4.036600000000000E+054
   7.74600000000000       2.471700000000000E+054
   11.3830000000000       3.743900000000000E+053
   16.7260000000000       5.245600000000000E+051
   24.5790000000000       4.638900000000000E+048
   36.1180000000000       5.169200000000000E+044
   53.0750000000000       2.615600000000000E+031
   77.9920000000000       1.918800000000000E+032
   114.610000000000       6.545300000000000E+031
   168.410000000000       5.841200000000000E+017
   247.480000000000      -1.182900000000000E+018
