  0.100000000000000       1.226400000000000E+051
  0.242440000000000       4.076400000000000E+051
  0.356270000000000       1.013200000000000E+052
  0.523520000000000       2.556600000000000E+052
  0.769310000000000       1.837400000000000E+053
   1.13050000000000       5.284300000000000E+053
   1.66120000000000       1.096900000000000E+054
   2.44110000000000       1.975600000000000E+054
   3.58720000000000       2.742400000000000E+054
   5.27120000000000       2.569100000000000E+054
   7.74600000000000       1.399500000000000E+054
   11.3830000000000       1.832000000000000E+053
   16.7260000000000       2.481900000000000E+051
   24.5790000000000       2.060300000000000E+048
   36.1180000000000       4.230400000000000E+043
   53.0750000000000       2.639500000000000E+031
   77.9920000000000       2.004600000000000E+032
   114.610000000000       6.803800000000000E+031
   168.410000000000       1.050000000000000E+027
   247.480000000000      -5.808300000000000E+017
