  0.100000000000000       1.255700000000000E+051
  0.242440000000000       4.179500000000000E+051
  0.356270000000000       1.040200000000000E+052
  0.523520000000000       2.631200000000000E+052
  0.769310000000000       2.109200000000000E+053
   1.13050000000000       6.211300000000000E+053
   1.66120000000000       1.315700000000000E+054
   2.44110000000000       2.435600000000000E+054
   3.58720000000000       3.489400000000000E+054
   5.27120000000000       3.383400000000000E+054
   7.74600000000000       1.994300000000000E+054
   11.3830000000000       2.819800000000000E+053
   16.7260000000000       3.767900000000000E+051
   24.5790000000000       3.244400000000000E+048
   36.1180000000000       3.280900000000000E+044
   53.0750000000000       2.616300000000000E+031
   77.9920000000000       1.951300000000000E+032
   114.610000000000       6.650100000000000E+031
   168.410000000000       2.184300000000000E+017
   247.480000000000       1.105200000000000E+018
