  0.100000000000000       1.399400000000000E+051
  0.242440000000000       4.762000000000000E+051
  0.356270000000000       1.202000000000000E+052
  0.523520000000000       3.113300000000000E+052
  0.769310000000000       3.300600000000000E+053
   1.13050000000000       1.025400000000000E+054
   1.66120000000000       2.308900000000000E+054
   2.44110000000000       4.705100000000000E+054
   3.58720000000000       7.774800000000001E+054
   5.27120000000000       8.779600000000000E+054
   7.74600000000000       6.187800000000000E+054
   11.3830000000000       1.243500000000000E+054
   16.7260000000000       1.984000000000000E+052
   24.5790000000000       1.965700000000000E+049
   36.1180000000000       3.013200000000000E+045
   53.0750000000000       2.614000000000000E+031
   77.9920000000000       1.766000000000000E+032
   114.610000000000       6.116100000000000E+031
   168.410000000000       6.853900000000000E+016
   247.480000000000      -8.955800000000000E+017
