  0.100000000000000       1.469700000000000E+051
  0.242440000000000       5.060200000000000E+051
  0.356270000000000       1.286300000000000E+052
  0.523520000000000       3.358600000000000E+052
  0.769310000000000       3.739500000000000E+053
   1.13050000000000       1.174900000000000E+054
   1.66120000000000       2.689400000000000E+054
   2.44110000000000       5.633700000000000E+054
   3.58720000000000       9.734100000000000E+054
   5.27120000000000       1.161600000000000E+055
   7.74600000000000       8.649800000000000E+054
   11.3830000000000       1.929000000000000E+054
   16.7260000000000       3.195800000000000E+052
   24.5790000000000       3.266900000000000E+049
   36.1180000000000       5.675400000000000E+045
   53.0750000000000       2.611700000000000E+031
   77.9920000000000       1.707300000000000E+032
   114.610000000000       5.976600000000000E+031
   168.410000000000       9.209400000000000E+017
   247.480000000000      -7.417500000000000E+017
