  0.100000000000000       2.191000000000000E+051
  0.242440000000000       8.641000000000000E+051
  0.356270000000000       2.338100000000000E+052
  0.523520000000000       6.351500000000000E+052
  0.769310000000000       6.731900000000000E+053
   1.13050000000000       2.172300000000000E+054
   1.66120000000000       5.311900000000000E+054
   2.44110000000000       1.238800000000000E+055
   3.58720000000000       2.602200000000000E+055
   5.27120000000000       4.278000000000000E+055
   7.74600000000000       4.583600000000000E+055
   11.3830000000000       1.683200000000000E+055
   16.7260000000000       3.111000000000000E+053
   24.5790000000000       3.885600000000000E+050
   36.1180000000000       1.028300000000000E+047
   53.0750000000000       4.418400000000000E+031
   77.9920000000000       1.337200000000000E+032
   114.610000000000       5.233000000000000E+031
   168.410000000000      -1.566800000000000E+018
   247.480000000000       1.319700000000000E+018
