  0.100000000000000       1.470700000000000E+051
  0.242440000000000       5.064200000000000E+051
  0.356270000000000       1.287400000000000E+052
  0.523520000000000       3.362000000000000E+052
  0.769310000000000       3.745000000000000E+053
   1.13050000000000       1.176800000000000E+054
   1.66120000000000       2.694300000000000E+054
   2.44110000000000       5.645500000000000E+054
   3.58720000000000       9.760100000000000E+054
   5.27120000000000       1.165600000000000E+055
   7.74600000000000       8.685600000000000E+054
   11.3830000000000       1.939200000000000E+054
   16.7260000000000       3.214000000000000E+052
   24.5790000000000       3.286900000000000E+049
   36.1180000000000       5.719200000000000E+045
   53.0750000000000       2.611700000000000E+031
   77.9920000000000       1.706500000000000E+032
   114.610000000000       5.975100000000000E+031
   168.410000000000       1.432100000000000E+018
   247.480000000000      -3.084800000000000E+017
