  0.100000000000000       1.500500000000000E+051
  0.242440000000000       5.194000000000000E+051
  0.356270000000000       1.324300000000000E+052
  0.523520000000000       3.468800000000000E+052
  0.769310000000000       3.914200000000000E+053
   1.13050000000000       1.234400000000000E+054
   1.66120000000000       2.842300000000000E+054
   2.44110000000000       6.014400000000000E+054
   3.58720000000000       1.057100000000000E+055
   5.27120000000000       1.291400000000000E+055
   7.74600000000000       9.831900000000000E+054
   11.3830000000000       2.272400000000000E+054
   16.7260000000000       3.816900000000000E+052
   24.5790000000000       3.963600000000000E+049
   36.1180000000000       7.209200000000000E+045
   53.0750000000000       2.610500000000000E+031
   77.9920000000000       1.684000000000000E+032
   114.610000000000       5.925200000000000E+031
   168.410000000000       1.693500000000000E+017
   247.480000000000       1.405000000000000E+017
