  0.100000000000000       1.232600000000000E+051
  0.242440000000000       4.092600000000000E+051
  0.356270000000000       1.016900000000000E+052
  0.523520000000000       2.564000000000000E+052
  0.769310000000000       1.842100000000000E+053
   1.13050000000000       5.300100000000000E+053
   1.66120000000000       1.101100000000000E+054
   2.44110000000000       1.984900000000000E+054
   3.58720000000000       2.755800000000000E+054
   5.27120000000000       2.583000000000000E+054
   7.74600000000000       1.408400000000000E+054
   11.3830000000000       1.808200000000000E+053
   16.7260000000000       2.402200000000000E+051
   24.5790000000000       2.046700000000000E+048
   36.1180000000000       7.897000000000000E+043
   53.0750000000000       2.635500000000000E+031
   77.9920000000000       2.001700000000000E+032
   114.610000000000       6.799200000000000E+031
   168.410000000000      -7.569000000000000E+017
   247.480000000000      -4.303600000000000E+017
