  0.100000000000000       1.323100000000000E+051
  0.242440000000000       4.449800000000000E+051
  0.356270000000000       1.114900000000000E+052
  0.523520000000000       2.855700000000000E+052
  0.769310000000000       2.752400000000000E+053
   1.13050000000000       8.389399999999999E+053
   1.66120000000000       1.841900000000000E+054
   2.44110000000000       3.603500000000000E+054
   3.58720000000000       5.601200000000000E+054
   5.27120000000000       5.910700000000000E+054
   7.74600000000000       3.873000000000000E+054
   11.3830000000000       6.740500000000000E+053
   16.7260000000000       1.018300000000000E+052
   24.5790000000000       9.524500000000000E+048
   36.1180000000000       1.236300000000000E+045
   53.0750000000000       2.615400000000000E+031
   77.9920000000000       1.845000000000000E+032
   114.610000000000       6.324700000000000E+031
   168.410000000000      -2.886400000000000E+017
   247.480000000000       5.111100000000000E+017
