  0.100000000000000       1.244800000000000E+051
  0.242440000000000       4.144000000000000E+051
  0.356270000000000       1.028400000000000E+052
  0.523520000000000       2.588700000000000E+052
  0.769310000000000       1.843700000000000E+053
   1.13050000000000       5.296600000000000E+053
   1.66120000000000       1.099400000000000E+054
   2.44110000000000       1.981100000000000E+054
   3.58720000000000       2.754000000000000E+054
   5.27120000000000       2.587200000000000E+054
   7.74600000000000       1.408000000000000E+054
   11.3830000000000       1.832900000000000E+053
   16.7260000000000       2.482000000000000E+051
   24.5790000000000       2.060100000000000E+048
   36.1180000000000       4.230900000000000E+043
   53.0750000000000       2.650500000000000E+031
   77.9920000000000       2.004500000000000E+032
   114.610000000000       6.803800000000000E+031
   168.410000000000       1.432400000000000E+018
   247.480000000000       8.665600000000000E+017
