  0.100000000000000       1.744800000000000E+051
  0.242440000000000       6.329399999999999E+051
  0.356270000000000       1.652500000000000E+052
  0.523520000000000       4.418400000000000E+052
  0.769310000000000       5.092700000000000E+053
   1.13050000000000       1.633000000000000E+054
   1.66120000000000       3.880700000000000E+054
   2.44110000000000       8.666200000000001E+054
   3.58720000000000       1.675300000000000E+055
   5.27120000000000       2.381300000000000E+055
   7.74600000000000       2.115500000000000E+055
   11.3830000000000       6.088200000000000E+054
   16.7260000000000       1.087500000000000E+053
   24.5790000000000       1.236400000000000E+050
   36.1180000000000       2.661300000000000E+046
   53.0750000000000       2.614800000000000E+031
   77.9920000000000       1.505900000000000E+032
   114.610000000000       5.604300000000000E+031
   168.410000000000      -5.616000000000000E+017
   247.480000000000       8.891500000000000E+017
