  0.100000000000000       1.241400000000000E+051
  0.242440000000000       4.122400000000000E+051
  0.356270000000000       1.024500000000000E+052
  0.523520000000000       2.584200000000000E+052
  0.769310000000000       1.920600000000000E+053
   1.13050000000000       5.570300000000000E+053
   1.66120000000000       1.164700000000000E+054
   2.44110000000000       2.116300000000000E+054
   3.58720000000000       2.961300000000000E+054
   5.27120000000000       2.799200000000000E+054
   7.74600000000000       1.568400000000000E+054
   11.3830000000000       2.051800000000000E+053
   16.7260000000000       2.660900000000000E+051
   24.5790000000000       2.240500000000000E+048
   36.1180000000000       1.702200000000000E+044
   53.0750000000000       2.624100000000000E+031
   77.9920000000000       1.983300000000000E+032
   114.610000000000       6.753900000000000E+031
   168.410000000000      -5.159400000000000E+017
   247.480000000000      -2.494600000000000E+018
