  0.100000000000000       3.169500000000000E+051
  0.242440000000000       1.434300000000000E+052
  0.356270000000000       4.074100000000000E+052
  0.523520000000000       1.121600000000000E+053
  0.769310000000000       9.412700000000000E+053
   1.13050000000000       3.016600000000000E+054
   1.66120000000000       7.577799999999999E+054
   2.44110000000000       1.840400000000000E+055
   3.58720000000000       4.132800000000000E+055
   5.27120000000000       7.675199999999999E+055
   7.74600000000000       9.740900000000000E+055
   11.3830000000000       4.694600000000000E+055
   16.7260000000000       8.938800000000000E+053
   24.5790000000000       1.228000000000000E+051
   36.1180000000000       3.540300000000000E+047
   53.0750000000000       1.163400000000000E+032
   77.9920000000000       1.188000000000000E+032
   114.610000000000       4.818100000000000E+031
   168.410000000000      -5.479600000000000E+017
   247.480000000000      -1.131200000000000E+017
