  0.100000000000000       1.283100000000000E+051
  0.242440000000000       4.290000000000000E+051
  0.356270000000000       1.070800000000000E+052
  0.523520000000000       2.724000000000000E+052
  0.769310000000000       2.412400000000000E+053
   1.13050000000000       7.243400000000000E+053
   1.66120000000000       1.560300000000000E+054
   2.44110000000000       2.964400000000000E+054
   3.58720000000000       4.417500000000000E+054
   5.27120000000000       4.465300000000000E+054
   7.74600000000000       2.785300000000000E+054
   11.3830000000000       4.378200000000000E+053
   16.7260000000000       6.273200000000000E+051
   24.5790000000000       5.630200000000000E+048
   36.1180000000000       6.544400000000000E+044
   53.0750000000000       2.615500000000000E+031
   77.9920000000000       1.900000000000000E+032
   114.610000000000       6.484400000000000E+031
   168.410000000000       1.901700000000000E+018
   247.480000000000      -1.085900000000000E+018
