  0.100000000000000       1.371300000000000E+051
  0.242440000000000       4.645100000000000E+051
  0.356270000000000       1.169300000000000E+052
  0.523520000000000       3.016900000000000E+052
  0.769310000000000       3.107600000000000E+053
   1.13050000000000       9.594700000000000E+053
   1.66120000000000       2.143100000000000E+054
   2.44110000000000       4.308300000000000E+054
   3.58720000000000       6.969500000000000E+054
   5.27120000000000       7.680099999999999E+054
   7.74600000000000       5.279900000000000E+054
   11.3830000000000       1.009400000000000E+054
   16.7260000000000       1.584900000000000E+052
   24.5790000000000       1.550000000000000E+049
   36.1180000000000       2.248300000000000E+045
   53.0750000000000       2.614700000000000E+031
   77.9920000000000       1.792700000000000E+032
   114.610000000000       6.185600000000000E+031
   168.410000000000       8.714700000000000E+017
   247.480000000000      -3.531200000000000E+017
