  0.100000000000000       1.255200000000000E+051
  0.242440000000000       4.177400000000000E+051
  0.356270000000000       1.039600000000000E+052
  0.523520000000000       2.629300000000000E+052
  0.769310000000000       2.102100000000000E+053
   1.13050000000000       6.187200000000000E+053
   1.66120000000000       1.310000000000000E+054
   2.44110000000000       2.423300000000000E+054
   3.58720000000000       3.468900000000000E+054
   5.27120000000000       3.360300000000000E+054
   7.74600000000000       1.977500000000000E+054
   11.3830000000000       2.788000000000000E+053
   16.7260000000000       3.717800000000000E+051
   24.5790000000000       3.198300000000000E+048
   36.1180000000000       3.217800000000000E+044
   53.0750000000000       2.616400000000000E+031
   77.9920000000000       1.952400000000000E+032
   114.610000000000       6.654100000000000E+031
   168.410000000000       4.148700000000000E+017
   247.480000000000       4.292800000000000E+017
