  0.100000000000000       1.709100000000000E+051
  0.242440000000000       6.156800000000000E+051
  0.356270000000000       1.602200000000000E+052
  0.523520000000000       4.273400000000000E+052
  0.769310000000000       4.939300000000000E+053
   1.13050000000000       1.581800000000000E+054
   1.66120000000000       3.745800000000000E+054
   2.44110000000000       8.317799999999999E+054
   3.58720000000000       1.591500000000000E+055
   5.27120000000000       2.223000000000000E+055
   7.74600000000000       1.935800000000000E+055
   11.3830000000000       5.423200000000000E+054
   16.7260000000000       9.614800000000000E+052
   24.5790000000000       1.081300000000000E+050
   36.1180000000000       2.283000000000000E+046
   53.0750000000000       2.607900000000000E+031
   77.9920000000000       1.527700000000000E+032
   114.610000000000       5.641600000000000E+031
   168.410000000000       1.011100000000000E+016
   247.480000000000       1.160400000000000E+018
