  0.100000000000000       1.711100000000000E+051
  0.242440000000000       6.166500000000000E+051
  0.356270000000000       1.605000000000000E+052
  0.523520000000000       4.281600000000000E+052
  0.769310000000000       4.948200000000000E+053
   1.13050000000000       1.584800000000000E+054
   1.66120000000000       3.753500000000000E+054
   2.44110000000000       8.337899999999999E+054
   3.58720000000000       1.596300000000000E+055
   5.27120000000000       2.232100000000000E+055
   7.74600000000000       1.946000000000000E+055
   11.3830000000000       5.460200000000000E+054
   16.7260000000000       9.685200000000001E+052
   24.5790000000000       1.089900000000000E+050
   36.1180000000000       2.303600000000000E+046
   53.0750000000000       2.608200000000000E+031
   77.9920000000000       1.526500000000000E+032
   114.610000000000       5.639600000000000E+031
   168.410000000000      -1.543300000000000E+018
   247.480000000000       1.251600000000000E+018
