  0.100000000000000       1.281000000000000E+051
  0.242440000000000       4.281700000000000E+051
  0.356270000000000       1.068400000000000E+052
  0.523520000000000       2.717000000000000E+052
  0.769310000000000       2.391700000000000E+053
   1.13050000000000       7.174500000000000E+053
   1.66120000000000       1.543500000000000E+054
   2.44110000000000       2.926800000000000E+054
   3.58720000000000       4.350100000000000E+054
   5.27120000000000       4.384700000000000E+054
   7.74600000000000       2.726200000000000E+054
   11.3830000000000       4.257000000000000E+053
   16.7260000000000       6.076100000000000E+051
   24.5790000000000       5.439000000000000E+048
   36.1180000000000       6.276000000000000E+044
   53.0750000000000       2.615500000000000E+031
   77.9920000000000       1.903400000000000E+032
   114.610000000000       6.495500000000000E+031
   168.410000000000      -1.682600000000000E+017
   247.480000000000       6.714100000000000E+017
