  0.100000000000000       1.721200000000000E+051
  0.242440000000000       6.215300000000000E+051
  0.356270000000000       1.619200000000000E+052
  0.523520000000000       4.322600000000000E+052
  0.769310000000000       4.992100000000000E+053
   1.13050000000000       1.599500000000000E+054
   1.66120000000000       3.792100000000000E+054
   2.44110000000000       8.437500000000000E+054
   3.58720000000000       1.620300000000000E+055
   5.27120000000000       2.277000000000000E+055
   7.74600000000000       1.996600000000000E+055
   11.3830000000000       5.646400000000000E+054
   16.7260000000000       1.003700000000000E+053
   24.5790000000000       1.132900000000000E+050
   36.1180000000000       2.407800000000000E+046
   53.0750000000000       2.609600000000000E+031
   77.9920000000000       1.520200000000000E+032
   114.610000000000       5.629000000000000E+031
   168.410000000000       6.628300000000000E+016
   247.480000000000       4.994900000000000E+017
