  0.100000000000000       2.153800000000000E+051
  0.242440000000000       8.438599999999999E+051
  0.356270000000000       2.277400000000000E+052
  0.523520000000000       6.183000000000000E+052
  0.769310000000000       6.610700000000000E+053
   1.13050000000000       2.133100000000000E+054
   1.66120000000000       5.206900000000000E+054
   2.44110000000000       1.211300000000000E+055
   3.58720000000000       2.532000000000000E+055
   5.27120000000000       4.126200000000000E+055
   7.74600000000000       4.368300000000000E+055
   11.3830000000000       1.580800000000000E+055
   16.7260000000000       2.918900000000000E+053
   24.5790000000000       3.623700000000000E+050
   36.1180000000000       9.475200000000000E+046
   53.0750000000000       4.132200000000000E+031
   77.9920000000000       1.347400000000000E+032
   114.610000000000       5.263800000000000E+031
   168.410000000000       1.439500000000000E+018
   247.480000000000      -1.173400000000000E+018
