  0.100000000000000       1.327000000000000E+051
  0.242440000000000       4.465300000000000E+051
  0.356270000000000       1.119200000000000E+052
  0.523520000000000       2.868400000000000E+052
  0.769310000000000       2.782200000000000E+053
   1.13050000000000       8.489999999999999E+053
   1.66120000000000       1.866900000000000E+054
   2.44110000000000       3.661200000000000E+054
   3.58720000000000       5.710300000000000E+054
   5.27120000000000       6.047200000000000E+054
   7.74600000000000       3.979000000000000E+054
   11.3830000000000       6.982900000000000E+053
   16.7260000000000       1.058900000000000E+052
   24.5790000000000       9.944300000000000E+048
   36.1180000000000       1.303800000000000E+045
   53.0750000000000       2.615400000000000E+031
   77.9920000000000       1.840400000000000E+032
   114.610000000000       6.312600000000000E+031
   168.410000000000      -8.541900000000000E+017
   247.480000000000       5.858200000000000E+017
