  0.100000000000000       1.243600000000000E+051
  0.242440000000000       4.130700000000000E+051
  0.356270000000000       1.026800000000000E+052
  0.523520000000000       2.590700000000000E+052
  0.769310000000000       1.949100000000000E+053
   1.13050000000000       5.667300000000000E+053
   1.66120000000000       1.187500000000000E+054
   2.44110000000000       2.164300000000000E+054
   3.58720000000000       3.038700000000000E+054
   5.27120000000000       2.882500000000000E+054
   7.74600000000000       1.629000000000000E+054
   11.3830000000000       2.152500000000000E+053
   16.7260000000000       2.787300000000000E+051
   24.5790000000000       2.356900000000000E+048
   36.1180000000000       1.939100000000000E+044
   53.0750000000000       2.621900000000000E+031
   77.9920000000000       1.978500000000000E+032
   114.610000000000       6.738300000000000E+031
   168.410000000000      -1.083000000000000E+018
   247.480000000000      -6.759100000000000E+017
