  0.100000000000000       1.701000000000000E+051
  0.242440000000000       6.118199999999999E+051
  0.356270000000000       1.590900000000000E+052
  0.523520000000000       4.240800000000000E+052
  0.769310000000000       4.904000000000000E+053
   1.13050000000000       1.569900000000000E+054
   1.66120000000000       3.714900000000000E+054
   2.44110000000000       8.237600000000000E+054
   3.58720000000000       1.572300000000000E+055
   5.27120000000000       2.187000000000000E+055
   7.74600000000000       1.895700000000000E+055
   11.3830000000000       5.277100000000000E+054
   16.7260000000000       9.339000000000000E+052
   24.5790000000000       1.047800000000000E+050
   36.1180000000000       2.202400000000000E+046
   53.0750000000000       2.607000000000000E+031
   77.9920000000000       1.532900000000000E+032
   114.610000000000       5.650700000000000E+031
   168.410000000000      -1.082300000000000E+016
   247.480000000000       8.681200000000000E+017
