  0.100000000000000       2.631300000000000E+051
  0.242440000000000       1.113800000000000E+052
  0.356270000000000       3.094100000000000E+052
  0.523520000000000       8.441100000000000E+052
  0.769310000000000       8.024799999999999E+053
   1.13050000000000       2.583900000000000E+054
   1.66120000000000       6.399700000000000E+054
   2.44110000000000       1.534500000000000E+055
   3.58720000000000       3.351300000000000E+055
   5.27120000000000       5.925400000000000E+055
   7.74600000000000       7.047200000000000E+055
   11.3830000000000       2.995000000000000E+055
   16.7260000000000       5.533100000000000E+053
   24.5790000000000       7.270500000000000E+050
   36.1180000000000       2.100900000000000E+047
   53.0750000000000       6.316800000000000E+031
   77.9920000000000       1.232400000000000E+032
   114.610000000000       4.910400000000000E+031
   168.410000000000      -1.028000000000000E+018
   247.480000000000      -3.104900000000000E+017
