  0.100000000000000       3.658500000000000E+051
  0.242440000000000       1.732300000000000E+052
  0.356270000000000       4.991499999999999E+052
  0.523520000000000       1.377000000000000E+053
  0.769310000000000       1.059600000000000E+054
   1.13050000000000       3.376900000000000E+054
   1.66120000000000       8.552600000000000E+054
   2.44110000000000       2.096500000000000E+055
   3.58720000000000       4.772100000000000E+055
   5.27120000000000       9.094000000000000E+055
   7.74600000000000       1.197700000000000E+056
   11.3830000000000       6.186400000000000E+055
   16.7260000000000       1.211600000000000E+054
   24.5790000000000       1.707900000000000E+051
   36.1180000000000       4.915600000000000E+047
   53.0750000000000       1.680900000000000E+032
   77.9920000000000       1.178000000000000E+032
   114.610000000000       4.713100000000000E+031
   168.410000000000      -1.484000000000000E+017
   247.480000000000      -4.349900000000000E+017
