  0.100000000000000       1.234600000000000E+051
  0.242440000000000       4.098600000000000E+051
  0.356270000000000       1.018300000000000E+052
  0.523520000000000       2.567600000000000E+052
  0.769310000000000       1.850400000000000E+053
   1.13050000000000       5.329300000000000E+053
   1.66120000000000       1.108000000000000E+054
   2.44110000000000       1.999300000000000E+054
   3.58720000000000       2.778300000000000E+054
   5.27120000000000       2.606900000000000E+054
   7.74600000000000       1.426800000000000E+054
   11.3830000000000       1.839100000000000E+053
   16.7260000000000       2.427100000000000E+051
   24.5790000000000       2.056000000000000E+048
   36.1180000000000       1.015900000000000E+044
   53.0750000000000       2.633600000000000E+031
   77.9920000000000       1.998000000000000E+032
   114.610000000000       6.792700000000000E+031
   168.410000000000       1.810200000000000E+017
   247.480000000000      -9.088000000000000E+016
