  0.100000000000000       1.552700000000000E+051
  0.242440000000000       5.425500000000000E+051
  0.356270000000000       1.390500000000000E+052
  0.523520000000000       3.661300000000000E+052
  0.769310000000000       4.192200000000000E+053
   1.13050000000000       1.328500000000000E+054
   1.66120000000000       3.089400000000000E+054
   2.44110000000000       6.632900000000000E+054
   3.58720000000000       1.195900000000000E+055
   5.27120000000000       1.517500000000000E+055
   7.74600000000000       1.196900000000000E+055
   11.3830000000000       2.918000000000000E+054
   16.7260000000000       4.993900000000000E+052
   24.5790000000000       5.323200000000000E+049
   36.1180000000000       1.022900000000000E+046
   53.0750000000000       2.607700000000000E+031
   77.9920000000000       1.641300000000000E+032
   114.610000000000       5.834000000000000E+031
   168.410000000000       5.706800000000000E+017
   247.480000000000       1.321500000000000E+018
