  0.100000000000000       1.575900000000000E+051
  0.242440000000000       5.530900000000000E+051
  0.356270000000000       1.420800000000000E+052
  0.523520000000000       3.749900000000000E+052
  0.769310000000000       4.311400000000000E+053
   1.13050000000000       1.367700000000000E+054
   1.66120000000000       3.200700000000000E+054
   2.44110000000000       6.900200000000000E+054
   3.58720000000000       1.257100000000000E+055
   5.27120000000000       1.621700000000000E+055
   7.74600000000000       1.299000000000000E+055
   11.3830000000000       3.239100000000000E+054
   16.7260000000000       5.581400000000000E+052
   24.5790000000000       6.009300000000000E+049
   36.1180000000000       1.174700000000000E+046
   53.0750000000000       2.606800000000000E+031
   77.9920000000000       1.623800000000000E+032
   114.610000000000       5.801800000000000E+031
   168.410000000000       1.484600000000000E+018
   247.480000000000      -1.527200000000000E+018
