  0.100000000000000       1.540300000000000E+051
  0.242440000000000       5.370000000000000E+051
  0.356270000000000       1.374500000000000E+052
  0.523520000000000       3.614700000000000E+052
  0.769310000000000       4.127500000000000E+053
   1.13050000000000       1.307000000000000E+054
   1.66120000000000       3.030600000000000E+054
   2.44110000000000       6.487899999999999E+054
   3.58720000000000       1.163100000000000E+055
   5.27120000000000       1.462900000000000E+055
   7.74600000000000       1.144300000000000E+055
   11.3830000000000       2.755700000000000E+054
   16.7260000000000       4.697800000000000E+052
   24.5790000000000       4.978600000000000E+049
   36.1180000000000       9.466400000000000E+045
   53.0750000000000       2.608200000000000E+031
   77.9920000000000       1.651200000000000E+032
   114.610000000000       5.853700000000000E+031
   168.410000000000       1.652500000000000E+017
   247.480000000000      -1.093000000000000E+018
