  0.100000000000000       1.285800000000000E+051
  0.242440000000000       4.300700000000000E+051
  0.356270000000000       1.073700000000000E+052
  0.523520000000000       2.733000000000000E+052
  0.769310000000000       2.438100000000000E+053
   1.13050000000000       7.329700000000000E+053
   1.66120000000000       1.581300000000000E+054
   2.44110000000000       3.011200000000000E+054
   3.58720000000000       4.502400000000000E+054
   5.27120000000000       4.567000000000000E+054
   7.74600000000000       2.860000000000000E+054
   11.3830000000000       4.532500000000000E+053
   16.7260000000000       6.524400000000000E+051
   24.5790000000000       5.874200000000000E+048
   36.1180000000000       6.889800000000000E+044
   53.0750000000000       2.615500000000000E+031
   77.9920000000000       1.895700000000000E+032
   114.610000000000       6.471300000000000E+031
   168.410000000000       7.419500000000000E+017
   247.480000000000       1.905400000000000E+018
