  0.000000000000000E+000  0.000000000000000E+000
  5.000000000000000E-002  1.257338756177832E+044
  0.100000000000000       9.944551462430333E+045
  0.150000000000000       1.454442340897355E+047
  0.200000000000000       7.510108908545724E+047
  0.250000000000000       2.093773605551019E+048
  0.300000000000000       4.536325772910845E+048
  0.350000000000000       7.991623865572190E+048
  0.400000000000000       1.183878474955797E+049
  0.450000000000000       1.588775896757082E+049
  0.500000000000000       2.007002385147806E+049
  0.550000000000000       2.432271227179092E+049
  0.600000000000000       2.854605626087176E+049
  0.650000000000000       3.263821252932871E+049
  0.700000000000000       3.638704896604275E+049
  0.750000000000000       3.976218381242734E+049
  0.800000000000000       4.280609226839538E+049
  0.850000000000000       4.547261884014452E+049
  0.900000000000000       4.771818555471871E+049
  0.950000000000000       4.958932598028214E+049
   1.00000000000000       5.108399303246546E+049
   1.05000000000000       5.218248014449943E+049
   1.10000000000000       5.287327535269861E+049
   1.15000000000000       5.316403381026831E+049
   1.20000000000000       5.305306703050313E+049
   1.25000000000000       5.257414489228325E+049
   1.30000000000000       5.173530235638182E+049
   1.35000000000000       5.058681489517957E+049
   1.40000000000000       4.912714532516241E+049
   1.45000000000000       4.740908138856463E+049
   1.50000000000000       4.549421093124919E+049
   1.55000000000000       4.339108801353489E+049
   1.60000000000000       4.114544116581418E+049
   1.65000000000000       3.879765154749227E+049
   1.70000000000000       3.640371688639785E+049
   1.75000000000000       3.399213727062385E+049
   1.80000000000000       3.159559404285521E+049
   1.85000000000000       2.927060153387922E+049
   1.90000000000000       2.701044192223300E+049
   1.95000000000000       2.482246613013525E+049
   2.00000000000000       2.271893420985887E+049
   2.05000000000000       2.072972983423287E+049
   2.10000000000000       1.883665438690329E+049
   2.15000000000000       1.703643442998503E+049
   2.20000000000000       1.542594226497737E+049
   2.25000000000000       1.386605684003316E+049
   2.30000000000000       1.247879244592419E+049
   2.35000000000000       1.120087701312332E+049
   2.40000000000000       1.003370099203133E+049
   2.45000000000000       8.981911821583568E+048
   2.50000000000000       7.993103071595522E+048
   2.55000000000000       7.106146104757718E+048
   2.60000000000000       6.297569985563340E+048
   2.65000000000000       5.605513067112760E+048
   2.70000000000000       4.965092275405073E+048
   2.75000000000000       4.400613127503939E+048
   2.80000000000000       3.868971230835949E+048
   2.85000000000000       3.397228915668429E+048
   2.90000000000000       3.000544730296885E+048
   2.95000000000000       2.635605312529912E+048
   3.00000000000000       2.331349153285363E+048
   3.05000000000000       2.049271270769287E+048
   3.10000000000000       1.780577987918933E+048
   3.15000000000000       1.560751262664355E+048
   3.20000000000000       1.362436053327725E+048
   3.25000000000000       1.198971696209057E+048
   3.30000000000000       1.054720597652735E+048
   3.35000000000000       9.118678973851735E+047
   3.40000000000000       7.953364589592422E+047
   3.45000000000000       6.902488004837703E+047
   3.50000000000000       6.015391995671335E+047
   3.55000000000000       5.298176056018902E+047
   3.60000000000000       4.600153936736923E+047
   3.65000000000000       3.972497378814039E+047
   3.70000000000000       3.440889255037814E+047
   3.75000000000000       2.968412171235445E+047
   3.80000000000000       2.608579123839294E+047
   3.85000000000000       2.275850239003828E+047
   3.90000000000000       1.959702850685112E+047
   3.95000000000000       1.695270649140041E+047
   4.00000000000000       1.456904646527282E+047
   4.05000000000000       1.265796605577541E+047
   4.10000000000000       1.106573098277276E+047
   4.15000000000000       9.558388945042188E+046
   4.20000000000000       8.212006806116002E+046
   4.25000000000000       7.090414726023388E+046
   4.30000000000000       6.098528503723981E+046
   4.35000000000000       5.309350077233081E+046
   4.40000000000000       4.593798614711444E+046
   4.45000000000000       3.960941717764346E+046
   4.50000000000000       3.406361147143343E+046
   4.55000000000000       2.910341332142750E+046
   4.60000000000000       2.532057170538403E+046
   4.65000000000000       2.182370538663328E+046
   4.70000000000000       1.888454910978785E+046
   4.75000000000000       1.614338016195996E+046
   4.80000000000000       1.391198418389093E+046
   4.85000000000000       1.194604965878650E+046
   4.90000000000000       1.032144206626391E+046
   4.95000000000000       8.899958030326901E+045
   5.00000000000000       7.657438483095900E+045
   5.05000000000000       6.557980905546480E+045
   5.10000000000000       5.627374868609491E+045
   5.15000000000000       4.847189793145345E+045
   5.20000000000000       4.156525520969635E+045
   5.25000000000000       3.591401019929499E+045
   5.30000000000000       3.062552407626748E+045
   5.35000000000000       2.621006474699075E+045
   5.40000000000000       2.251750353029231E+045
   5.45000000000000       1.938098725460522E+045
   5.50000000000000       1.670823943806256E+045
   5.55000000000000       1.424351350714611E+045
   5.60000000000000       1.207720218035145E+045
   5.65000000000000       1.042385527613488E+045
   5.70000000000000       8.914198105524056E+044
   5.75000000000000       7.605533690524782E+044
   5.80000000000000       6.507566736793900E+044
   5.85000000000000       5.523000570374242E+044
   5.90000000000000       4.719218211319328E+044
   5.95000000000000       3.467497399243926E+044
   6.00000000000000       2.986800692131710E+044
   6.05000000000000       2.563941017187037E+044
   6.10000000000000       2.175670343712197E+044
   6.15000000000000       1.840743221234421E+044
   6.20000000000000       1.123605730374551E+044
   6.25000000000000       9.616780497297217E+043
   6.30000000000000       8.271912749493369E+043
   6.35000000000000       7.056833118768828E+043
   6.40000000000000       6.053512012406027E+043
   6.45000000000000       3.354974596721929E+043
   6.50000000000000       2.911742833419067E+043
   6.55000000000000       1.360273739851960E+043
   6.60000000000000       1.161468454599331E+043
   6.65000000000000       6.245269440711053E+042
   6.70000000000000       2.684808902661656E+041
   6.75000000000000       2.198292921838391E+041
   6.80000000000000       3.477000000000000E+039
   6.85000000000000       3.000400000000000E+039
   6.90000000000000       2.588700000000000E+039
   6.95000000000000       2.233200000000000E+039
   7.00000000000000       1.926100000000000E+039
   7.05000000000000       1.661000000000000E+039
   7.10000000000000       1.432100000000000E+039
   7.15000000000000       1.234600000000000E+039
   7.20000000000000       1.064100000000000E+039
   7.25000000000000       9.170400000000000E+038
   7.30000000000000       7.901700000000000E+038
   7.35000000000000       6.807500000000000E+038
   7.40000000000000       5.863900000000000E+038
   7.45000000000000       5.050400000000000E+038
   7.50000000000000       4.349100000000000E+038
   7.55000000000000       3.744600000000000E+038
   7.60000000000000       3.223700000000000E+038
   7.65000000000000       2.774800000000000E+038
   7.70000000000000       2.388100000000000E+038
   7.75000000000000       2.055000000000000E+038
   7.80000000000000       1.768100000000000E+038
   7.85000000000000       1.521100000000000E+038
   7.90000000000000       1.308400000000000E+038
   7.95000000000000       1.125300000000000E+038
   8.00000000000000       9.676799999999999E+037
   8.05000000000000       8.320400000000000E+037
   8.10000000000000       7.153200000000000E+037
   8.15000000000000       6.149000000000000E+037
   8.20000000000000       5.285100000000000E+037
   8.25000000000000       4.542000000000000E+037
   8.30000000000000       3.902900000000000E+037
   8.35000000000000       3.353400000000000E+037
   8.40000000000000       2.880800000000000E+037
   8.45000000000000       2.474600000000000E+037
   8.50000000000000       2.125400000000000E+037
   8.55000000000000       1.825300000000000E+037
   8.60000000000000       1.567400000000000E+037
   8.65000000000000       1.345700000000000E+037
   8.70000000000000       1.155300000000000E+037
   8.75000000000000       9.917300000000000E+036
   8.80000000000000       8.512100000000000E+036
   8.85000000000000       7.305300000000000E+036
   8.90000000000000       6.268900000000000E+036
   8.95000000000000       5.379000000000001E+036
   9.00000000000000       4.614900000000000E+036
   9.05000000000000       3.959000000000000E+036
   9.10000000000000       3.395900000000000E+036
   9.15000000000000       2.912700000000000E+036
   9.20000000000000       2.497900000000000E+036
   9.25000000000000       2.142000000000000E+036
   9.30000000000000       1.836700000000000E+036
   9.35000000000000       1.574700000000000E+036
   9.40000000000000       1.349900000000000E+036
   9.45000000000000       1.157200000000000E+036
   9.50000000000000       9.918300000000001E+035
   9.55000000000000       8.500300000000000E+035
   9.60000000000000       7.284500000000001E+035
   9.65000000000000       6.241900000000000E+035
   9.70000000000000       5.348100000000000E+035
   9.75000000000000       4.581900000000000E+035
   9.80000000000000       3.925100000000000E+035
   9.85000000000000       3.362200000000000E+035
   9.90000000000000       2.879800000000000E+035
   9.95000000000000       2.466300000000000E+035
   10.0000000000000       2.112100000000000E+035
   10.0500000000000       1.808600000000000E+035
   10.1000000000000       1.548500000000000E+035
   10.1500000000000       1.325800000000000E+035
   10.2000000000000       1.135000000000000E+035
   10.2500000000000       9.715800000000000E+034
   10.3000000000000       8.316200000000000E+034
   10.3500000000000       7.117700000000000E+034
   10.4000000000000       6.091500000000000E+034
   10.4500000000000       5.212800000000000E+034
   10.5000000000000       4.460500000000000E+034
   10.5500000000000       3.816500000000000E+034
   10.6000000000000       3.265300000000000E+034
   10.6500000000000       2.793400000000000E+034
   10.7000000000000       2.389600000000000E+034
   10.7500000000000       2.044000000000000E+034
   10.8000000000000       1.748300000000000E+034
   10.8500000000000       1.495200000000000E+034
   10.9000000000000       1.278700000000000E+034
   10.9500000000000       1.093400000000000E+034
   11.0000000000000       9.349700000000000E+033
   11.0500000000000       7.994100000000000E+033
   11.1000000000000       6.834600000000000E+033
   11.1500000000000       5.842900000000000E+033
   11.2000000000000       4.994800000000000E+033
   11.2500000000000       4.269500000000000E+033
   11.3000000000000       3.649200000000000E+033
   11.3500000000000       3.118900000000000E+033
   11.4000000000000       2.665500000000000E+033
   11.4500000000000       2.277800000000000E+033
   11.5000000000000       1.946400000000000E+033
   11.5500000000000       1.663100000000000E+033
   11.6000000000000       1.421000000000000E+033
   11.6500000000000       1.214000000000000E+033
   11.7000000000000       1.037200000000000E+033
   11.7500000000000       8.859900000000000E+032
   11.8000000000000       7.568100000000001E+032
   11.8500000000000       6.464300000000000E+032
   11.9000000000000       5.521200000000000E+032
   11.9500000000000       4.715400000000000E+032
   12.0000000000000       4.026900000000000E+032
   12.0500000000000       3.438800000000000E+032
   12.1000000000000       2.936400000000000E+032
   12.1500000000000       2.507200000000000E+032
   12.2000000000000       2.140700000000000E+032
   12.2500000000000       1.827700000000000E+032
   12.3000000000000       1.560300000000000E+032
   12.3500000000000       1.332000000000000E+032
   12.4000000000000       1.137000000000000E+032
   12.4500000000000       9.705099999999999E+031
   12.5000000000000       8.283599999999999E+031
   12.5500000000000       7.069900000000000E+031
   12.6000000000000       6.033800000000000E+031
   12.6500000000000       5.149200000000000E+031
   12.7000000000000       4.394100000000000E+031
   12.7500000000000       3.749500000000000E+031
   12.8000000000000       3.199300000000000E+031
   12.8500000000000       2.729800000000000E+031
   12.9000000000000       2.329000000000000E+031
   12.9500000000000       1.986900000000000E+031
   13.0000000000000       1.695100000000000E+031
   13.0500000000000       1.446000000000000E+031
   13.1000000000000       1.233400000000000E+031
   13.1500000000000       1.052100000000000E+031
   13.2000000000000       8.973700000000000E+030
   13.2500000000000       7.653599999999999E+030
   13.3000000000000       6.527499999999999E+030
   13.3500000000000       5.566700000000000E+030
   13.4000000000000       4.747200000000000E+030
   13.4500000000000       4.048100000000000E+030
   13.5000000000000       3.451800000000000E+030
   13.5500000000000       2.943200000000000E+030
   13.6000000000000       2.509500000000000E+030
   13.6500000000000       2.139500000000000E+030
   13.7000000000000       1.824100000000000E+030
   13.7500000000000       1.555000000000000E+030
   13.8000000000000       1.325600000000000E+030
   13.8500000000000       1.130000000000000E+030
   13.9000000000000       9.632200000000000E+029
   13.9500000000000       8.210200000000001E+029
   14.0000000000000       6.997800000000000E+029
   14.0500000000000       5.964200000000000E+029
   14.1000000000000       5.083000000000000E+029
   14.1500000000000       4.331900000000000E+029
   14.2000000000000       3.691600000000000E+029
   14.2500000000000       3.145800000000000E+029
   14.3000000000000       2.680600000000000E+029
   14.3500000000000       2.284100000000000E+029
   14.4000000000000       1.946200000000000E+029
   14.4500000000000       1.658200000000000E+029
   14.5000000000000       1.412800000000000E+029
   14.5500000000000       1.203600000000000E+029
   14.6000000000000       1.025400000000000E+029
   14.6500000000000       8.735200000000001E+028
   14.7000000000000       7.441200000000000E+028
   14.7500000000000       6.338600000000000E+028
   14.8000000000000       5.399200000000000E+028
   14.8500000000000       4.598800000000000E+028
   14.9000000000000       3.917000000000000E+028
   14.9500000000000       3.336100000000000E+028
   15.0000000000000       2.841200000000000E+028
   15.0500000000000       2.419700000000000E+028
   15.1000000000000       2.060600000000000E+028
   15.1500000000000       1.754800000000000E+028
   15.2000000000000       1.494300000000000E+028
   15.2500000000000       1.272400000000000E+028
   15.3000000000000       1.083500000000000E+028
   15.3500000000000       9.225200000000000E+027
   15.4000000000000       7.854600000000000E+027
   15.4500000000000       6.687500000000000E+027
   15.5000000000000       5.693500000000000E+027
   15.5500000000000       4.847200000000000E+027
   15.6000000000000       4.126500000000000E+027
   15.6500000000000       3.512800000000000E+027
   15.7000000000000       2.990300000000000E+027
   15.7500000000000       2.545500000000000E+027
   15.8000000000000       2.166700000000000E+027
   15.8500000000000       1.844300000000000E+027
   15.9000000000000       1.569700000000000E+027
   15.9500000000000       1.336000000000000E+027
   16.0000000000000       1.137100000000000E+027
   16.0500000000000       9.677600000000000E+026
   16.1000000000000       8.236000000000001E+026
   16.1500000000000       7.009000000000000E+026
   16.2000000000000       5.964600000000000E+026
   16.2500000000000       5.075700000000000E+026
   16.3000000000000       4.319100000000000E+026
   16.3500000000000       3.675200000000000E+026
   16.4000000000000       3.127200000000000E+026
   16.4500000000000       2.660800000000000E+026
   16.5000000000000       2.263900000000000E+026
   16.5500000000000       1.926200000000000E+026
   16.6000000000000       1.638700000000000E+026
   16.6500000000000       1.394200000000000E+026
   16.7000000000000       1.186100000000000E+026
   16.7500000000000       1.009000000000000E+026
   16.8000000000000       8.583700000000000E+025
   16.8500000000000       7.301800000000000E+025
   16.9000000000000       6.211300000000000E+025
   16.9500000000000       5.283400000000000E+025
   17.0000000000000       4.494000000000000E+025
   17.0500000000000       3.822500000000000E+025
   17.1000000000000       3.251200000000000E+025
   17.1500000000000       2.765200000000000E+025
   17.2000000000000       2.351900000000000E+025
   17.2500000000000       2.000200000000000E+025
   17.3000000000000       1.701100000000000E+025
   17.3500000000000       1.446700000000000E+025
   17.4000000000000       1.230300000000000E+025
   17.4500000000000       1.046200000000000E+025
   17.5000000000000       8.896500000000001E+024
   17.5500000000000       7.565100000000002E+024
   17.6000000000000       6.432800000000001E+024
   17.6500000000000       5.469800000000001E+024
   17.7000000000000       4.650900000000001E+024
   17.7500000000000       3.954400000000001E+024
   17.8000000000000       3.362200000000001E+024
   17.8500000000000       2.858600000000001E+024
   17.9000000000000       2.430400000000001E+024
   17.9500000000000       2.066200000000001E+024
   18.0000000000000       1.756600000000001E+024
   18.0500000000000       1.493400000000001E+024
   18.1000000000000       1.269500000000001E+024
   18.1500000000000       1.079200000000001E+024
   18.2000000000000       9.174000000000012E+023
   18.2500000000000       7.798400000000012E+023
   18.3000000000000       6.628800000000012E+023
   18.3500000000000       5.634600000000011E+023
   18.4000000000000       4.789300000000011E+023
   18.4500000000000       4.070800000000011E+023
   18.5000000000000       3.460000000000011E+023
   18.5500000000000       2.940700000000012E+023
   18.6000000000000       2.499400000000012E+023
   18.6500000000000       2.124200000000012E+023
   18.7000000000000       1.805300000000012E+023
   18.7500000000000       1.534200000000012E+023
   18.8000000000000       1.303800000000012E+023
   18.8500000000000       1.108000000000012E+023
   18.9000000000000       9.416000000000117E+022
   18.9500000000000       8.001500000000118E+022
   19.0000000000000       6.799400000000117E+022
   19.0500000000000       5.777700000000117E+022
   19.1000000000000       4.909400000000118E+022
   19.1500000000000       4.171600000000118E+022
   19.2000000000000       3.544500000000117E+022
   19.2500000000000       3.011700000000117E+022
   19.3000000000000       2.558900000000117E+022
   19.3500000000000       2.174100000000117E+022
   19.4000000000000       1.847200000000117E+022
   19.4500000000000       1.569300000000117E+022
   19.5000000000000       1.333300000000117E+022
   19.5500000000000       1.132700000000117E+022
   19.6000000000000       9.622800000001170E+021
   19.6500000000000       8.174800000001171E+021
   19.7000000000000       6.944600000001172E+021
   19.7500000000000       5.899400000001171E+021
   19.8000000000000       5.011400000001171E+021
   19.8500000000000       4.257000000001171E+021
   19.9000000000000       3.616000000001171E+021
   19.9500000000000       3.071600000001171E+021
   20.0000000000000       2.609000000001171E+021
   20.0500000000000       2.216100000001171E+021
   20.1000000000000       1.882300000001171E+021
   20.1500000000000       1.598700000001171E+021
   20.2000000000000       1.357900000001171E+021
   20.2500000000000       1.153300000001171E+021
   20.3000000000000       9.794900000011709E+020
   20.3500000000000       8.318800000011710E+020
   20.4000000000000       7.065000000011710E+020
   20.4500000000000       6.000000000011710E+020
   20.5000000000000       5.095500000011711E+020
   20.5500000000000       4.327300000011711E+020
   20.6000000000000       3.674800000011711E+020
   20.6500000000000       3.120600000011711E+020
   20.7000000000000       2.650000000011710E+020
   20.7500000000000       2.250300000011710E+020
   20.8000000000000       1.910800000011710E+020
   20.8500000000000       1.622600000011710E+020
   20.9000000000000       1.377800000011710E+020
   20.9500000000000       1.169900000011710E+020
   21.0000000000000       9.933300000117105E+019
   21.0500000000000       8.434200000117105E+019
   21.1000000000000       7.161100000117105E+019
   21.1500000000000       6.080200000117105E+019
   21.2000000000000       5.162300000117105E+019
   21.2500000000000       4.382900000117105E+019
   21.3000000000000       3.721100000117105E+019
   21.3500000000000       3.159200000117104E+019
   21.4000000000000       2.682100000117104E+019
   21.4500000000000       2.277000000117104E+019
   21.5000000000000       1.933000000117104E+019
   21.5500000000000       1.641000000117104E+019
   21.6000000000000       1.393100000117104E+019
   21.6500000000000       1.182600000117104E+019
   21.7000000000000       1.003900000117104E+019
   21.7500000000000       8.521900001171044E+018
   21.8000000000000       7.233900001171044E+018
   21.8500000000000       6.140500001171044E+018
   21.9000000000000       5.212300001171044E+018
   21.9500000000000       4.424300001171044E+018
   22.0000000000000       3.755400001171044E+018
   22.0500000000000       3.187600001171044E+018
   22.1000000000000       2.705600001171044E+018
   22.1500000000000       2.296400001171044E+018
   22.2000000000000       1.949100001171044E+018
   22.2500000000000       1.654300001171044E+018
   22.3000000000000       1.404000001171044E+018
   22.3500000000000       1.191600001171044E+018
   22.4000000000000       1.011300001171044E+018
   22.4500000000000       8.583100011710441E+017
   22.5000000000000       7.284300011710441E+017
   22.5500000000000       6.181900011710441E+017
   22.6000000000000       5.246300011710440E+017
   22.6500000000000       4.452200011710440E+017
   22.7000000000000       3.778300011710440E+017
   22.7500000000000       3.206300011710440E+017
   22.8000000000000       2.720900011710441E+017
   22.8500000000000       2.308900011710441E+017
   22.9000000000000       1.959300011710441E+017
   22.9500000000000       1.662600011710441E+017
   23.0000000000000       1.410800011710440E+017
   23.0500000000000       1.197100011710440E+017
   23.1000000000000       1.015800011710440E+017
   23.1500000000000       8.619000117104405E+016
   23.2000000000000       7.313200117104405E+016
   23.2500000000000       6.205200117104406E+016
   23.3000000000000       5.265000117104406E+016
   23.3500000000000       4.467200117104406E+016
   23.4000000000000       3.790200117104406E+016
   23.4500000000000       3.215800117104405E+016
   23.5000000000000       2.728400117104405E+016
   23.5500000000000       2.314800117104405E+016
   23.6000000000000       1.963900117104405E+016
   23.6500000000000       1.666200117104405E+016
   23.7000000000000       1.413500117104405E+016
   23.7500000000000       1.199200117104405E+016
   23.8000000000000       1.017400117104405E+016
   23.8500000000000       8.630801171044053E+015
   23.9000000000000       7.321901171044053E+015
   23.9500000000000       6.211401171044053E+015
   24.0000000000000       5.269201171044053E+015
   24.0500000000000       4.469901171044054E+015
   24.1000000000000       3.791801171044054E+015
   24.1500000000000       3.216501171044054E+015
   24.2000000000000       2.728501171044054E+015
   24.2500000000000       2.314501171044054E+015
   24.3000000000000       1.963201171044053E+015
   24.3500000000000       1.665301171044053E+015
   24.4000000000000       1.412601171044053E+015
   24.4500000000000       1.198201171044053E+015
   24.5000000000000       1.016301171044053E+015
   24.5500000000000        862011171044053.     
   24.6000000000000        731151171044053.     
   24.6500000000000        620141171044053.     
   24.7000000000000        525981171044053.     
   24.7500000000000        446111171044053.     
   24.8000000000000        378371171044053.     
   24.8500000000000        320911171044053.     
   24.9000000000000        272171171044053.     
   24.9500000000000        230831171044053.     
   25.0000000000000        195771171044053.     
