  0.000000000000000E+000  0.000000000000000E+000
  5.000000000000000E-002  4.137025781327550E+046
  0.100000000000000       3.307591197879967E+047
  0.150000000000000       2.760989772934859E+048
  0.200000000000000       1.269596827272524E+049
  0.250000000000000       3.776863923014914E+049
  0.300000000000000       8.270110252230363E+049
  0.350000000000000       1.409090358203726E+050
  0.400000000000000       2.082274646435813E+050
  0.450000000000000       2.822455897524360E+050
  0.500000000000000       3.581473135107795E+050
  0.550000000000000       4.350090195720912E+050
  0.600000000000000       5.092139470136734E+050
  0.650000000000000       5.783676612486311E+050
  0.700000000000000       6.417726961392070E+050
  0.750000000000000       6.983873225907578E+050
  0.800000000000000       7.468170621696555E+050
  0.850000000000000       7.870444477693401E+050
  0.900000000000000       8.187806632658042E+050
  0.950000000000000       8.417444792208079E+050
   1.00000000000000       8.561287812892258E+050
   1.05000000000000       8.649039626412605E+050
   1.10000000000000       8.677280758496286E+050
   1.15000000000000       8.645577992262714E+050
   1.20000000000000       8.559801668621485E+050
   1.25000000000000       8.436803707406783E+050
   1.30000000000000       8.273372054428659E+050
   1.35000000000000       8.072919128894566E+050
   1.40000000000000       7.842704748011650E+050
   1.45000000000000       7.589223868103381E+050
   1.50000000000000       7.320445234018009E+050
   1.55000000000000       7.035656632768592E+050
   1.60000000000000       6.744206251840736E+050
   1.65000000000000       6.441117369890720E+050
   1.70000000000000       6.134871517393725E+050
   1.75000000000000       5.826940594393899E+050
   1.80000000000000       5.516941650458846E+050
   1.85000000000000       5.215975965814242E+050
   1.90000000000000       4.919320109615141E+050
   1.95000000000000       4.630277332981873E+050
   2.00000000000000       4.351245920547442E+050
   2.05000000000000       4.083303338296336E+050
   2.10000000000000       3.825233759854079E+050
   2.15000000000000       3.581829467247269E+050
   2.20000000000000       3.352125665665638E+050
   2.25000000000000       3.125858412210717E+050
   2.30000000000000       2.913947265999006E+050
   2.35000000000000       2.709221011132722E+050
   2.40000000000000       2.512801620508856E+050
   2.45000000000000       2.336056894673540E+050
   2.50000000000000       2.165105176644145E+050
   2.55000000000000       2.007178756464920E+050
   2.60000000000000       1.857524438968586E+050
   2.65000000000000       1.716817095153751E+050
   2.70000000000000       1.584054495479437E+050
   2.75000000000000       1.461932527958870E+050
   2.80000000000000       1.345558703793224E+050
   2.85000000000000       1.234961162340899E+050
   2.90000000000000       1.135229718757002E+050
   2.95000000000000       1.046474002647250E+050
   3.00000000000000       9.624302873065248E+049
   3.05000000000000       8.837473914831004E+049
   3.10000000000000       8.096666195950020E+049
   3.15000000000000       7.396038485444940E+049
   3.20000000000000       6.727911759301139E+049
   3.25000000000000       6.145603087631167E+049
   3.30000000000000       5.631237923238096E+049
   3.35000000000000       5.172225546784826E+049
   3.40000000000000       4.722437519237945E+049
   3.45000000000000       4.313069754326300E+049
   3.50000000000000       3.913446523130582E+049
   3.55000000000000       3.532548528389362E+049
   3.60000000000000       3.203663852158348E+049
   3.65000000000000       2.930560314414731E+049
   3.70000000000000       2.676074960348449E+049
   3.75000000000000       2.436870130329180E+049
   3.80000000000000       2.217671293610832E+049
   3.85000000000000       2.001378689295090E+049
   3.90000000000000       1.796920987153388E+049
   3.95000000000000       1.622542189847015E+049
   4.00000000000000       1.478344904858501E+049
   4.05000000000000       1.341360391086051E+049
   4.10000000000000       1.218061092812099E+049
   4.15000000000000       1.104438066835520E+049
   4.20000000000000       9.919461093754869E+048
   4.25000000000000       8.893795645535703E+048
   4.30000000000000       8.020595478476864E+048
   4.35000000000000       7.256972792635816E+048
   4.40000000000000       6.558689578846472E+048
   4.45000000000000       5.925469532796572E+048
   4.50000000000000       5.341735292249077E+048
   4.55000000000000       4.806094668744998E+048
   4.60000000000000       4.293343610877322E+048
   4.65000000000000       3.867804200101293E+048
   4.70000000000000       3.483556487151670E+048
   4.75000000000000       3.134065768254319E+048
   4.80000000000000       2.817868120386646E+048
   4.85000000000000       2.532895904587669E+048
   4.90000000000000       2.275561768686356E+048
   4.95000000000000       2.031188338073368E+048
   5.00000000000000       1.827844056496027E+048
   5.05000000000000       1.638930621357433E+048
   5.10000000000000       1.470998237858133E+048
   5.15000000000000       1.318148791074674E+048
   5.20000000000000       1.180471224274076E+048
   5.25000000000000       1.056111071012301E+048
   5.30000000000000       9.444785164124376E+047
   5.35000000000000       8.485560101533566E+047
   5.40000000000000       7.580191586487253E+047
   5.45000000000000       6.803493949856053E+047
   5.50000000000000       6.085651955976395E+047
   5.55000000000000       5.429770081655414E+047
   5.60000000000000       4.829277809269890E+047
   5.65000000000000       4.324130044390881E+047
   5.70000000000000       3.879061630105663E+047
   5.75000000000000       3.456555433393065E+047
   5.80000000000000       3.098750124516474E+047
   5.85000000000000       2.774409935057795E+047
   5.90000000000000       2.463973608759295E+047
   5.95000000000000       2.184579224556922E+047
   6.00000000000000       1.952380494301560E+047
   6.05000000000000       1.750574885506482E+047
   6.10000000000000       1.556846480986533E+047
   6.15000000000000       1.395708286484086E+047
   6.20000000000000       1.249002575630012E+047
   6.25000000000000       1.105931029403515E+047
   6.30000000000000       9.814692188537671E+046
   6.35000000000000       8.712378195021422E+046
   6.40000000000000       7.804695321782200E+046
   6.45000000000000       6.951948298454337E+046
   6.50000000000000       6.217995433297639E+046
   6.55000000000000       5.559286972318171E+046
   6.60000000000000       4.930535206430890E+046
   6.65000000000000       4.367641036764454E+046
   6.70000000000000       3.751378026041855E+046
   6.75000000000000       3.356098309712480E+046
   6.80000000000000       3.001508713074261E+046
   6.85000000000000       2.687500933775713E+046
   6.90000000000000       2.355307265134213E+046
   6.95000000000000       2.095441566652926E+046
   7.00000000000000       1.849008951639870E+046
   7.05000000000000       1.617303443053882E+046
   7.10000000000000       1.440805425089781E+046
   7.15000000000000       1.273094996109234E+046
   7.20000000000000       1.140066991641810E+046
   7.25000000000000       1.021442513835157E+046
   7.30000000000000       9.100244284701573E+045
   7.35000000000000       8.004278945150472E+045
   7.40000000000000       7.037358444772954E+045
   7.45000000000000       6.127099016911972E+045
   7.50000000000000       5.513317490526179E+045
   7.55000000000000       4.933641285519292E+045
   7.60000000000000       4.099483850248328E+045
   7.65000000000000       3.661105787072010E+045
   7.70000000000000       3.222602081915809E+045
   7.75000000000000       2.832320268090934E+045
   7.80000000000000       2.133433791498336E+045
   7.85000000000000       1.913030960810653E+045
   7.90000000000000       1.712283168948997E+045
   7.95000000000000       1.538811104760102E+045
   8.00000000000000       1.379712119221066E+045
   8.05000000000000       1.221044457753243E+045
   8.10000000000000       1.075472085473041E+045
   8.15000000000000       8.703032320213889E+044
   8.20000000000000       7.700990556191289E+044
   8.25000000000000       6.910581298926931E+044
   8.30000000000000       5.604039248746441E+044
   8.35000000000000       5.018538995955172E+044
   8.40000000000000       4.448641858158207E+044
   8.45000000000000       3.750744932657932E+044
   8.50000000000000       3.312290173559996E+044
   8.55000000000000       2.723221952872562E+044
   8.60000000000000       2.351056392589978E+044
   8.65000000000000       2.119089478611332E+044
   8.70000000000000       1.512197074061735E+044
   8.75000000000000       1.345422222056232E+044
   8.80000000000000       1.178807904638023E+044
   8.85000000000000       5.828403093007088E+043
   8.90000000000000       4.983289237920692E+043
   8.95000000000000       4.405305425154176E+043
   9.00000000000000       4.040364295289903E+043
   9.05000000000000       3.677135111037369E+043
   9.10000000000000       3.315417935536092E+043
   9.15000000000000       2.955041966550539E+043
   9.20000000000000       2.595851954314180E+043
   9.25000000000000       2.237706061862427E+043
   9.30000000000000       1.047954571052229E+043
   9.35000000000000       2.619285635585451E+042
   9.40000000000000       2.377346607954308E+042
   9.45000000000000       2.142054127145721E+042
   9.50000000000000       1.912657712856385E+042
   9.55000000000000       1.688486723290436E+042
   9.60000000000000       1.468950258167003E+042
   9.65000000000000       1.038278108223069E+042
   9.70000000000000       2.224500000000000E+041
   9.75000000000000       1.970800000000000E+041
   9.80000000000000       1.745800000000000E+041
   9.85000000000000       1.546400000000000E+041
   9.90000000000000       1.369700000000000E+041
   9.95000000000000       1.213100000000000E+041
   10.0000000000000       1.074300000000000E+041
   10.0500000000000       9.512600000000000E+040
   10.1000000000000       8.422800000000000E+040
   10.1500000000000       7.457400000000000E+040
   10.2000000000000       6.602100000000000E+040
   10.2500000000000       5.844400000000000E+040
   10.3000000000000       5.173300000000000E+040
   10.3500000000000       4.579000000000000E+040
   10.4000000000000       4.052600000000000E+040
   10.4500000000000       3.586500000000000E+040
   10.5000000000000       3.173800000000000E+040
   10.5500000000000       2.808400000000000E+040
   10.6000000000000       2.484900000000000E+040
   10.6500000000000       2.198500000000000E+040
   10.7000000000000       1.944900000000000E+040
   10.7500000000000       1.720500000000000E+040
   10.8000000000000       1.521900000000000E+040
   10.8500000000000       1.346200000000000E+040
   10.9000000000000       1.190600000000000E+040
   10.9500000000000       1.053000000000000E+040
   11.0000000000000       9.311800000000000E+039
   11.0500000000000       8.234300000000000E+039
   11.1000000000000       7.281000000000001E+039
   11.1500000000000       6.437700000000000E+039
   11.2000000000000       5.691700000000000E+039
   11.2500000000000       5.031800000000000E+039
   11.3000000000000       4.448200000000000E+039
   11.3500000000000       3.932000000000000E+039
   11.4000000000000       3.475600000000000E+039
   11.4500000000000       3.071900000000000E+039
   11.5000000000000       2.715000000000000E+039
   11.5500000000000       2.399400000000000E+039
   11.6000000000000       2.120400000000000E+039
   11.6500000000000       1.873700000000000E+039
   11.7000000000000       1.655600000000000E+039
   11.7500000000000       1.462800000000000E+039
   11.8000000000000       1.292400000000000E+039
   11.8500000000000       1.141800000000000E+039
   11.9000000000000       1.008700000000000E+039
   11.9500000000000       8.910600000000000E+038
   12.0000000000000       7.871000000000001E+038
   12.0500000000000       6.952299999999999E+038
   12.1000000000000       6.140600000000000E+038
   12.1500000000000       5.423300000000000E+038
   12.2000000000000       4.789600000000000E+038
   12.2500000000000       4.229700000000000E+038
   12.3000000000000       3.735100000000000E+038
   12.3500000000000       3.298200000000000E+038
   12.4000000000000       2.912200000000000E+038
   12.4500000000000       2.571300000000000E+038
   12.5000000000000       2.270200000000000E+038
   12.5500000000000       2.004200000000000E+038
   12.6000000000000       1.769400000000000E+038
   12.6500000000000       1.561900000000000E+038
   12.7000000000000       1.378800000000000E+038
   12.7500000000000       1.217000000000000E+038
   12.8000000000000       1.074200000000000E+038
   12.8500000000000       9.481100000000000E+037
   12.9000000000000       8.367800000000000E+037
   12.9500000000000       7.384800000000000E+037
   13.0000000000000       6.517100000000000E+037
   13.0500000000000       5.751100000000000E+037
   13.1000000000000       5.074900000000000E+037
   13.1500000000000       4.478000000000000E+037
   13.2000000000000       3.951200000000000E+037
   13.2500000000000       3.486200000000000E+037
   13.3000000000000       3.075800000000000E+037
   13.3500000000000       2.713600000000000E+037
   13.4000000000000       2.393900000000000E+037
   13.4500000000000       2.111800000000000E+037
   13.5000000000000       1.862900000000000E+037
   13.5500000000000       1.643300000000000E+037
   13.6000000000000       1.449500000000000E+037
   13.6500000000000       1.278500000000000E+037
   13.7000000000000       1.127600000000000E+037
   13.7500000000000       9.945400000000000E+036
   13.8000000000000       8.771200000000000E+036
   13.8500000000000       7.735300000000000E+036
   13.9000000000000       6.821600000000000E+036
   13.9500000000000       6.015500000000000E+036
   14.0000000000000       5.304500000000000E+036
   14.0500000000000       4.677400000000000E+036
   14.1000000000000       4.124200000000000E+036
   14.1500000000000       3.636400000000000E+036
   14.2000000000000       3.206100000000000E+036
   14.2500000000000       2.826700000000000E+036
   14.3000000000000       2.492100000000000E+036
   14.3500000000000       2.197000000000000E+036
   14.4000000000000       1.936800000000000E+036
   14.4500000000000       1.707300000000000E+036
   14.5000000000000       1.505000000000000E+036
   14.5500000000000       1.326600000000000E+036
   14.6000000000000       1.169400000000000E+036
   14.6500000000000       1.030700000000000E+036
   14.7000000000000       9.084500000000000E+035
   14.7500000000000       8.006800000000001E+035
   14.8000000000000       7.056700000000000E+035
   14.8500000000000       6.219100000000000E+035
   14.9000000000000       5.480800000000000E+035
   14.9500000000000       4.829900000000000E+035
   15.0000000000000       4.256300000000000E+035
   15.0500000000000       3.750600000000000E+035
   15.1000000000000       3.305000000000000E+035
   15.1500000000000       2.912200000000000E+035
   15.2000000000000       2.566000000000000E+035
   15.2500000000000       2.260900000000000E+035
   15.3000000000000       1.992000000000000E+035
   15.3500000000000       1.755000000000000E+035
   15.4000000000000       1.546200000000000E+035
   15.4500000000000       1.362200000000000E+035
   15.5000000000000       1.200100000000000E+035
   15.5500000000000       1.057200000000000E+035
   15.6000000000000       9.313300000000000E+034
   15.6500000000000       8.204100000000000E+034
   15.7000000000000       7.226800000000000E+034
   15.7500000000000       6.365800000000000E+034
   15.8000000000000       5.607200000000000E+034
   15.8500000000000       4.938900000000000E+034
   15.9000000000000       4.350100000000000E+034
   15.9500000000000       3.831400000000000E+034
   16.0000000000000       3.374500000000000E+034
   16.0500000000000       2.972000000000000E+034
   16.1000000000000       2.617400000000000E+034
   16.1500000000000       2.305100000000000E+034
   16.2000000000000       2.030000000000000E+034
   16.2500000000000       1.787700000000000E+034
   16.3000000000000       1.574200000000000E+034
   16.3500000000000       1.386200000000000E+034
   16.4000000000000       1.220700000000000E+034
   16.4500000000000       1.074900000000000E+034
   16.5000000000000       9.464500000000000E+033
   16.5500000000000       8.333600000000000E+033
   16.6000000000000       7.337600000000000E+033
   16.6500000000000       6.460500000000000E+033
   16.7000000000000       5.688100000000000E+033
   16.7500000000000       5.008000000000000E+033
   16.8000000000000       4.409100000000000E+033
   16.8500000000000       3.881700000000000E+033
   16.9000000000000       3.417300000000000E+033
   16.9500000000000       3.008400000000000E+033
   17.0000000000000       2.648400000000000E+033
   17.0500000000000       2.331400000000000E+033
   17.1000000000000       2.052300000000000E+033
   17.1500000000000       1.806600000000000E+033
   17.2000000000000       1.590300000000000E+033
   17.2500000000000       1.399800000000000E+033
   17.3000000000000       1.232200000000000E+033
   17.3500000000000       1.084500000000000E+033
   17.4000000000000       9.546000000000000E+032
   17.4500000000000       8.402000000000000E+032
   17.5000000000000       7.394999999999999E+032
   17.5500000000000       6.508600000000000E+032
   17.6000000000000       5.728300000000000E+032
   17.6500000000000       5.041400000000000E+032
   17.7000000000000       4.436900000000000E+032
   17.7500000000000       3.904700000000000E+032
   17.8000000000000       3.436300000000000E+032
   17.8500000000000       3.024100000000000E+032
   17.9000000000000       2.661200000000000E+032
   17.9500000000000       2.341900000000000E+032
   18.0000000000000       2.060800000000000E+032
   18.0500000000000       1.813400000000000E+032
   18.1000000000000       1.595700000000000E+032
   18.1500000000000       1.404100000000000E+032
   18.2000000000000       1.235500000000000E+032
   18.2500000000000       1.087100000000000E+032
   18.3000000000000       9.565600000000001E+031
   18.3500000000000       8.416500000000000E+031
   18.4000000000000       7.405300000000000E+031
   18.4500000000000       6.515500000000000E+031
   18.5000000000000       5.732500000000000E+031
   18.5500000000000       5.043500000000000E+031
   18.6000000000000       4.437300000000000E+031
   18.6500000000000       3.903800000000000E+031
   18.7000000000000       3.434500000000000E+031
   18.7500000000000       3.021500000000000E+031
   18.8000000000000       2.658100000000000E+031
   18.8500000000000       2.338400000000000E+031
   18.9000000000000       2.057100000000000E+031
   18.9500000000000       1.809600000000000E+031
   19.0000000000000       1.591900000000000E+031
   19.0500000000000       1.400400000000000E+031
   19.1000000000000       1.231800000000000E+031
   19.1500000000000       1.083600000000000E+031
   19.2000000000000       9.531400000000000E+030
   19.2500000000000       8.384000000000000E+030
   19.3000000000000       7.374600000000001E+030
   19.3500000000000       6.486600000000000E+030
   19.4000000000000       5.705400000000001E+030
   19.4500000000000       5.018300000000000E+030
   19.5000000000000       4.413900000000000E+030
   19.5500000000000       3.882200000000000E+030
   19.6000000000000       3.414500000000000E+030
   19.6500000000000       3.003100000000000E+030
   19.7000000000000       2.641200000000000E+030
   19.7500000000000       2.322900000000000E+030
   19.8000000000000       2.042900000000000E+030
   19.8500000000000       1.796700000000000E+030
   19.9000000000000       1.580100000000000E+030
   19.9500000000000       1.389600000000000E+030
   20.0000000000000       1.222100000000000E+030
   20.0500000000000       1.074700000000000E+030
   20.1000000000000       9.451000000000000E+029
   20.1500000000000       8.311100000000000E+029
   20.2000000000000       7.308700000000000E+029
   20.2500000000000       6.427000000000000E+029
   20.3000000000000       5.651700000000000E+029
   20.3500000000000       4.969800000000000E+029
   20.4000000000000       4.370100000000000E+029
   20.4500000000000       3.842800000000000E+029
   20.5000000000000       3.379000000000000E+029
   20.5500000000000       2.971200000000000E+029
   20.6000000000000       2.612500000000000E+029
   20.6500000000000       2.297200000000000E+029
   20.7000000000000       2.019800000000000E+029
   20.7500000000000       1.776000000000000E+029
   20.8000000000000       1.561500000000000E+029
   20.8500000000000       1.372900000000000E+029
   20.9000000000000       1.207100000000000E+029
   20.9500000000000       1.061300000000000E+029
   21.0000000000000       9.331400000000000E+028
   21.0500000000000       8.204099999999999E+028
   21.1000000000000       7.213000000000000E+028
   21.1500000000000       6.341500000000000E+028
   21.2000000000000       5.575300000000000E+028
   21.2500000000000       4.901600000000000E+028
   21.3000000000000       4.309200000000000E+028
   21.3500000000000       3.788400000000000E+028
   21.4000000000000       3.330500000000000E+028
   21.4500000000000       2.927900000000000E+028
   21.5000000000000       2.574000000000000E+028
   21.5500000000000       2.262800000000000E+028
   21.6000000000000       1.989200000000000E+028
   21.6500000000000       1.748700000000000E+028
   21.7000000000000       1.537200000000000E+028
   21.7500000000000       1.351300000000000E+028
   21.8000000000000       1.187900000000000E+028
   21.8500000000000       1.044200000000000E+028
   21.9000000000000       9.179000000000000E+027
   21.9500000000000       8.068600000000000E+027
   22.0000000000000       7.092500000000001E+027
   22.0500000000000       6.234400000000000E+027
   22.1000000000000       5.480100000000000E+027
   22.1500000000000       4.816900000000000E+027
   22.2000000000000       4.234000000000000E+027
   22.2500000000000       3.721600000000000E+027
   22.3000000000000       3.271200000000000E+027
   22.3500000000000       2.875300000000000E+027
   22.4000000000000       2.527200000000000E+027
   22.4500000000000       2.221300000000000E+027
   22.5000000000000       1.952400000000000E+027
   22.5500000000000       1.716000000000000E+027
   22.6000000000000       1.508200000000000E+027
   22.6500000000000       1.325600000000000E+027
   22.7000000000000       1.165100000000000E+027
   22.7500000000000       1.024000000000000E+027
   22.8000000000000       8.999600000000000E+026
   22.8500000000000       7.909600000000001E+026
   22.9000000000000       6.951500000000001E+026
   22.9500000000000       6.109500000000000E+026
   23.0000000000000       5.369400000000000E+026
   23.0500000000000       4.718900000000000E+026
   23.1000000000000       4.147100000000000E+026
   23.1500000000000       3.644700000000000E+026
   23.2000000000000       3.203000000000000E+026
   23.2500000000000       2.814900000000000E+026
   23.3000000000000       2.473800000000000E+026
   23.3500000000000       2.174000000000000E+026
   23.4000000000000       1.910500000000000E+026
   23.4500000000000       1.678900000000000E+026
   23.5000000000000       1.475400000000000E+026
   23.5500000000000       1.296500000000000E+026
   23.6000000000000       1.139400000000000E+026
   23.6500000000000       1.001200000000000E+026
   23.7000000000000       8.798399999999999E+025
   23.7500000000000       7.731500000000000E+025
   23.8000000000000       6.794000000000000E+025
   23.8500000000000       5.970200000000000E+025
   23.9000000000000       5.246200000000000E+025
   23.9500000000000       4.609900000000000E+025
   24.0000000000000       4.050800000000000E+025
   24.0500000000000       3.559500000000000E+025
   24.1000000000000       3.127700000000000E+025
   24.1500000000000       2.748300000000000E+025
   24.2000000000000       2.414900000000000E+025
   24.2500000000000       2.121900000000000E+025
   24.3000000000000       1.864500000000000E+025
   24.3500000000000       1.638300000000000E+025
   24.4000000000000       1.439500000000000E+025
   24.4500000000000       1.264800000000000E+025
   24.5000000000000       1.111300000000000E+025
   24.5500000000000       9.764700000000001E+024
   24.6000000000000       8.579600000000001E+024
   24.6500000000000       7.538300000000001E+024
   24.7000000000000       6.623400000000001E+024
   24.7500000000000       5.819400000000001E+024
   24.8000000000000       5.113000000000001E+024
   24.8500000000000       4.492300000000001E+024
   24.9000000000000       3.947000000000001E+024
   24.9500000000000       3.467800000000001E+024
   25.0000000000000       3.046800000000001E+024
