  0.000000000000000E+000  0.000000000000000E+000
  5.000000000000000E-002  3.057258092930483E+044
  0.100000000000000       3.228588201968505E+046
  0.150000000000000       3.981087466502089E+047
  0.200000000000000       2.445236780766458E+048
  0.250000000000000       7.029948555157232E+048
  0.300000000000000       1.340248471877726E+049
  0.350000000000000       2.234526821637561E+049
  0.400000000000000       3.422361802620079E+049
  0.450000000000000       4.745770549209620E+049
  0.500000000000000       6.079470670528207E+049
  0.550000000000000       7.353963951706714E+049
  0.600000000000000       8.548313567694891E+049
  0.650000000000000       9.641193305368146E+049
  0.700000000000000       1.061370240592157E+050
  0.750000000000000       1.149432397906505E+050
  0.800000000000000       1.222289702048794E+050
  0.850000000000000       1.286225008921068E+050
  0.900000000000000       1.336932583751047E+050
  0.950000000000000       1.379280550542717E+050
   1.00000000000000       1.412492109954379E+050
   1.05000000000000       1.437232212490351E+050
   1.10000000000000       1.455331238690096E+050
   1.15000000000000       1.467311765966253E+050
   1.20000000000000       1.473304896656422E+050
   1.25000000000000       1.473595303367893E+050
   1.30000000000000       1.469259650213147E+050
   1.35000000000000       1.460232715260914E+050
   1.40000000000000       1.446318448986183E+050
   1.45000000000000       1.427826094658084E+050
   1.50000000000000       1.404822211515955E+050
   1.55000000000000       1.376892996252482E+050
   1.60000000000000       1.346017977531850E+050
   1.65000000000000       1.311331780523206E+050
   1.70000000000000       1.273307397277943E+050
   1.75000000000000       1.232447921323440E+050
   1.80000000000000       1.189073971362050E+050
   1.85000000000000       1.143240194370245E+050
   1.90000000000000       1.096288157575568E+050
   1.95000000000000       1.048161222735002E+050
   2.00000000000000       9.987524219839924E+049
   2.05000000000000       9.485278249461176E+049
   2.10000000000000       8.989026063842702E+049
   2.15000000000000       8.493169214358960E+049
   2.20000000000000       8.011776986171828E+049
   2.25000000000000       7.545898232810459E+049
   2.30000000000000       7.084519664098929E+049
   2.35000000000000       6.640778433354287E+049
   2.40000000000000       6.202084818585283E+049
   2.45000000000000       5.783709369706351E+049
   2.50000000000000       5.377561663163488E+049
   2.55000000000000       4.984896906458071E+049
   2.60000000000000       4.611404589703024E+049
   2.65000000000000       4.263289923259998E+049
   2.70000000000000       3.934631156134057E+049
   2.75000000000000       3.626768799693932E+049
   2.80000000000000       3.339213374963760E+049
   2.85000000000000       3.060180657265208E+049
   2.90000000000000       2.792619793696883E+049
   2.95000000000000       2.550848741722837E+049
   3.00000000000000       2.326952480307085E+049
   3.05000000000000       2.121149370520346E+049
   3.10000000000000       1.939495132106339E+049
   3.15000000000000       1.762684369903911E+049
   3.20000000000000       1.595357635596550E+049
   3.25000000000000       1.447810805790289E+049
   3.30000000000000       1.311272304752377E+049
   3.35000000000000       1.184005297454035E+049
   3.40000000000000       1.076901407418167E+049
   3.45000000000000       9.712288656308084E+048
   3.50000000000000       8.738661859575169E+048
   3.55000000000000       7.885928719754160E+048
   3.60000000000000       7.098727986654731E+048
   3.65000000000000       6.391971006012633E+048
   3.70000000000000       5.750379870447681E+048
   3.75000000000000       5.181717490544451E+048
   3.80000000000000       4.627799473921290E+048
   3.85000000000000       4.145280245703545E+048
   3.90000000000000       3.718228199499627E+048
   3.95000000000000       3.342237883293407E+048
   4.00000000000000       2.993184194473192E+048
   4.05000000000000       2.682523121036810E+048
   4.10000000000000       2.399560690792352E+048
   4.15000000000000       2.124100324248036E+048
   4.20000000000000       1.900208041100942E+048
   4.25000000000000       1.699669780781193E+048
   4.30000000000000       1.525891480339294E+048
   4.35000000000000       1.355641008622277E+048
   4.40000000000000       1.214272416126975E+048
   4.45000000000000       1.078543151908660E+048
   4.50000000000000       9.519770449290305E+047
   4.55000000000000       8.454749882524812E+047
   4.60000000000000       7.608808600932837E+047
   4.65000000000000       6.786661073776088E+047
   4.70000000000000       6.013986078710094E+047
   4.75000000000000       5.365228527590924E+047
   4.80000000000000       4.729718616483327E+047
   4.85000000000000       4.166134399002151E+047
   4.90000000000000       3.720817932184118E+047
   4.95000000000000       3.332098881255087E+047
   5.00000000000000       2.953560210186277E+047
   5.05000000000000       2.619294781859625E+047
   5.10000000000000       2.316910407738951E+047
   5.15000000000000       2.042213354965142E+047
   5.20000000000000       1.798158083617538E+047
   5.25000000000000       1.608069672264272E+047
   5.30000000000000       1.434223592703776E+047
   5.35000000000000       1.260887572329737E+047
   5.40000000000000       1.119173105890089E+047
   5.45000000000000       9.882635790024956E+046
   5.50000000000000       8.716774519280871E+046
   5.55000000000000       7.686427294331795E+046
   5.60000000000000       6.856422511652412E+046
   5.65000000000000       6.069705248760531E+046
   5.70000000000000       5.321726376814703E+046
   5.75000000000000       4.711406622310104E+046
   5.80000000000000       4.186082086827049E+046
   5.85000000000000       3.657940205345199E+046
   5.90000000000000       3.242112764437083E+046
   5.95000000000000       2.873678469284600E+046
   6.00000000000000       2.522500792910569E+046
   6.05000000000000       2.216429560692469E+046
   6.10000000000000       1.978761513834600E+046
   6.15000000000000       1.744202498311817E+046
   6.20000000000000       1.529784419694032E+046
   6.25000000000000       1.349081455398552E+046
   6.30000000000000       1.187244204897884E+046
   6.35000000000000       1.027174219402188E+046
   6.40000000000000       9.165355768931503E+045
   6.45000000000000       8.168280145693909E+045
   6.50000000000000       7.177461205532748E+045
   6.55000000000000       6.297747922046218E+045
   6.60000000000000       5.490341550007405E+045
   6.65000000000000       4.802648234943817E+045
   6.70000000000000       4.208845681003182E+045
   6.75000000000000       3.701448977335910E+045
   6.80000000000000       3.280632924181675E+045
   6.85000000000000       2.887420715178132E+045
   6.90000000000000       2.516597868381707E+045
   6.95000000000000       1.993464607678143E+045
   7.00000000000000       1.744005434168766E+045
   7.05000000000000       1.547784992650344E+045
   7.10000000000000       1.383355870250930E+045
   7.15000000000000       1.220150820792355E+045
   7.20000000000000       1.077444938693701E+045
   7.25000000000000       9.357956434338150E+044
   7.30000000000000       8.192345232145327E+044
   7.35000000000000       7.132803142047338E+044
   7.40000000000000       6.393819469134678E+044
   7.45000000000000       5.688035474390786E+044
   7.50000000000000       5.037884838004112E+044
   7.55000000000000       4.426525467893364E+044
   7.60000000000000       3.832483186642554E+044
   7.65000000000000       3.335186852563556E+044
   7.70000000000000       2.673362975300470E+044
   7.75000000000000       2.404201624703153E+044
   7.80000000000000       1.644625621866456E+044
   7.85000000000000       1.454135620850398E+044
   7.90000000000000       1.263528968875976E+044
   7.95000000000000       1.085851199182959E+044
   8.00000000000000       9.448174141190859E+043
   8.05000000000000       3.300450721317588E+043
   8.10000000000000       2.989298053000565E+043
   8.15000000000000       2.680366231591039E+043
   8.20000000000000       2.371434514753497E+043
   8.25000000000000       2.062465011251162E+043
   8.30000000000000       9.568577087016268E+042
   8.35000000000000       4.361677235963919E+042
   8.40000000000000       5.301047665537893E+041
   8.45000000000000       2.097900000000000E+040
   8.50000000000000       1.852400000000000E+040
   8.55000000000000       1.635400000000000E+040
   8.60000000000000       1.443700000000000E+040
   8.65000000000000       1.274400000000000E+040
   8.70000000000000       1.124700000000000E+040
   8.75000000000000       9.925800000000000E+039
   8.80000000000000       8.758600000000000E+039
   8.85000000000000       7.727800000000000E+039
   8.90000000000000       6.817599999999999E+039
   8.95000000000000       6.013999999999999E+039
   9.00000000000000       5.304500000000000E+039
   9.05000000000000       4.678300000000000E+039
   9.10000000000000       4.125600000000000E+039
   9.15000000000000       3.637900000000000E+039
   9.20000000000000       3.207500000000000E+039
   9.25000000000000       2.827700000000000E+039
   9.30000000000000       2.492700000000000E+039
   9.35000000000000       2.197200000000000E+039
   9.40000000000000       1.936500000000000E+039
   9.45000000000000       1.706600000000000E+039
   9.50000000000000       1.503800000000000E+039
   9.55000000000000       1.325000000000000E+039
   9.60000000000000       1.167400000000000E+039
   9.65000000000000       1.028400000000000E+039
   9.70000000000000       9.059300000000000E+038
   9.75000000000000       7.979499999999999E+038
   9.80000000000000       7.027700000000000E+038
   9.85000000000000       6.189000000000000E+038
   9.90000000000000       5.449900000000000E+038
   9.95000000000000       4.798700000000000E+038
   10.0000000000000       4.224900000000000E+038
   10.0500000000000       3.719500000000000E+038
   10.1000000000000       3.274200000000000E+038
   10.1500000000000       2.882000000000000E+038
   10.2000000000000       2.536600000000000E+038
   10.2500000000000       2.232400000000000E+038
   10.3000000000000       1.964600000000000E+038
   10.3500000000000       1.728700000000000E+038
   10.4000000000000       1.521100000000000E+038
   10.4500000000000       1.338300000000000E+038
   10.5000000000000       1.177300000000000E+038
   10.5500000000000       1.035700000000000E+038
   10.6000000000000       9.110000000000001E+037
   10.6500000000000       8.012700000000000E+037
   10.7000000000000       7.047100000000000E+037
   10.7500000000000       6.197400000000000E+037
   10.8000000000000       5.449800000000000E+037
   10.8500000000000       4.792000000000000E+037
   10.9000000000000       4.213400000000000E+037
   10.9500000000000       3.704300000000000E+037
   11.0000000000000       3.256500000000000E+037
   11.0500000000000       2.862700000000000E+037
   11.1000000000000       2.516300000000000E+037
   11.1500000000000       2.211700000000000E+037
   11.2000000000000       1.943900000000000E+037
   11.2500000000000       1.708300000000000E+037
   11.3000000000000       1.501200000000000E+037
   11.3500000000000       1.319200000000000E+037
   11.4000000000000       1.159100000000000E+037
   11.4500000000000       1.018400000000000E+037
   11.5000000000000       8.947200000000000E+036
   11.5500000000000       7.860100000000000E+036
   11.6000000000000       6.904600000000000E+036
   11.6500000000000       6.065000000000001E+036
   11.7000000000000       5.327100000000000E+036
   11.7500000000000       4.678700000000000E+036
   11.8000000000000       4.109000000000000E+036
   11.8500000000000       3.608500000000000E+036
   11.9000000000000       3.168700000000000E+036
   11.9500000000000       2.782400000000000E+036
   12.0000000000000       2.443000000000000E+036
   12.0500000000000       2.145000000000000E+036
   12.1000000000000       1.883100000000000E+036
   12.1500000000000       1.653200000000000E+036
   12.2000000000000       1.451200000000000E+036
   12.2500000000000       1.273900000000000E+036
   12.3000000000000       1.118100000000000E+036
   12.3500000000000       9.813599999999999E+035
   12.4000000000000       8.612900000000000E+035
   12.4500000000000       7.558600000000001E+035
   12.5000000000000       6.633100000000000E+035
   12.5500000000000       5.820600000000000E+035
   12.6000000000000       5.107400000000000E+035
   12.6500000000000       4.481300000000000E+035
   12.7000000000000       3.931800000000000E+035
   12.7500000000000       3.449400000000000E+035
   12.8000000000000       3.026100000000000E+035
   12.8500000000000       2.654600000000000E+035
   12.9000000000000       2.328600000000000E+035
   12.9500000000000       2.042600000000000E+035
   13.0000000000000       1.791600000000000E+035
   13.0500000000000       1.571300000000000E+035
   13.1000000000000       1.378100000000000E+035
   13.1500000000000       1.208600000000000E+035
   13.2000000000000       1.059900000000000E+035
   13.2500000000000       9.293900000000000E+034
   13.3000000000000       8.149500000000000E+034
   13.3500000000000       7.145600000000000E+034
   13.4000000000000       6.265200000000000E+034
   13.4500000000000       5.492900000000000E+034
   13.5000000000000       4.815700000000000E+034
   13.5500000000000       4.221700000000000E+034
   13.6000000000000       3.700900000000000E+034
   13.6500000000000       3.244100000000000E+034
   13.7000000000000       2.843600000000000E+034
   13.7500000000000       2.492500000000000E+034
   13.8000000000000       2.184600000000000E+034
   13.8500000000000       1.914600000000000E+034
   13.9000000000000       1.678000000000000E+034
   13.9500000000000       1.470500000000000E+034
   14.0000000000000       1.288700000000000E+034
   14.0500000000000       1.129200000000000E+034
   14.1000000000000       9.894900000000000E+033
   14.1500000000000       8.670100000000000E+033
   14.2000000000000       7.596600000000000E+033
   14.2500000000000       6.655699999999999E+033
   14.3000000000000       5.831100000000000E+033
   14.3500000000000       5.108500000000000E+033
   14.4000000000000       4.475300000000000E+033
   14.4500000000000       3.920400000000000E+033
   14.5000000000000       3.434100000000000E+033
   14.5500000000000       3.008100000000000E+033
   14.6000000000000       2.634800000000000E+033
   14.6500000000000       2.307700000000000E+033
   14.7000000000000       2.021200000000000E+033
   14.7500000000000       1.770200000000000E+033
   14.8000000000000       1.550300000000000E+033
   14.8500000000000       1.357600000000000E+033
   14.9000000000000       1.188900000000000E+033
   14.9500000000000       1.041100000000000E+033
   15.0000000000000       9.116200000000001E+032
   15.0500000000000       7.982200000000000E+032
   15.1000000000000       6.989100000000000E+032
   15.1500000000000       6.119300000000000E+032
   15.2000000000000       5.357600000000000E+032
   15.2500000000000       4.690500000000000E+032
   15.3000000000000       4.106300000000000E+032
   15.3500000000000       3.594800000000000E+032
   15.4000000000000       3.146900000000000E+032
   15.4500000000000       2.754700000000000E+032
   15.5000000000000       2.411300000000000E+032
   15.5500000000000       2.110600000000000E+032
   15.6000000000000       1.847400000000000E+032
   15.6500000000000       1.616900000000000E+032
   15.7000000000000       1.415100000000000E+032
   15.7500000000000       1.238500000000000E+032
   15.8000000000000       1.083900000000000E+032
   15.8500000000000       9.485599999999999E+031
   15.9000000000000       8.300900000000000E+031
   15.9500000000000       7.264000000000000E+031
   16.0000000000000       6.356300000000000E+031
   16.0500000000000       5.561900000000000E+031
   16.1000000000000       4.866700000000000E+031
   16.1500000000000       4.258200000000000E+031
   16.2000000000000       3.725700000000000E+031
   16.2500000000000       3.259600000000000E+031
   16.3000000000000       2.851800000000000E+031
   16.3500000000000       2.494900000000000E+031
   16.4000000000000       2.182700000000000E+031
   16.4500000000000       1.909400000000000E+031
   16.5000000000000       1.670300000000000E+031
   16.5500000000000       1.461100000000000E+031
   16.6000000000000       1.278100000000000E+031
   16.6500000000000       1.117900000000000E+031
   16.7000000000000       9.778400000000000E+030
   16.7500000000000       8.552700000000000E+030
   16.8000000000000       7.480400000000000E+030
   16.8500000000000       6.542400000000000E+030
   16.9000000000000       5.721800000000001E+030
   16.9500000000000       5.004000000000000E+030
   17.0000000000000       4.376200000000000E+030
   17.0500000000000       3.827000000000000E+030
   17.1000000000000       3.346600000000000E+030
   17.1500000000000       2.926500000000000E+030
   17.2000000000000       2.559000000000000E+030
   17.2500000000000       2.237600000000000E+030
   17.3000000000000       1.956500000000000E+030
   17.3500000000000       1.710700000000000E+030
   17.4000000000000       1.495700000000000E+030
   17.4500000000000       1.307700000000000E+030
   17.5000000000000       1.143300000000000E+030
   17.5500000000000       9.995899999999999E+029
   17.6000000000000       8.738900000000001E+029
   17.6500000000000       7.639699999999999E+029
   17.7000000000000       6.678600000000000E+029
   17.7500000000000       5.838300000000000E+029
   17.8000000000000       5.103600000000000E+029
   17.8500000000000       4.461200000000000E+029
   17.9000000000000       3.899600000000000E+029
   17.9500000000000       3.408600000000000E+029
   18.0000000000000       2.979300000000000E+029
   18.0500000000000       2.604100000000000E+029
   18.1000000000000       2.276000000000000E+029
   18.1500000000000       1.989200000000000E+029
   18.2000000000000       1.738600000000000E+029
   18.2500000000000       1.519400000000000E+029
   18.3000000000000       1.327900000000000E+029
   18.3500000000000       1.160500000000000E+029
   18.4000000000000       1.014100000000000E+029
   18.4500000000000       8.862100000000000E+028
   18.5000000000000       7.744200000000000E+028
   18.5500000000000       6.767200000000000E+028
   18.6000000000000       5.913200000000000E+028
   18.6500000000000       5.166900000000000E+028
   18.7000000000000       4.514700000000000E+028
   18.7500000000000       3.944800000000000E+028
   18.8000000000000       3.446700000000000E+028
   18.8500000000000       3.011400000000000E+028
   18.9000000000000       2.631000000000000E+028
   18.9500000000000       2.298700000000000E+028
   19.0000000000000       2.008200000000000E+028
   19.0500000000000       1.754500000000000E+028
   19.1000000000000       1.532700000000000E+028
   19.1500000000000       1.339000000000000E+028
   19.2000000000000       1.169700000000000E+028
   19.2500000000000       1.021800000000000E+028
   19.3000000000000       8.925900000000000E+027
   19.3500000000000       7.796900000000000E+027
   19.4000000000000       6.810600000000000E+027
   19.4500000000000       5.949000000000000E+027
   19.5000000000000       5.196200000000000E+027
   19.5500000000000       4.538600000000000E+027
   19.6000000000000       3.964100000000000E+027
   19.6500000000000       3.462300000000000E+027
   19.7000000000000       3.024000000000000E+027
   19.7500000000000       2.641000000000000E+027
   19.8000000000000       2.306600000000000E+027
   19.8500000000000       2.014400000000000E+027
   19.9000000000000       1.759200000000000E+027
   19.9500000000000       1.536300000000000E+027
   20.0000000000000       1.341700000000000E+027
   20.0500000000000       1.171600000000000E+027
   20.1000000000000       1.023100000000000E+027
   20.1500000000000       8.934199999999999E+026
   20.2000000000000       7.801500000000000E+026
   20.2500000000000       6.812199999999999E+026
   20.3000000000000       5.948300000000000E+026
   20.3500000000000       5.193800000000000E+026
   20.4000000000000       4.535000000000000E+026
   20.4500000000000       3.959600000000000E+026
   20.5000000000000       3.457200000000000E+026
   20.5500000000000       3.018500000000000E+026
   20.6000000000000       2.635400000000000E+026
   20.6500000000000       2.300800000000000E+026
   20.7000000000000       2.008700000000000E+026
   20.7500000000000       1.753700000000000E+026
   20.8000000000000       1.531000000000000E+026
   20.8500000000000       1.336600000000000E+026
   20.9000000000000       1.166800000000000E+026
   20.9500000000000       1.018600000000000E+026
   21.0000000000000       8.891699999999999E+025
   21.0500000000000       7.761900000000001E+025
   21.1000000000000       6.775500000000000E+025
   21.1500000000000       5.914300000000000E+025
   21.2000000000000       5.162600000000000E+025
   21.2500000000000       4.506200000000000E+025
   21.3000000000000       3.933300000000000E+025
   21.3500000000000       3.433200000000000E+025
   21.4000000000000       2.996600000000000E+025
   21.4500000000000       2.615400000000000E+025
   21.5000000000000       2.282700000000000E+025
   21.5500000000000       1.992300000000000E+025
   21.6000000000000       1.738800000000000E+025
   21.6500000000000       1.517600000000000E+025
   21.7000000000000       1.324400000000000E+025
   21.7500000000000       1.155900000000000E+025
   21.8000000000000       1.008700000000000E+025
   21.8500000000000       8.803100000000001E+024
   21.9000000000000       7.682300000000002E+024
   21.9500000000000       6.704100000000002E+024
   22.0000000000000       5.850300000000001E+024
   22.0500000000000       5.105200000000001E+024
   22.1000000000000       4.454900000000001E+024
   22.1500000000000       3.887300000000001E+024
   22.2000000000000       3.392100000000001E+024
   22.2500000000000       2.959800000000001E+024
   22.3000000000000       2.582600000000001E+024
   22.3500000000000       2.253500000000001E+024
   22.4000000000000       1.966200000000001E+024
   22.4500000000000       1.715600000000001E+024
   22.5000000000000       1.496900000000001E+024
   22.5500000000000       1.306000000000001E+024
   22.6000000000000       1.139500000000001E+024
   22.6500000000000       9.941500000000011E+023
   22.7000000000000       8.673500000000010E+023
   22.7500000000000       7.567100000000011E+023
   22.8000000000000       6.601700000000011E+023
   22.8500000000000       5.759500000000011E+023
   22.9000000000000       5.024600000000010E+023
   22.9500000000000       4.383400000000011E+023
   23.0000000000000       3.823900000000011E+023
   23.0500000000000       3.335800000000011E+023
   23.1000000000000       2.910000000000011E+023
   23.1500000000000       2.538500000000011E+023
   23.2000000000000       2.214400000000011E+023
   23.2500000000000       1.931600000000011E+023
   23.3000000000000       1.685000000000011E+023
   23.3500000000000       1.469800000000011E+023
   23.4000000000000       1.282000000000011E+023
   23.4500000000000       1.118300000000011E+023
   23.5000000000000       9.754000000000110E+022
   23.5500000000000       8.507800000000110E+022
   23.6000000000000       7.420600000000109E+022
   23.6500000000000       6.472300000000109E+022
   23.7000000000000       5.645200000000109E+022
   23.7500000000000       4.923600000000109E+022
   23.8000000000000       4.294200000000109E+022
   23.8500000000000       3.745300000000109E+022
   23.9000000000000       3.266400000000109E+022
   23.9500000000000       2.848800000000108E+022
   24.0000000000000       2.484500000000109E+022
   24.0500000000000       2.166700000000109E+022
   24.1000000000000       1.889600000000109E+022
   24.1500000000000       1.647900000000109E+022
   24.2000000000000       1.437100000000109E+022
   24.2500000000000       1.253200000000109E+022
   24.3000000000000       1.092900000000109E+022
   24.3500000000000       9.530400000001085E+021
   24.4000000000000       8.310800000001087E+021
   24.4500000000000       7.247100000001087E+021
   24.5000000000000       6.319500000001088E+021
   24.5500000000000       5.510600000001087E+021
   24.6000000000000       4.805200000001087E+021
   24.6500000000000       4.190000000001087E+021
   24.7000000000000       3.653500000001087E+021
   24.7500000000000       3.185600000001087E+021
   24.8000000000000       2.777700000001087E+021
   24.8500000000000       2.421900000001087E+021
   24.9000000000000       2.111700000001087E+021
   24.9500000000000       1.841200000001087E+021
   25.0000000000000       1.605300000001087E+021
