  0.000000000000000E+000  0.000000000000000E+000
  5.000000000000000E-002  3.664147478543960E+044
  0.100000000000000       3.488819054677611E+046
  0.150000000000000       6.457111106759750E+047
  0.200000000000000       4.861309901552690E+048
  0.250000000000000       1.985312055304596E+049
  0.300000000000000       4.342874030871501E+049
  0.350000000000000       7.081254891759004E+049
  0.400000000000000       1.027098411780426E+050
  0.450000000000000       1.393123908666779E+050
  0.500000000000000       1.787269481109940E+050
  0.550000000000000       2.160535507930940E+050
  0.600000000000000       2.485730335412635E+050
  0.650000000000000       2.759444902145776E+050
  0.700000000000000       2.974756521395157E+050
  0.750000000000000       3.125053946073433E+050
  0.800000000000000       3.209556428935971E+050
  0.850000000000000       3.256027193995611E+050
  0.900000000000000       3.248472307060020E+050
  0.950000000000000       3.208818036635773E+050
   1.00000000000000       3.128012125863100E+050
   1.05000000000000       3.045938697497509E+050
   1.10000000000000       2.950294421832331E+050
   1.15000000000000       2.842177219770519E+050
   1.20000000000000       2.722793486927284E+050
   1.25000000000000       2.598711409651023E+050
   1.30000000000000       2.471971490504771E+050
   1.35000000000000       2.345366573928141E+050
   1.40000000000000       2.219390662713376E+050
   1.45000000000000       2.093260588973164E+050
   1.50000000000000       1.970519530969616E+050
   1.55000000000000       1.850204173020897E+050
   1.60000000000000       1.735804200790084E+050
   1.65000000000000       1.624031923078381E+050
   1.70000000000000       1.516439084044905E+050
   1.75000000000000       1.412106785053058E+050
   1.80000000000000       1.314652631594323E+050
   1.85000000000000       1.221619065890692E+050
   1.90000000000000       1.132471296756833E+050
   1.95000000000000       1.047380314703697E+050
   2.00000000000000       9.676172206146640E+049
   2.05000000000000       8.934001612964559E+049
   2.10000000000000       8.234863024509039E+049
   2.15000000000000       7.579044177686746E+049
   2.20000000000000       6.958474331540865E+049
   2.25000000000000       6.383132859163299E+049
   2.30000000000000       5.839333681514147E+049
   2.35000000000000       5.334241821395553E+049
   2.40000000000000       4.856815037095153E+049
   2.45000000000000       4.428099220484157E+049
   2.50000000000000       4.028256202864638E+049
   2.55000000000000       3.659479295137791E+049
   2.60000000000000       3.321661296982626E+049
   2.65000000000000       3.004057884071232E+049
   2.70000000000000       2.712869198105806E+049
   2.75000000000000       2.448892748415690E+049
   2.80000000000000       2.203917045280741E+049
   2.85000000000000       1.982110103099900E+049
   2.90000000000000       1.786478651087603E+049
   2.95000000000000       1.603595720939648E+049
   3.00000000000000       1.442613656427262E+049
   3.05000000000000       1.289557443220250E+049
   3.10000000000000       1.153322765913473E+049
   3.15000000000000       1.033016379131764E+049
   3.20000000000000       9.236067183464141E+048
   3.25000000000000       8.239433986132999E+048
   3.30000000000000       7.363066411017310E+048
   3.35000000000000       6.552830373850995E+048
   3.40000000000000       5.827996704303385E+048
   3.45000000000000       5.204432611778048E+048
   3.50000000000000       4.618983594043896E+048
   3.55000000000000       4.093242964151315E+048
   3.60000000000000       3.639038106322647E+048
   3.65000000000000       3.232888930395624E+048
   3.70000000000000       2.865487804669062E+048
   3.75000000000000       2.549525511524070E+048
   3.80000000000000       2.249687533284501E+048
   3.85000000000000       1.983699078704724E+048
   3.90000000000000       1.753614780854837E+048
   3.95000000000000       1.554982621552820E+048
   4.00000000000000       1.377821855440192E+048
   4.05000000000000       1.221683982593794E+048
   4.10000000000000       1.075180618036426E+048
   4.15000000000000       9.424365017037370E+047
   4.20000000000000       8.300631058446053E+047
   4.25000000000000       7.327027613306792E+047
   4.30000000000000       6.495494175514640E+047
   4.35000000000000       5.742764106472143E+047
   4.40000000000000       5.044461142511224E+047
   4.45000000000000       4.404771894023113E+047
   4.50000000000000       3.866037927429169E+047
   4.55000000000000       3.399862491876282E+047
   4.60000000000000       3.013674827097303E+047
   4.65000000000000       2.655482074436644E+047
   4.70000000000000       2.330989962692403E+047
   4.75000000000000       2.030087918054453E+047
   4.80000000000000       1.778592054079866E+047
   4.85000000000000       1.559842407288583E+047
   4.90000000000000       1.377701370608842E+047
   4.95000000000000       1.210573276248372E+047
   5.00000000000000       1.062719217677692E+047
   5.05000000000000       9.269328109889652E+046
   5.10000000000000       8.085906106274332E+046
   5.15000000000000       7.085526761200799E+046
   5.20000000000000       6.228082163053446E+046
   5.25000000000000       5.454986065967240E+046
   5.30000000000000       4.792450182721790E+046
   5.35000000000000       4.190858681275951E+046
   5.40000000000000       3.651034220076786E+046
   5.45000000000000       3.192431822095936E+046
   5.50000000000000       2.790452024163215E+046
   5.55000000000000       2.437884420611061E+046
   5.60000000000000       2.142492287075808E+046
   5.65000000000000       1.873234921743316E+046
   5.70000000000000       1.628935853882617E+046
   5.75000000000000       1.426100764243861E+046
   5.80000000000000       1.240226693548674E+046
   5.85000000000000       1.079681571456525E+046
   5.90000000000000       9.467459446386849E+045
   5.95000000000000       8.305935116527842E+045
   6.00000000000000       7.230473954148945E+045
   6.05000000000000       6.305297643247042E+045
   6.10000000000000       5.444659991756616E+045
   6.15000000000000       4.728733522004065E+045
   6.20000000000000       4.067389971367735E+045
   6.25000000000000       3.586286974917175E+045
   6.30000000000000       3.135749276712256E+045
   6.35000000000000       2.729343871634187E+045
   6.40000000000000       2.311604258412381E+045
   6.45000000000000       2.005787242403648E+045
   6.50000000000000       1.743940624023242E+045
   6.55000000000000       1.429808563926717E+045
   6.60000000000000       1.253145968605449E+045
   6.65000000000000       1.086408270101163E+045
   6.70000000000000       9.460413048986546E+044
   6.75000000000000       8.198309974663311E+044
   6.80000000000000       6.739044394848216E+044
   6.85000000000000       5.957624412242879E+044
   6.90000000000000       5.238682576380956E+044
   6.95000000000000       4.534881142151647E+044
   7.00000000000000       3.950099266678606E+044
   7.05000000000000       3.424927107383644E+044
   7.10000000000000       2.963080183495478E+044
   7.15000000000000       2.610779043359985E+044
   7.20000000000000       2.092418649026227E+044
   7.25000000000000       1.820525841638269E+044
   7.30000000000000       1.381844999253903E+044
   7.35000000000000       1.200105151724387E+044
   7.40000000000000       1.033833556990031E+044
   7.45000000000000       6.062954938526257E+043
   7.50000000000000       5.354853877502184E+043
   7.55000000000000       4.717802404655825E+043
   7.60000000000000       2.609489677754665E+043
   7.65000000000000       2.269913675374859E+043
   7.70000000000000       1.712460829553085E+043
   7.75000000000000       8.901636132804016E+042
   7.80000000000000       3.038690125182426E+042
   7.85000000000000       2.372200000000000E+039
   7.90000000000000       2.075700000000000E+039
   7.95000000000000       1.816100000000000E+039
   8.00000000000000       1.588800000000000E+039
   8.05000000000000       1.389700000000000E+039
   8.10000000000000       1.215400000000000E+039
   8.15000000000000       1.062900000000000E+039
   8.20000000000000       9.293700000000001E+038
   8.25000000000000       8.125300000000001E+038
   8.30000000000000       7.102999999999999E+038
   8.35000000000000       6.208500000000000E+038
   8.40000000000000       5.426100000000000E+038
   8.45000000000000       4.741700000000000E+038
   8.50000000000000       4.143200000000000E+038
   8.55000000000000       3.619800000000000E+038
   8.60000000000000       3.162200000000000E+038
   8.65000000000000       2.762100000000000E+038
   8.70000000000000       2.412400000000000E+038
   8.75000000000000       2.106800000000000E+038
   8.80000000000000       1.839600000000000E+038
   8.85000000000000       1.606200000000000E+038
   8.90000000000000       1.402300000000000E+038
   8.95000000000000       1.224100000000000E+038
   9.00000000000000       1.068400000000000E+038
   9.05000000000000       9.324900000000000E+037
   9.10000000000000       8.137600000000000E+037
   9.15000000000000       7.100800000000000E+037
   9.20000000000000       6.195500000000000E+037
   9.25000000000000       5.405100000000000E+037
   9.30000000000000       4.715100000000000E+037
   9.35000000000000       4.112800000000000E+037
   9.40000000000000       3.587100000000000E+037
   9.45000000000000       3.128300000000000E+037
   9.50000000000000       2.727900000000000E+037
   9.55000000000000       2.378600000000000E+037
   9.60000000000000       2.073800000000000E+037
   9.65000000000000       1.807900000000000E+037
   9.70000000000000       1.576000000000000E+037
   9.75000000000000       1.373700000000000E+037
   9.80000000000000       1.197200000000000E+037
   9.85000000000000       1.043400000000000E+037
   9.90000000000000       9.092200000000001E+036
   9.95000000000000       7.922499999999999E+036
   10.0000000000000       6.902600000000001E+036
   10.0500000000000       6.013600000000001E+036
   10.1000000000000       5.238700000000000E+036
   10.1500000000000       4.563200000000000E+036
   10.2000000000000       3.974500000000000E+036
   10.2500000000000       3.461500000000000E+036
   10.3000000000000       3.014500000000000E+036
   10.3500000000000       2.625000000000000E+036
   10.4000000000000       2.285700000000000E+036
   10.4500000000000       1.990100000000000E+036
   10.5000000000000       1.732600000000000E+036
   10.5500000000000       1.508200000000000E+036
   10.6000000000000       1.312900000000000E+036
   10.6500000000000       1.142800000000000E+036
   10.7000000000000       9.945900000000001E+035
   10.7500000000000       8.655800000000000E+035
   10.8000000000000       7.532500000000000E+035
   10.8500000000000       6.554500000000000E+035
   10.9000000000000       5.703100000000000E+035
   10.9500000000000       4.962000000000000E+035
   11.0000000000000       4.316900000000000E+035
   11.0500000000000       3.755400000000000E+035
   11.1000000000000       3.266700000000000E+035
   11.1500000000000       2.841400000000000E+035
   11.2000000000000       2.471300000000000E+035
   11.2500000000000       2.149300000000000E+035
   11.3000000000000       1.869200000000000E+035
   11.3500000000000       1.625400000000000E+035
   11.4000000000000       1.413300000000000E+035
   11.4500000000000       1.228900000000000E+035
   11.5000000000000       1.068400000000000E+035
   11.5500000000000       9.288600000000000E+034
   11.6000000000000       8.074800000000000E+034
   11.6500000000000       7.019200000000000E+034
   11.7000000000000       6.101300000000000E+034
   11.7500000000000       5.303000000000000E+034
   11.8000000000000       4.608900000000000E+034
   11.8500000000000       4.005500000000000E+034
   11.9000000000000       3.480800000000000E+034
   11.9500000000000       3.024700000000000E+034
   12.0000000000000       2.628200000000000E+034
   12.0500000000000       2.283600000000000E+034
   12.1000000000000       1.984000000000000E+034
   12.1500000000000       1.723700000000000E+034
   12.2000000000000       1.497400000000000E+034
   12.2500000000000       1.300800000000000E+034
   12.3000000000000       1.129900000000000E+034
   12.3500000000000       9.814000000000000E+033
   12.4000000000000       8.523900000000000E+033
   12.4500000000000       7.402900000000000E+033
   12.5000000000000       6.429100000000000E+033
   12.5500000000000       5.583000000000000E+033
   12.6000000000000       4.848100000000000E+033
   12.6500000000000       4.209700000000000E+033
   12.7000000000000       3.655100000000000E+033
   12.7500000000000       3.173500000000000E+033
   12.8000000000000       2.755200000000000E+033
   12.8500000000000       2.391900000000000E+033
   12.9000000000000       2.076400000000000E+033
   12.9500000000000       1.802400000000000E+033
   13.0000000000000       1.564500000000000E+033
   13.0500000000000       1.358000000000000E+033
   13.1000000000000       1.178600000000000E+033
   13.1500000000000       1.022900000000000E+033
   13.2000000000000       8.877500000000000E+032
   13.2500000000000       7.704000000000000E+032
   13.3000000000000       6.685299999999999E+032
   13.3500000000000       5.801100000000000E+032
   13.4000000000000       5.033500000000000E+032
   13.4500000000000       4.367400000000000E+032
   13.5000000000000       3.789200000000000E+032
   13.5500000000000       3.287400000000000E+032
   13.6000000000000       2.852000000000000E+032
   13.6500000000000       2.474100000000000E+032
   13.7000000000000       2.146200000000000E+032
   13.7500000000000       1.861700000000000E+032
   13.8000000000000       1.614800000000000E+032
   13.8500000000000       1.400600000000000E+032
   13.9000000000000       1.214800000000000E+032
   13.9500000000000       1.053500000000000E+032
   14.0000000000000       9.136700000000000E+031
   14.0500000000000       7.923400000000000E+031
   14.1000000000000       6.871000000000000E+031
   14.1500000000000       5.958100000000000E+031
   14.2000000000000       5.166300000000000E+031
   14.2500000000000       4.479500000000000E+031
   14.3000000000000       3.883900000000000E+031
   14.3500000000000       3.367400000000000E+031
   14.4000000000000       2.919400000000000E+031
   14.4500000000000       2.530900000000000E+031
   14.5000000000000       2.194100000000000E+031
   14.5500000000000       1.902000000000000E+031
   14.6000000000000       1.648700000000000E+031
   14.6500000000000       1.429100000000000E+031
   14.7000000000000       1.238700000000000E+031
   14.7500000000000       1.073600000000000E+031
   14.8000000000000       9.305000000000000E+030
   14.8500000000000       8.064400000000000E+030
   14.9000000000000       6.989000000000000E+030
   14.9500000000000       6.056699999999999E+030
   15.0000000000000       5.248600000000000E+030
   15.0500000000000       4.548200000000000E+030
   15.1000000000000       3.941100000000000E+030
   15.1500000000000       3.414900000000000E+030
   15.2000000000000       2.958800000000000E+030
   15.2500000000000       2.563600000000000E+030
   15.3000000000000       2.221100000000000E+030
   15.3500000000000       1.924300000000000E+030
   15.4000000000000       1.667100000000000E+030
   15.4500000000000       1.444200000000000E+030
   15.5000000000000       1.251100000000000E+030
   15.5500000000000       1.083800000000000E+030
   15.6000000000000       9.387800000000001E+029
   15.6500000000000       8.131600000000000E+029
   15.7000000000000       7.043300000000001E+029
   15.7500000000000       6.100500000000000E+029
   15.8000000000000       5.283700000000000E+029
   15.8500000000000       4.576100000000000E+029
   15.9000000000000       3.963100000000000E+029
   15.9500000000000       3.432200000000000E+029
   16.0000000000000       2.972300000000000E+029
   16.0500000000000       2.573900000000000E+029
   16.1000000000000       2.228800000000000E+029
   16.1500000000000       1.930000000000000E+029
   16.2000000000000       1.671200000000000E+029
   16.2500000000000       1.447000000000000E+029
   16.3000000000000       1.252900000000000E+029
   16.3500000000000       1.084700000000000E+029
   16.4000000000000       9.391600000000001E+028
   16.4500000000000       8.130900000000000E+028
   16.5000000000000       7.039200000000000E+028
   16.5500000000000       6.093900000000000E+028
   16.6000000000000       5.275400000000000E+028
   16.6500000000000       4.566700000000000E+028
   16.7000000000000       3.953100000000000E+028
   16.7500000000000       3.421800000000000E+028
   16.8000000000000       2.961900000000000E+028
   16.8500000000000       2.563700000000000E+028
   16.9000000000000       2.219000000000000E+028
   16.9500000000000       1.920500000000000E+028
   17.0000000000000       1.662200000000000E+028
   17.0500000000000       1.438600000000000E+028
   17.1000000000000       1.245000000000000E+028
   17.1500000000000       1.077400000000000E+028
   17.2000000000000       9.324100000000000E+027
   17.2500000000000       8.068800000000000E+027
   17.3000000000000       6.982300000000000E+027
   17.3500000000000       6.041900000000000E+027
   17.4000000000000       5.228100000000000E+027
   17.4500000000000       4.523700000000000E+027
   17.5000000000000       3.914200000000000E+027
   17.5500000000000       3.386700000000000E+027
   17.6000000000000       2.930200000000000E+027
   17.6500000000000       2.535200000000000E+027
   17.7000000000000       2.193300000000000E+027
   17.7500000000000       1.897600000000000E+027
   17.8000000000000       1.641600000000000E+027
   17.8500000000000       1.420200000000000E+027
   17.9000000000000       1.228600000000000E+027
   17.9500000000000       1.062800000000000E+027
   18.0000000000000       9.193300000000000E+026
   18.0500000000000       7.952300000000000E+026
   18.1000000000000       6.878700000000000E+026
   18.1500000000000       5.949900000000000E+026
   18.2000000000000       5.146400000000000E+026
   18.2500000000000       4.451200000000000E+026
   18.3000000000000       3.849900000000000E+026
   18.3500000000000       3.329800000000000E+026
   18.4000000000000       2.879800000000000E+026
   18.4500000000000       2.490600000000000E+026
   18.5000000000000       2.153900000000000E+026
   18.5500000000000       1.862700000000000E+026
   18.6000000000000       1.610900000000000E+026
   18.6500000000000       1.393000000000000E+026
   18.7000000000000       1.204600000000000E+026
   18.7500000000000       1.041700000000000E+026
   18.8000000000000       9.007500000000001E+025
   18.8500000000000       7.788700000000000E+025
   18.9000000000000       6.734600000000000E+025
   18.9500000000000       5.823100000000000E+025
   19.0000000000000       5.034800000000000E+025
   19.0500000000000       4.353200000000000E+025
   19.1000000000000       3.763700000000000E+025
   19.1500000000000       3.254000000000000E+025
   19.2000000000000       2.813300000000000E+025
   19.2500000000000       2.432200000000000E+025
   19.3000000000000       2.102700000000000E+025
   19.3500000000000       1.817800000000000E+025
   19.4000000000000       1.571400000000000E+025
   19.4500000000000       1.358500000000000E+025
   19.5000000000000       1.174300000000000E+025
   19.5500000000000       1.015100000000000E+025
   19.6000000000000       8.774700000000001E+024
   19.6500000000000       7.584800000000001E+024
   19.7000000000000       6.556100000000001E+024
   19.7500000000000       5.666800000000001E+024
   19.8000000000000       4.898100000000001E+024
   19.8500000000000       4.233500000000002E+024
   19.9000000000000       3.659000000000002E+024
   19.9500000000000       3.162500000000002E+024
   20.0000000000000       2.733200000000002E+024
   20.0500000000000       2.362200000000002E+024
   20.1000000000000       2.041500000000002E+024
   20.1500000000000       1.764300000000002E+024
   20.2000000000000       1.524700000000002E+024
   20.2500000000000       1.317600000000002E+024
   20.3000000000000       1.138700000000002E+024
   20.3500000000000       9.839800000000016E+023
   20.4000000000000       8.502900000000016E+023
   20.4500000000000       7.347500000000016E+023
   20.5000000000000       6.349000000000015E+023
   20.5500000000000       5.486100000000016E+023
   20.6000000000000       4.740400000000016E+023
   20.6500000000000       4.096000000000016E+023
   20.7000000000000       3.539100000000016E+023
   20.7500000000000       3.057800000000016E+023
   20.8000000000000       2.642000000000016E+023
   20.8500000000000       2.282700000000016E+023
   20.9000000000000       1.972200000000016E+023
   20.9500000000000       1.703900000000016E+023
   21.0000000000000       1.472100000000016E+023
   21.0500000000000       1.271800000000016E+023
   21.1000000000000       1.098700000000016E+023
   21.1500000000000       9.491500000000161E+022
   21.2000000000000       8.199600000000162E+022
   21.2500000000000       7.083300000000161E+022
   21.3000000000000       6.119000000000161E+022
   21.3500000000000       5.285800000000161E+022
   21.4000000000000       4.566000000000161E+022
   21.4500000000000       3.944100000000161E+022
   21.5000000000000       3.406900000000161E+022
   21.5500000000000       2.942800000000161E+022
   21.6000000000000       2.541900000000161E+022
   21.6500000000000       2.195600000000161E+022
   21.7000000000000       1.896400000000161E+022
   21.7500000000000       1.638000000000161E+022
   21.8000000000000       1.414700000000161E+022
   21.8500000000000       1.221900000000161E+022
   21.9000000000000       1.055300000000161E+022
   21.9500000000000       9.114300000001609E+021
   22.0000000000000       7.871600000001610E+021
   22.0500000000000       6.798200000001610E+021
   22.1000000000000       5.871100000001609E+021
   22.1500000000000       5.070300000001609E+021
   22.2000000000000       4.378700000001610E+021
   22.2500000000000       3.781300000001610E+021
   22.3000000000000       3.265400000001610E+021
   22.3500000000000       2.819900000001610E+021
   22.4000000000000       2.435100000001610E+021
   22.4500000000000       2.102700000001610E+021
   22.5000000000000       1.815700000001610E+021
   22.5500000000000       1.567900000001610E+021
   22.6000000000000       1.353900000001610E+021
   22.6500000000000       1.169000000001610E+021
   22.7000000000000       1.009400000001610E+021
   22.7500000000000       8.715600000016100E+020
   22.8000000000000       7.525400000016100E+020
   22.8500000000000       6.497500000016100E+020
   22.9000000000000       5.610000000016099E+020
   22.9500000000000       4.843700000016099E+020
   23.0000000000000       4.181900000016099E+020
   23.0500000000000       3.610500000016099E+020
   23.1000000000000       3.117200000016099E+020
   23.1500000000000       2.691200000016099E+020
   23.2000000000000       2.323400000016099E+020
   23.2500000000000       2.005800000016099E+020
   23.3000000000000       1.731600000016099E+020
   23.3500000000000       1.494900000016099E+020
   23.4000000000000       1.290500000016099E+020
   23.4500000000000       1.114100000016099E+020
   23.5000000000000       9.617300000160991E+019
   23.5500000000000       8.302100000160991E+019
   23.6000000000000       7.166600000160991E+019
   23.6500000000000       6.186300000160991E+019
   23.7000000000000       5.340100000160991E+019
   23.7500000000000       4.609500000160991E+019
   23.8000000000000       3.978900000160991E+019
   23.8500000000000       3.434500000160991E+019
   23.9000000000000       2.964500000160991E+019
   23.9500000000000       2.558800000160991E+019
   24.0000000000000       2.208600000160991E+019
   24.0500000000000       1.906300000160991E+019
   24.1000000000000       1.645300000160991E+019
   24.1500000000000       1.420100000160991E+019
   24.2000000000000       1.225700000160991E+019
   24.2500000000000       1.057800000160991E+019
   24.3000000000000       9.129900001609912E+018
   24.3500000000000       7.879600001609912E+018
   24.4000000000000       6.800400001609912E+018
   24.4500000000000       5.869000001609912E+018
   24.5000000000000       5.065100001609912E+018
   24.5500000000000       4.371200001609912E+018
   24.6000000000000       3.772300001609912E+018
   24.6500000000000       3.255500001609912E+018
   24.7000000000000       2.809400001609912E+018
   24.7500000000000       2.424400001609912E+018
   24.8000000000000       2.092200001609912E+018
   24.8500000000000       1.805400001609912E+018
   24.9000000000000       1.558000001609912E+018
   24.9500000000000       1.344400001609912E+018
   25.0000000000000       1.160100001609912E+018
