  0.000000000000000E+000  0.000000000000000E+000
  5.000000000000000E-002  4.065580896332203E+044
  0.100000000000000       4.518044509153291E+046
  0.150000000000000       8.796780151275898E+047
  0.200000000000000       6.470892315494895E+048
  0.250000000000000       2.522732133187111E+049
  0.300000000000000       5.873403060918011E+049
  0.350000000000000       9.707337216698563E+049
  0.400000000000000       1.403558343809773E+050
  0.450000000000000       1.886548877398377E+050
  0.500000000000000       2.405307617936902E+050
  0.550000000000000       2.911091822273743E+050
  0.600000000000000       3.364800041504369E+050
  0.650000000000000       3.743946451899475E+050
  0.700000000000000       4.045412160400602E+050
  0.750000000000000       4.263586082825453E+050
  0.800000000000000       4.398680004636314E+050
  0.850000000000000       4.473190382585612E+050
  0.900000000000000       4.464443789788941E+050
  0.950000000000000       4.421662930372527E+050
   1.00000000000000       4.323661693136323E+050
   1.05000000000000       4.210456492423996E+050
   1.10000000000000       4.078690449442965E+050
   1.15000000000000       3.927879700011555E+050
   1.20000000000000       3.761599577811554E+050
   1.25000000000000       3.587697335642640E+050
   1.30000000000000       3.409423288205750E+050
   1.35000000000000       3.230066188781262E+050
   1.40000000000000       3.052784815892764E+050
   1.45000000000000       2.879295051679003E+050
   1.50000000000000       2.709159866154199E+050
   1.55000000000000       2.542638272114937E+050
   1.60000000000000       2.382437421800985E+050
   1.65000000000000       2.228108939516691E+050
   1.70000000000000       2.083203862370846E+050
   1.75000000000000       1.944025038542206E+050
   1.80000000000000       1.811360724205191E+050
   1.85000000000000       1.684127265813046E+050
   1.90000000000000       1.564574399634542E+050
   1.95000000000000       1.452345782475062E+050
   2.00000000000000       1.346059005878259E+050
   2.05000000000000       1.245825935602258E+050
   2.10000000000000       1.150075978940031E+050
   2.15000000000000       1.063434042682447E+050
   2.20000000000000       9.820870287506488E+049
   2.25000000000000       9.056475890788958E+049
   2.30000000000000       8.335061231858603E+049
   2.35000000000000       7.661442155472103E+049
   2.40000000000000       7.029832030402209E+049
   2.45000000000000       6.443112182150708E+049
   2.50000000000000       5.898496248300841E+049
   2.55000000000000       5.389303794186359E+049
   2.60000000000000       4.928377952643185E+049
   2.65000000000000       4.496315739608268E+049
   2.70000000000000       4.101491842315632E+049
   2.75000000000000       3.729500678331857E+049
   2.80000000000000       3.383651371576356E+049
   2.85000000000000       3.069901697025666E+049
   2.90000000000000       2.780851285197240E+049
   2.95000000000000       2.518087931591710E+049
   3.00000000000000       2.278106222543899E+049
   3.05000000000000       2.057672916762599E+049
   3.10000000000000       1.860251563836758E+049
   3.15000000000000       1.677423036996040E+049
   3.20000000000000       1.514271245796533E+049
   3.25000000000000       1.358576838511409E+049
   3.30000000000000       1.221886351171496E+049
   3.35000000000000       1.095909390429642E+049
   3.40000000000000       9.852579083241759E+048
   3.45000000000000       8.855873736296566E+048
   3.50000000000000       7.959873064601380E+048
   3.55000000000000       7.101545729248217E+048
   3.60000000000000       6.353190359000069E+048
   3.65000000000000       5.681259600567980E+048
   3.70000000000000       5.064943963441132E+048
   3.75000000000000       4.537409399386858E+048
   3.80000000000000       4.066951035956972E+048
   3.85000000000000       3.620563336817949E+048
   3.90000000000000       3.230026727693516E+048
   3.95000000000000       2.871423851980024E+048
   4.00000000000000       2.549624087049488E+048
   4.05000000000000       2.272720336618178E+048
   4.10000000000000       2.025815421500773E+048
   4.15000000000000       1.805712045022449E+048
   4.20000000000000       1.605070864274534E+048
   4.25000000000000       1.422012156198104E+048
   4.30000000000000       1.264311666776935E+048
   4.35000000000000       1.119315804140346E+048
   4.40000000000000       9.907404765295451E+047
   4.45000000000000       8.822051166448163E+047
   4.50000000000000       7.834562814774617E+047
   4.55000000000000       6.943835675753433E+047
   4.60000000000000       6.155357063039097E+047
   4.65000000000000       5.444970031217480E+047
   4.70000000000000       4.786928806438276E+047
   4.75000000000000       4.243565198882703E+047
   4.80000000000000       3.768628410914209E+047
   4.85000000000000       3.335451822246606E+047
   4.90000000000000       2.947623403229940E+047
   4.95000000000000       2.614622537483595E+047
   5.00000000000000       2.289372072987967E+047
   5.05000000000000       2.019937733502434E+047
   5.10000000000000       1.789080128134267E+047
   5.15000000000000       1.577744968500828E+047
   5.20000000000000       1.399496139150024E+047
   5.25000000000000       1.236789575205665E+047
   5.30000000000000       1.088260483283867E+047
   5.35000000000000       9.531620764258432E+046
   5.40000000000000       8.404107092604619E+046
   5.45000000000000       7.393700772742763E+046
   5.50000000000000       6.562238279444469E+046
   5.55000000000000       5.774284158226108E+046
   5.60000000000000       5.106934834967628E+046
   5.65000000000000       4.474215309633904E+046
   5.70000000000000       3.927832310262808E+046
   5.75000000000000       3.449261816593926E+046
   5.80000000000000       3.040927906845441E+046
   5.85000000000000       2.688343348409766E+046
   5.90000000000000       2.366551624294758E+046
   5.95000000000000       2.084186838725357E+046
   6.00000000000000       1.823200933967634E+046
   6.05000000000000       1.598873036694650E+046
   6.10000000000000       1.396113370346088E+046
   6.15000000000000       1.232146663922006E+046
   6.20000000000000       1.083344854265750E+046
   6.25000000000000       9.591307011207640E+045
   6.30000000000000       8.420716817995940E+045
   6.35000000000000       7.349743856799429E+045
   6.40000000000000       6.408778114990430E+045
   6.45000000000000       5.593058750480623E+045
   6.50000000000000       4.912292635965791E+045
   6.55000000000000       4.334092671082283E+045
   6.60000000000000       3.735884276579142E+045
   6.65000000000000       3.269424350040039E+045
   6.70000000000000       2.853640597022697E+045
   6.75000000000000       2.486321474658165E+045
   6.80000000000000       2.179045852146887E+045
   6.85000000000000       1.855675184285456E+045
   6.90000000000000       1.647020190694104E+045
   6.95000000000000       1.452799214146296E+045
   7.00000000000000       1.222903074934573E+045
   7.05000000000000       1.063482126871693E+045
   7.10000000000000       8.848591408904634E+044
   7.15000000000000       7.773497639212271E+044
   7.20000000000000       6.865438719318807E+044
   7.25000000000000       6.099397366087219E+044
   7.30000000000000       5.352691772919301E+044
   7.35000000000000       4.649692688157768E+044
   7.40000000000000       4.047337541372508E+044
   7.45000000000000       3.553803252870079E+044
   7.50000000000000       3.058227305899920E+044
   7.55000000000000       2.395484736136152E+044
   7.60000000000000       2.120105893247445E+044
   7.65000000000000       1.844283551588953E+044
   7.70000000000000       1.559633519262200E+044
   7.75000000000000       1.165999869035825E+044
   7.80000000000000       1.020420206649534E+044
   7.85000000000000       5.799197859322765E+043
   7.90000000000000       5.185693677144491E+043
   7.95000000000000       4.578985686818562E+043
   8.00000000000000       3.225004476108993E+043
   8.05000000000000       2.538844530833195E+043
   8.10000000000000       9.470485088782306E+042
   8.15000000000000       3.211379907446422E+042
   8.20000000000000       7.989425214271896E+040
   8.25000000000000       1.065800000000000E+040
   8.30000000000000       9.382599999999999E+039
   8.35000000000000       8.258700000000000E+039
   8.40000000000000       7.268500000000000E+039
   8.45000000000000       6.396300000000000E+039
   8.50000000000000       5.628200000000000E+039
   8.55000000000000       4.951700000000000E+039
   8.60000000000000       4.356100000000000E+039
   8.65000000000000       3.831600000000000E+039
   8.70000000000000       3.370000000000000E+039
   8.75000000000000       2.963600000000000E+039
   8.80000000000000       2.606000000000000E+039
   8.85000000000000       2.291300000000000E+039
   8.90000000000000       2.014400000000000E+039
   8.95000000000000       1.770800000000000E+039
   9.00000000000000       1.556400000000000E+039
   9.05000000000000       1.367900000000000E+039
   9.10000000000000       1.202100000000000E+039
   9.15000000000000       1.056300000000000E+039
   9.20000000000000       9.280900000000001E+038
   9.25000000000000       8.153600000000000E+038
   9.30000000000000       7.162600000000000E+038
   9.35000000000000       6.291400000000000E+038
   9.40000000000000       5.525600000000000E+038
   9.45000000000000       4.852600000000000E+038
   9.50000000000000       4.261200000000000E+038
   9.55000000000000       3.741600000000000E+038
   9.60000000000000       3.285000000000000E+038
   9.65000000000000       2.883900000000000E+038
   9.70000000000000       2.531500000000000E+038
   9.75000000000000       2.222000000000000E+038
   9.80000000000000       1.950200000000000E+038
   9.85000000000000       1.711400000000000E+038
   9.90000000000000       1.501800000000000E+038
   9.95000000000000       1.317800000000000E+038
   10.0000000000000       1.156200000000000E+038
   10.0500000000000       1.014300000000000E+038
   10.1000000000000       8.897700000000001E+037
   10.1500000000000       7.804700000000000E+037
   10.2000000000000       6.845400000000000E+037
   10.2500000000000       6.003500000000000E+037
   10.3000000000000       5.264800000000000E+037
   10.3500000000000       4.616600000000000E+037
   10.4000000000000       4.047900000000000E+037
   10.4500000000000       3.549000000000000E+037
   10.5000000000000       3.111400000000000E+037
   10.5500000000000       2.727500000000000E+037
   10.6000000000000       2.390800000000000E+037
   10.6500000000000       2.095500000000000E+037
   10.7000000000000       1.836600000000000E+037
   10.7500000000000       1.609500000000000E+037
   10.8000000000000       1.410400000000000E+037
   10.8500000000000       1.235900000000000E+037
   10.9000000000000       1.082900000000000E+037
   10.9500000000000       9.487300000000000E+036
   11.0000000000000       8.311500000000000E+036
   11.0500000000000       7.280900000000000E+036
   11.1000000000000       6.377700000000000E+036
   11.1500000000000       5.586200000000001E+036
   11.2000000000000       4.892500000000000E+036
   11.2500000000000       4.284800000000000E+036
   11.3000000000000       3.752200000000000E+036
   11.3500000000000       3.285700000000000E+036
   11.4000000000000       2.877000000000000E+036
   11.4500000000000       2.519000000000000E+036
   11.5000000000000       2.205300000000000E+036
   11.5500000000000       1.930600000000000E+036
   11.6000000000000       1.690100000000000E+036
   11.6500000000000       1.479400000000000E+036
   11.7000000000000       1.294900000000000E+036
   11.7500000000000       1.133300000000000E+036
   11.8000000000000       9.918600000000000E+035
   11.8500000000000       8.680100000000000E+035
   11.9000000000000       7.595800000000001E+035
   11.9500000000000       6.646500000000000E+035
   12.0000000000000       5.815600000000000E+035
   12.0500000000000       5.088200000000000E+035
   12.1000000000000       4.451600000000000E+035
   12.1500000000000       3.894400000000000E+035
   12.2000000000000       3.406700000000000E+035
   12.2500000000000       2.980000000000000E+035
   12.3000000000000       2.606600000000000E+035
   12.3500000000000       2.279800000000000E+035
   12.4000000000000       1.993900000000000E+035
   12.4500000000000       1.743800000000000E+035
   12.5000000000000       1.524900000000000E+035
   12.5500000000000       1.333500000000000E+035
   12.6000000000000       1.166000000000000E+035
   12.6500000000000       1.019500000000000E+035
   12.7000000000000       8.913800000000001E+034
   12.7500000000000       7.793100000000000E+034
   12.8000000000000       6.813000000000000E+034
   12.8500000000000       5.955900000000000E+034
   12.9000000000000       5.206300000000000E+034
   12.9500000000000       4.550900000000000E+034
   13.0000000000000       3.977700000000000E+034
   13.0500000000000       3.476600000000000E+034
   13.1000000000000       3.038500000000000E+034
   13.1500000000000       2.655400000000000E+034
   13.2000000000000       2.320600000000000E+034
   13.2500000000000       2.027800000000000E+034
   13.3000000000000       1.772000000000000E+034
   13.3500000000000       1.548300000000000E+034
   13.4000000000000       1.352800000000000E+034
   13.4500000000000       1.181900000000000E+034
   13.5000000000000       1.032600000000000E+034
   13.5500000000000       9.020900000000001E+033
   13.6000000000000       7.880500000000000E+033
   13.6500000000000       6.883900000000000E+033
   13.7000000000000       6.013100000000000E+033
   13.7500000000000       5.252200000000000E+033
   13.8000000000000       4.587400000000000E+033
   13.8500000000000       4.006600000000000E+033
   13.9000000000000       3.499100000000000E+033
   13.9500000000000       3.055800000000000E+033
   14.0000000000000       2.668600000000000E+033
   14.0500000000000       2.330300000000000E+033
   14.1000000000000       2.034900000000000E+033
   14.1500000000000       1.776800000000000E+033
   14.2000000000000       1.551400000000000E+033
   14.2500000000000       1.354500000000000E+033
   14.3000000000000       1.182600000000000E+033
   14.3500000000000       1.032400000000000E+033
   14.4000000000000       9.012800000000000E+032
   14.4500000000000       7.867900000000000E+032
   14.5000000000000       6.868100000000001E+032
   14.5500000000000       5.995100000000000E+032
   14.6000000000000       5.232900000000000E+032
   14.6500000000000       4.567400000000000E+032
   14.7000000000000       3.986400000000000E+032
   14.7500000000000       3.479100000000000E+032
   14.8000000000000       3.036300000000000E+032
   14.8500000000000       2.649800000000000E+032
   14.9000000000000       2.312400000000000E+032
   14.9500000000000       2.017900000000000E+032
   15.0000000000000       1.760800000000000E+032
   15.0500000000000       1.536400000000000E+032
   15.1000000000000       1.340600000000000E+032
   15.1500000000000       1.169600000000000E+032
   15.2000000000000       1.020500000000000E+032
   15.2500000000000       8.903200000000000E+031
   15.3000000000000       7.767300000000000E+031
   15.3500000000000       6.776000000000000E+031
   15.4000000000000       5.911100000000000E+031
   15.4500000000000       5.156400000000000E+031
   15.5000000000000       4.497900000000000E+031
   15.5500000000000       3.923300000000000E+031
   15.6000000000000       3.422100000000000E+031
   15.6500000000000       2.984800000000000E+031
   15.7000000000000       2.603200000000000E+031
   15.7500000000000       2.270400000000000E+031
   15.8000000000000       1.980100000000000E+031
   15.8500000000000       1.726800000000000E+031
   15.9000000000000       1.505900000000000E+031
   15.9500000000000       1.313200000000000E+031
   16.0000000000000       1.145100000000000E+031
   16.0500000000000       9.985099999999999E+030
   16.1000000000000       8.706500000000000E+030
   16.1500000000000       7.591400000000000E+030
   16.2000000000000       6.618900000000000E+030
   16.2500000000000       5.770900000000000E+030
   16.3000000000000       5.031300000000000E+030
   16.3500000000000       4.386400000000000E+030
   16.4000000000000       3.824000000000000E+030
   16.4500000000000       3.333600000000000E+030
   16.5000000000000       2.906100000000000E+030
   16.5500000000000       2.533300000000000E+030
   16.6000000000000       2.208200000000000E+030
   16.6500000000000       1.924800000000000E+030
   16.7000000000000       1.677700000000000E+030
   16.7500000000000       1.462300000000000E+030
   16.8000000000000       1.274600000000000E+030
   16.8500000000000       1.110800000000000E+030
   16.9000000000000       9.681500000000000E+029
   16.9500000000000       8.437500000000000E+029
   17.0000000000000       7.353200000000000E+029
   17.0500000000000       6.408000000000000E+029
   17.1000000000000       5.584200000000000E+029
   17.1500000000000       4.866200000000000E+029
   17.2000000000000       4.240300000000000E+029
   17.2500000000000       3.694900000000000E+029
   17.3000000000000       3.219500000000000E+029
   17.3500000000000       2.805200000000000E+029
   17.4000000000000       2.444200000000000E+029
   17.4500000000000       2.129500000000000E+029
   17.5000000000000       1.855400000000000E+029
   17.5500000000000       1.616400000000000E+029
   17.6000000000000       1.408300000000000E+029
   17.6500000000000       1.226800000000000E+029
   17.7000000000000       1.068800000000000E+029
   17.7500000000000       9.310500000000000E+028
   17.8000000000000       8.110500000000000E+028
   17.8500000000000       7.065000000000000E+028
   17.9000000000000       6.154100000000000E+028
   17.9500000000000       5.360500000000000E+028
   18.0000000000000       4.669200000000000E+028
   18.0500000000000       4.066900000000000E+028
   18.1000000000000       3.542200000000000E+028
   18.1500000000000       3.085100000000000E+028
   18.2000000000000       2.686900000000000E+028
   18.2500000000000       2.340100000000000E+028
   18.3000000000000       2.038000000000000E+028
   18.3500000000000       1.774800000000000E+028
   18.4000000000000       1.545600000000000E+028
   18.4500000000000       1.346000000000000E+028
   18.5000000000000       1.172100000000000E+028
   18.5500000000000       1.020700000000000E+028
   18.6000000000000       8.887700000000000E+027
   18.6500000000000       7.739000000000000E+027
   18.7000000000000       6.738600000000000E+027
   18.7500000000000       5.867400000000000E+027
   18.8000000000000       5.108699999999999E+027
   18.8500000000000       4.448000000000000E+027
   18.9000000000000       3.872700000000000E+027
   18.9500000000000       3.371700000000000E+027
   19.0000000000000       2.935400000000000E+027
   19.0500000000000       2.555600000000000E+027
   19.1000000000000       2.224800000000000E+027
   19.1500000000000       1.936800000000000E+027
   19.2000000000000       1.686100000000000E+027
   19.2500000000000       1.467800000000000E+027
   19.3000000000000       1.277700000000000E+027
   19.3500000000000       1.112200000000000E+027
   19.4000000000000       9.681400000000000E+026
   19.4500000000000       8.427100000000000E+026
   19.5000000000000       7.335200000000001E+026
   19.5500000000000       6.384600000000000E+026
   19.6000000000000       5.557100000000000E+026
   19.6500000000000       4.836700000000000E+026
   19.7000000000000       4.209600000000000E+026
   19.7500000000000       3.663800000000000E+026
   19.8000000000000       3.188700000000000E+026
   19.8500000000000       2.775100000000000E+026
   19.9000000000000       2.415100000000000E+026
   19.9500000000000       2.101800000000000E+026
   20.0000000000000       1.829100000000000E+026
   20.0500000000000       1.591700000000000E+026
   20.1000000000000       1.385100000000000E+026
   20.1500000000000       1.205300000000000E+026
   20.2000000000000       1.048800000000000E+026
   20.2500000000000       9.126599999999999E+025
   20.3000000000000       7.941500000000000E+025
   20.3500000000000       6.910100000000000E+025
   20.4000000000000       6.012500000000000E+025
   20.4500000000000       5.231500000000000E+025
   20.5000000000000       4.551800000000000E+025
   20.5500000000000       3.960300000000000E+025
   20.6000000000000       3.445600000000000E+025
   20.6500000000000       2.997800000000000E+025
   20.7000000000000       2.608100000000000E+025
   20.7500000000000       2.269000000000000E+025
   20.8000000000000       1.974000000000000E+025
   20.8500000000000       1.717300000000000E+025
   20.9000000000000       1.494000000000000E+025
   20.9500000000000       1.299600000000000E+025
   21.0000000000000       1.130600000000000E+025
   21.0500000000000       9.834900000000003E+024
   21.1000000000000       8.555200000000001E+024
   21.1500000000000       7.441900000000002E+024
   21.2000000000000       6.473300000000001E+024
   21.2500000000000       5.630700000000001E+024
   21.3000000000000       4.897700000000001E+024
   21.3500000000000       4.260000000000002E+024
   21.4000000000000       3.705300000000002E+024
   21.4500000000000       3.222800000000001E+024
   21.5000000000000       2.803100000000002E+024
   21.5500000000000       2.438000000000001E+024
   21.6000000000000       2.120400000000002E+024
   21.6500000000000       1.844100000000002E+024
   21.7000000000000       1.603800000000002E+024
   21.7500000000000       1.394800000000002E+024
   21.8000000000000       1.213000000000002E+024
   21.8500000000000       1.054900000000002E+024
   21.9000000000000       9.174000000000016E+023
   21.9500000000000       7.977900000000016E+023
   22.0000000000000       6.937700000000016E+023
   22.0500000000000       6.033000000000016E+023
   22.1000000000000       5.246200000000016E+023
   22.1500000000000       4.561900000000016E+023
   22.2000000000000       3.966900000000016E+023
   22.2500000000000       3.449300000000016E+023
   22.3000000000000       2.999300000000016E+023
   22.3500000000000       2.607900000000016E+023
   22.4000000000000       2.267600000000016E+023
   22.4500000000000       1.971600000000016E+023
   22.5000000000000       1.714300000000016E+023
   22.5500000000000       1.490500000000016E+023
   22.6000000000000       1.295900000000016E+023
   22.6500000000000       1.126700000000016E+023
   22.7000000000000       9.795700000000160E+022
   22.7500000000000       8.516400000000161E+022
   22.8000000000000       7.404100000000161E+022
   22.8500000000000       6.437000000000160E+022
   22.9000000000000       5.596100000000161E+022
   22.9500000000000       4.864900000000160E+022
   23.0000000000000       4.229300000000160E+022
   23.0500000000000       3.676600000000161E+022
   23.1000000000000       3.196100000000161E+022
   23.1500000000000       2.778400000000160E+022
   23.2000000000000       2.415200000000161E+022
   23.2500000000000       2.099500000000161E+022
   23.3000000000000       1.825000000000160E+022
   23.3500000000000       1.586400000000160E+022
   23.4000000000000       1.378900000000161E+022
   23.4500000000000       1.198600000000160E+022
   23.5000000000000       1.041800000000160E+022
   23.5500000000000       9.055500000001604E+021
   23.6000000000000       7.870900000001604E+021
   23.6500000000000       6.841200000001605E+021
   23.7000000000000       5.946100000001604E+021
   23.7500000000000       5.168000000001604E+021
   23.8000000000000       4.491700000001605E+021
   23.8500000000000       3.903900000001605E+021
   23.9000000000000       3.392900000001605E+021
   23.9500000000000       2.948800000001605E+021
   24.0000000000000       2.562700000001605E+021
   24.0500000000000       2.227200000001605E+021
   24.1000000000000       1.935600000001605E+021
   24.1500000000000       1.682100000001604E+021
   24.2000000000000       1.461800000001605E+021
   24.2500000000000       1.270400000001605E+021
   24.3000000000000       1.104000000001605E+021
   24.3500000000000       9.593500000016048E+020
   24.4000000000000       8.336700000016048E+020
   24.4500000000000       7.244400000016047E+020
   24.5000000000000       6.295200000016047E+020
   24.5500000000000       5.470200000016046E+020
   24.6000000000000       4.753400000016046E+020
   24.6500000000000       4.130400000016046E+020
   24.7000000000000       3.589000000016046E+020
   24.7500000000000       3.118500000016046E+020
   24.8000000000000       2.709700000016046E+020
   24.8500000000000       2.354400000016046E+020
   24.9000000000000       2.045700000016046E+020
   24.9500000000000       1.777400000016046E+020
   25.0000000000000       1.544300000016046E+020
