  0.000000000000000E+000  0.000000000000000E+000
  5.000000000000000E-002  1.854177740318918E+042
  0.100000000000000       4.577218944519865E+044
  0.150000000000000       1.906411576148898E+046
  0.200000000000000       3.241478547944325E+047
  0.250000000000000       1.130921544240302E+048
  0.300000000000000       2.125912361300177E+048
  0.350000000000000       3.547929054591436E+048
  0.400000000000000       5.457220686107905E+048
  0.450000000000000       7.811388811248664E+048
  0.500000000000000       1.025703614084167E+049
  0.550000000000000       1.251638985911171E+049
  0.600000000000000       1.445820318324156E+049
  0.650000000000000       1.600025398351620E+049
  0.700000000000000       1.708624262707054E+049
  0.750000000000000       1.774540254514075E+049
  0.800000000000000       1.793367433756062E+049
  0.850000000000000       1.788477695739151E+049
  0.900000000000000       1.751106248189632E+049
  0.950000000000000       1.690643301376778E+049
   1.00000000000000       1.611781669918530E+049
   1.05000000000000       1.520630983230977E+049
   1.10000000000000       1.420726546397258E+049
   1.15000000000000       1.316655586168269E+049
   1.20000000000000       1.209980066520571E+049
   1.25000000000000       1.106733291893140E+049
   1.30000000000000       1.007698944631490E+049
   1.35000000000000       9.141802156738242E+048
   1.40000000000000       8.275983886026674E+048
   1.45000000000000       7.460903218584793E+048
   1.50000000000000       6.691514455607579E+048
   1.55000000000000       5.974832269908091E+048
   1.60000000000000       5.346479877103384E+048
   1.65000000000000       4.768697878257765E+048
   1.70000000000000       4.229678392400976E+048
   1.75000000000000       3.742467871983495E+048
   1.80000000000000       3.325507913118977E+048
   1.85000000000000       2.943580007633653E+048
   1.90000000000000       2.597052881088014E+048
   1.95000000000000       2.287297353689342E+048
   2.00000000000000       2.024142161218562E+048
   2.05000000000000       1.782937636115041E+048
   2.10000000000000       1.568697316994413E+048
   2.15000000000000       1.377449545625632E+048
   2.20000000000000       1.213675239183113E+048
   2.25000000000000       1.066683497216284E+048
   2.30000000000000       9.358086497182636E+047
   2.35000000000000       8.205712931149305E+047
   2.40000000000000       7.198613319603690E+047
   2.45000000000000       6.301371011244266E+047
   2.50000000000000       5.521974853908975E+047
   2.55000000000000       4.829629032647711E+047
   2.60000000000000       4.216748923026154E+047
   2.65000000000000       3.679220635287121E+047
   2.70000000000000       3.211921164656729E+047
   2.75000000000000       2.803520165486596E+047
   2.80000000000000       2.435232253521977E+047
   2.85000000000000       2.114015977826015E+047
   2.90000000000000       1.842913856240836E+047
   2.95000000000000       1.605830960963439E+047
   3.00000000000000       1.385672325328771E+047
   3.05000000000000       1.197221437875122E+047
   3.10000000000000       1.038188920030380E+047
   3.15000000000000       9.082029609775334E+046
   3.20000000000000       7.849967083590806E+046
   3.25000000000000       6.707235091014433E+046
   3.30000000000000       5.803428334366629E+046
   3.35000000000000       5.029033456137574E+046
   3.40000000000000       4.374129417616169E+046
   3.45000000000000       3.763884464483685E+046
   3.50000000000000       3.214790926007273E+046
   3.55000000000000       2.774111898295064E+046
   3.60000000000000       2.394039146436442E+046
   3.65000000000000       2.066592608540406E+046
   3.70000000000000       1.782489067754542E+046
   3.75000000000000       1.525344124925438E+046
   3.80000000000000       1.310103065637599E+046
   3.85000000000000       1.124369086438393E+046
   3.90000000000000       9.662624974220493E+045
   3.95000000000000       8.334129711726467E+045
   4.00000000000000       7.137020471432071E+045
   4.05000000000000       6.109124509652001E+045
   4.10000000000000       5.237939164178136E+045
   4.15000000000000       4.477397039607058E+045
   4.20000000000000       3.849522830810858E+045
   4.25000000000000       3.310675177811952E+045
   4.30000000000000       2.838953331392547E+045
   4.35000000000000       2.420199047584449E+045
   4.40000000000000       2.057014371659688E+045
   4.45000000000000       1.762649853820806E+045
   4.50000000000000       1.522820868790460E+045
   4.55000000000000       1.307696286689786E+045
   4.60000000000000       1.106897926518175E+045
   4.65000000000000       9.253562734543697E+044
   4.70000000000000       7.929628973307067E+044
   4.75000000000000       6.845688124335106E+044
   4.80000000000000       5.894852699808876E+044
   4.85000000000000       4.974985482295720E+044
   4.90000000000000       4.185150907091883E+044
   4.95000000000000       3.610609925103753E+044
   5.00000000000000       3.114408772101098E+044
   5.05000000000000       2.682750971998304E+044
   5.10000000000000       2.271555872042387E+044
   5.15000000000000       1.900506087254924E+044
   5.20000000000000       1.629834539666227E+044
   5.25000000000000       1.402699080946208E+044
   5.30000000000000       1.205876026619735E+044
   5.35000000000000       1.022929000262313E+044
   5.40000000000000       8.565828955315672E+043
   5.45000000000000       7.254401124300719E+043
   5.50000000000000       6.277376542089323E+043
   5.55000000000000       5.356400977125882E+043
   5.60000000000000       4.434635637880508E+043
   5.65000000000000       3.719155861205382E+043
   5.70000000000000       3.159956703231356E+043
   5.75000000000000       2.737883756385483E+043
   5.80000000000000       2.349511030732842E+043
   5.85000000000000       1.980653732472697E+043
   5.90000000000000       1.593922188525636E+043
   5.95000000000000       1.341322376152701E+043
   6.00000000000000       1.160420822264479E+043
   6.05000000000000       1.004105076362840E+043
   6.10000000000000       8.562156074793603E+042
   6.15000000000000       7.220495414712497E+042
   6.20000000000000       6.017247210953097E+042
   6.25000000000000       4.675657211631401E+042
   6.30000000000000       4.053113028081568E+042
   6.35000000000000       3.452098040101276E+042
   6.40000000000000       2.928854080457015E+042
   6.45000000000000       2.448777192641326E+042
   6.50000000000000       1.428346288997663E+042
   6.55000000000000       1.223462928020487E+042
   6.60000000000000       1.050875067975195E+042
   6.65000000000000       8.931087250028015E+041
   6.70000000000000       7.584785782221078E+041
   6.75000000000000       5.006330056856953E+041
   6.80000000000000       4.261239338424407E+041
   6.85000000000000       2.082837369670007E+041
   6.90000000000000       1.746534639378525E+041
   6.95000000000000       7.355546473595150E+040
   7.00000000000000       4.350029824631968E+039
   7.05000000000000       2.427299174745210E+039
   7.10000000000000       1.314378419200000E+038
   7.15000000000000       1.126618662400000E+038
   7.20000000000000       9.654927744000001E+037
   7.25000000000000       8.273032768000000E+037
   7.30000000000000       7.087735424000000E+037
   7.35000000000000       6.071079168000000E+037
   7.40000000000000       5.199616576000000E+037
   7.45000000000000       4.452605695999999E+037
   7.50000000000000       3.812310656000000E+037
   7.55000000000000       3.263400448000000E+037
   7.60000000000000       2.793249536000000E+037
   7.65000000000000       2.390464876800000E+037
   7.70000000000000       2.045457075200000E+037
   7.75000000000000       1.749989472000000E+037
   7.80000000000000       1.496997779200000E+037
   7.85000000000000       1.280379654400000E+037
   7.90000000000000       1.094964640000000E+037
   7.95000000000000       9.362736768000001E+036
   8.00000000000000       8.004890431999999E+036
   8.05000000000000       6.842739904000000E+036
   8.10000000000000       5.848629248000000E+036
   8.15000000000000       4.998509824000000E+036
   8.20000000000000       4.271339072000000E+036
   8.25000000000000       3.649381120000000E+036
   8.30000000000000       3.117605568000000E+036
   8.35000000000000       2.662966028800000E+036
   8.40000000000000       2.274370067200000E+036
   8.45000000000000       1.942258348800000E+036
   8.50000000000000       1.658424275200000E+036
   8.55000000000000       1.415923801600000E+036
   8.60000000000000       1.208714707200000E+036
   8.65000000000000       1.031716716800000E+036
   8.70000000000000       8.805409536000000E+035
   8.75000000000000       7.514298175999999E+035
   8.80000000000000       6.411668032000000E+035
   8.85000000000000       5.470464384000000E+035
   8.90000000000000       4.666638592000000E+035
   8.95000000000000       3.980651136000000E+035
   9.00000000000000       3.395066752000000E+035
   9.05000000000000       2.895396134400000E+035
   9.10000000000000       2.468953625600000E+035
   9.15000000000000       2.105097702400000E+035
   9.20000000000000       1.794689881600000E+035
   9.25000000000000       1.529884294400000E+035
   9.30000000000000       1.304037504000000E+035
   9.35000000000000       1.111407897600000E+035
   9.40000000000000       9.471256255999999E+034
   9.45000000000000       8.070723584000000E+034
   9.50000000000000       6.876407999999999E+034
   9.55000000000000       5.858248704000000E+034
   9.60000000000000       4.990694015999999E+034
   9.65000000000000       4.250897728000000E+034
   9.70000000000000       3.620522752000000E+034
   9.75000000000000       3.083336256000000E+034
   9.80000000000000       2.625630515200000E+034
   9.85000000000000       2.235651756800000E+034
   9.90000000000000       1.903449856000000E+034
   9.95000000000000       1.620427424000000E+034
   10.0000000000000       1.379399929600000E+034
   10.0500000000000       1.174114726400000E+034
   10.1000000000000       9.992811136000000E+033
   10.1500000000000       8.504200319999999E+033
   10.2000000000000       7.236536384000000E+033
   10.2500000000000       6.157654271999999E+033
   10.3000000000000       5.238996224000001E+033
   10.3500000000000       4.457114816000000E+033
   10.4000000000000       3.791568704000000E+033
   10.4500000000000       3.224922624000000E+033
   10.5000000000000       2.743017939200000E+033
   10.5500000000000       2.332838323200000E+033
   10.6000000000000       1.983862496000000E+033
   10.6500000000000       1.686951974400000E+033
   10.7000000000000       1.434351072000000E+033
   10.7500000000000       1.219506534400000E+033
   10.8000000000000       1.036766931200000E+033
   10.8500000000000       8.813225343999999E+032
   10.9000000000000       7.491451968000000E+032
   10.9500000000000       6.367478656000000E+032
   11.0000000000000       5.411545215999999E+032
   11.0500000000000       4.599001791999999E+032
   11.1000000000000       3.907904000000000E+032
   11.1500000000000       3.320515967999999E+032
   11.2000000000000       2.821386444800000E+032
   11.2500000000000       2.397018131200000E+032
   11.3000000000000       2.036348652800000E+032
   11.3500000000000       1.729818675200000E+032
   11.4000000000000       1.469341843200000E+032
   11.4500000000000       1.248004172800000E+032
   11.5000000000000       1.059913747200000E+032
   11.5500000000000       9.001405951999999E+031
   11.6000000000000       7.643860223999999E+031
   11.6500000000000       6.490727936000000E+031
   11.7000000000000       5.511046464000000E+031
   11.7500000000000       4.678963520000000E+031
   11.8000000000000       3.972234112000000E+031
   11.8500000000000       3.372220544000000E+031
   11.9000000000000       2.862539680000000E+031
   11.9500000000000       2.429754342400000E+031
   12.0000000000000       2.062261062400000E+031
   12.0500000000000       1.750260019200000E+031
   12.1000000000000       1.485364249600000E+031
   12.1500000000000       1.260509465600000E+031
   12.2000000000000       1.069593324800000E+031
   12.2500000000000       9.075656127999999E+030
   12.3000000000000       7.700374527999999E+030
   12.3500000000000       6.532813055999999E+030
   12.4000000000000       5.542309695999999E+030
   12.4500000000000       4.701509119999999E+030
   12.5000000000000       3.988166336000000E+030
   12.5500000000000       3.382741824000000E+030
   12.6000000000000       2.869183116800000E+030
   12.6500000000000       2.433421760000000E+030
   12.7000000000000       2.063703980800000E+030
   12.7500000000000       1.750079654400000E+030
   12.8000000000000       1.484041574400000E+030
   12.8500000000000       1.258375148800000E+030
   12.9000000000000       1.066947974400000E+030
   12.9500000000000       9.046196544000001E+029
   13.0000000000000       7.669411904000000E+029
   13.0500000000000       6.501850432000000E+029
   13.1000000000000       5.511647680000000E+029
   13.1500000000000       4.672049536000000E+029
   13.2000000000000       3.960209792000000E+029
   13.2500000000000       3.356588928000000E+029
   13.3000000000000       2.844803808000000E+029
   13.3500000000000       2.410966342400000E+029
   13.4000000000000       2.043202515200000E+029
   13.4500000000000       1.731441958400000E+029
   13.5000000000000       1.467177465600000E+029
   13.5500000000000       1.243194444800000E+029
   13.6000000000000       1.053360492800000E+029
   13.6500000000000       8.924450304000000E+028
   13.7000000000000       7.560892415999999E+028
   13.7500000000000       6.405355264000000E+028
   13.8000000000000       5.426275007999999E+028
   13.8500000000000       4.596596928000000E+028
   13.9000000000000       3.893474816000000E+028
   13.9500000000000       3.297970368000000E+028
   14.0000000000000       2.793309657600000E+028
   14.0500000000000       2.365754899200000E+028
   14.1000000000000       2.003582380800000E+028
   14.1500000000000       1.696751795200000E+028
   14.2000000000000       1.436876179200000E+028
   14.2500000000000       1.216740940800000E+028
   14.3000000000000       1.030273798400000E+028
   14.3500000000000       8.723644159999999E+027
   14.4000000000000       7.386239167999999E+027
   14.4500000000000       6.253548224000000E+027
   14.5000000000000       5.294308095999999E+027
   14.5500000000000       4.482065280000000E+027
   14.6000000000000       3.794274176000000E+027
   14.6500000000000       3.211695872000000E+027
   14.7000000000000       2.718728812800000E+027
   14.7500000000000       2.301214361600000E+027
   14.8000000000000       1.947759475200000E+027
   14.8500000000000       1.648534272000000E+027
   14.9000000000000       1.395211910400000E+027
   14.9500000000000       1.180788224000000E+027
   15.0000000000000       9.992510528000001E+026
   15.0500000000000       8.456103039999999E+026
   15.1000000000000       7.155672832000000E+026
   15.1500000000000       6.054846336000000E+026
   15.2000000000000       5.123262144000000E+026
   15.2500000000000       4.334767360000000E+026
   15.3000000000000       3.667718208000000E+026
   15.3500000000000       3.102875776000000E+026
   15.4000000000000       2.625119481600000E+026
   15.4500000000000       2.220801721600000E+026
   15.5000000000000       1.878709817600000E+026
   15.5500000000000       1.589224313600000E+026
   15.6000000000000       1.344318976000000E+026
   15.6500000000000       1.137109881600000E+026
   15.7000000000000       9.617952959999999E+025
   15.7500000000000       8.134753088000000E+025
   15.8000000000000       6.880015296000000E+025
   15.8500000000000       5.818869055999999E+025
   15.9000000000000       4.920952959999999E+025
   15.9500000000000       4.161617152000000E+025
   16.0000000000000       3.519217856000000E+025
   16.0500000000000       2.975959078400000E+025
   16.1000000000000       2.516449689600000E+025
   16.1500000000000       2.127823667200000E+025
   16.2000000000000       1.799168940800000E+025
   16.2500000000000       1.521196723200000E+025
   16.3000000000000       1.286151328000000E+025
   16.3500000000000       1.087359257600000E+025
   16.4000000000000       9.192893248000000E+024
   16.4500000000000       7.771618624000002E+024
   16.5000000000000       6.569787840000001E+024
   16.5500000000000       5.553732800000001E+024
   16.6000000000000       4.694895744000001E+024
   16.6500000000000       3.968326208000001E+024
   16.7000000000000       3.354484672000000E+024
   16.7500000000000       2.835214412800000E+024
   16.8000000000000       2.396356793600001E+024
   16.8500000000000       2.025346400000001E+024
   16.9000000000000       1.711752134400001E+024
   16.9500000000000       1.446645939200001E+024
   17.0000000000000       1.222572736000001E+024
   17.0500000000000       1.033159635200001E+024
   17.1000000000000       8.730858752000010E+023
   17.1500000000000       7.377822144000011E+023
   17.2000000000000       6.234309312000011E+023
   17.2500000000000       5.267854592000011E+023
   17.3000000000000       4.451102656000011E+023
   17.3500000000000       3.760906688000010E+023
   17.4000000000000       3.177727168000011E+023
   17.4500000000000       2.684669926400011E+023
   17.5000000000000       2.268177542400011E+023
   17.5500000000000       1.916225696000011E+023
   17.6000000000000       1.618834201600012E+023
   17.6500000000000       1.367586035200012E+023
   17.7000000000000       1.155266604800012E+023
   17.7500000000000       9.758938112000115E+022
   17.8000000000000       8.243573184000116E+022
   17.8500000000000       6.963283712000113E+022
   17.9000000000000       5.881696128000113E+022
   17.9500000000000       4.967847808000112E+022
   18.0000000000000       4.196187072000113E+022
   18.0500000000000       3.543867712000112E+022
   18.1000000000000       2.993183916800114E+022
   18.1500000000000       2.527902854400114E+022
   18.2000000000000       2.134887955200114E+022
   18.2500000000000       1.802926540800114E+022
   18.3000000000000       1.522549459200114E+022
   18.3500000000000       1.285760537600114E+022
   18.4000000000000       1.085735974400114E+022
   18.4500000000000       9.168243392001139E+021
   18.5000000000000       7.741858432001138E+021
   18.5500000000000       6.537021568001139E+021
   18.6000000000000       5.519463488001140E+021
   18.6500000000000       4.660325824001140E+021
   18.7000000000000       3.934958720001140E+021
   18.7500000000000       3.322019008001140E+021
   18.8000000000000       2.804822944001140E+021
   18.8500000000000       2.367979398401140E+021
   18.9000000000000       1.999133382401140E+021
   18.9500000000000       1.687673433601140E+021
   19.0000000000000       1.424731616001140E+021
   19.0500000000000       1.202732608001140E+021
   19.1000000000000       1.015273459201140E+021
   19.1500000000000       8.570334080011405E+020
   19.2000000000000       7.234432128011401E+020
   19.2500000000000       6.106550912011401E+020
   19.3000000000000       5.154224768011401E+020
   19.3500000000000       4.350398976011401E+020
   19.4000000000000       3.671926720011401E+020
   19.4500000000000       3.099268480011401E+020
   19.5000000000000       2.615680390411402E+020
   19.5500000000000       2.207574969611402E+020
   19.6000000000000       1.863108262411402E+020
   19.6500000000000       1.572330144011402E+020
   19.7000000000000       1.326913772811402E+020
   19.7500000000000       1.119794860811402E+020
   19.8000000000000       9.449612480114018E+019
   19.8500000000000       7.974228416114018E+019
   19.9000000000000       6.729110080114017E+019
   19.9500000000000       5.678184512114018E+019
   20.0000000000000       4.791390912114018E+019
   20.0500000000000       4.042876992114018E+019
   20.1000000000000       3.411299584114017E+019
   20.1500000000000       2.878201356914017E+019
   20.2000000000000       2.428461728114017E+019
   20.2500000000000       2.048914067314017E+019
   20.3000000000000       1.728676364914017E+019
   20.3500000000000       1.458459833714017E+019
   20.4000000000000       1.230448665714017E+019
   20.4500000000000       1.038059545714017E+019
   20.5000000000000       8.757312257140171E+018
   20.5500000000000       7.387742209140171E+018
   20.6000000000000       6.232205057140171E+018
   20.6500000000000       5.257333313140171E+018
   20.7000000000000       4.434869825140171E+018
   20.7500000000000       3.741066561140171E+018
   20.8000000000000       3.155782785140171E+018
   20.8500000000000       2.661883841140171E+018
   20.9000000000000       2.245301274740171E+018
   20.9500000000000       1.893860461940171E+018
   21.0000000000000       1.597400852340171E+018
   21.0500000000000       1.347294996340171E+018
   21.1000000000000       1.136358362740171E+018
   21.1500000000000       9.584284875401713E+017
   21.2000000000000       8.083349131401713E+017
   21.2500000000000       6.817188235401716E+017
   21.3000000000000       5.749428619401716E+017
   21.3500000000000       4.848807051401716E+017
   21.4000000000000       4.089170635401716E+017
   21.4500000000000       3.448274379401713E+017
   21.5000000000000       2.908051742601714E+017
   21.5500000000000       2.452299953801714E+017
   21.6000000000000       2.067942565001714E+017
   21.6500000000000       1.743796958601714E+017
   21.7000000000000       1.470454104201714E+017
   21.7500000000000       1.239917829001714E+017
   21.8000000000000       1.045514635401714E+017
   21.8500000000000       8.815630322017141E+016
   21.9000000000000       7.433134130017141E+016
   21.9500000000000       6.267376306017141E+016
   22.0000000000000       5.284388146017141E+016
   22.0500000000000       4.455311282017141E+016
   22.1000000000000       3.756397682017141E+016
   22.1500000000000       3.166905394017141E+016
   22.2000000000000       2.670060491617142E+016
   22.2500000000000       2.251043000417142E+016
   22.3000000000000       1.897768478817142E+016
   22.3500000000000       1.599896011617142E+016
   22.4000000000000       1.348768088417142E+016
   22.4500000000000       1.137019813217142E+016
   22.5000000000000       9.585187828171420E+015
   22.5500000000000       8.080344180171420E+015
   22.6000000000000       6.811477812171420E+015
   22.6500000000000       5.741613940171420E+015
   22.7000000000000       4.840090548171420E+015
   22.7500000000000       4.079852916171420E+015
   22.8000000000000       3.438956660171420E+015
   22.8500000000000       2.898643840971420E+015
   22.9000000000000       2.443252781771420E+015
   22.9500000000000       2.059346304971420E+015
   23.0000000000000       1.735741792971420E+015
   23.0500000000000       1.462970093771420E+015
   23.1000000000000       1.233035034571420E+015
   23.1500000000000       1.039233056971420E+015
   23.2000000000000        875882669771420.     
   23.2500000000000        738174144971420.     
   23.3000000000000        622139456971420.     
   23.3500000000000        524321613771420.     
   23.4000000000000        441864839371420.     
   23.4500000000000        372394330571420.     
   23.5000000000000        313805831371420.     
   23.5500000000000        264458022091420.     
   23.6000000000000        222859887051420.     
   23.6500000000000        187802982091420.     
   23.7000000000000        158256221771420.     
   23.7500000000000        133356861131420.     
   23.8000000000000        112374422731420.     
   23.8500000000000        94692660171420.0     
   23.9000000000000        79788515531420.0     
   23.9500000000000        67232119371420.0     
   24.0000000000000        56650717771420.0     
   24.0500000000000        47731678411420.0     
   24.1000000000000        40219484491420.0     
   24.1500000000000        33888680011420.0     
   24.2000000000000        28551986187420.0     
   24.2500000000000        24056393547420.0     
   24.3000000000000        20268432139420.0     
   24.3500000000000        17076576395420.0     
   24.4000000000000        14387337227420.0     
   24.4500000000000        12121354123420.0     
   24.5000000000000        10212192715420.0     
   24.5500000000000        8603639307420.00     
   24.6000000000000        7248498443420.00     
   24.6500000000000        6106488651420.00     
   24.7000000000000        5144543051420.00     
   24.7500000000000        4334103883420.00     
   24.8000000000000        3651423115420.00     
   24.8500000000000        3076059403420.00     
   24.9000000000000        2591389125020.00     
   24.9500000000000        2183103339420.00     
   25.0000000000000        1839147665820.00     
