  0.000000000000000E+000  0.000000000000000E+000
  5.000000000000000E-002  1.688043117420955E+046
  0.100000000000000       1.841828909140833E+047
  0.150000000000000       1.464522149387857E+048
  0.200000000000000       6.287020780583185E+048
  0.250000000000000       1.796979518388574E+049
  0.300000000000000       3.886543893318755E+049
  0.350000000000000       6.840531929294603E+049
  0.400000000000000       1.031341433639458E+050
  0.450000000000000       1.422985273956966E+050
  0.500000000000000       1.835543188242869E+050
  0.550000000000000       2.253676994424801E+050
  0.600000000000000       2.670316131688299E+050
  0.650000000000000       3.070798991599302E+050
  0.700000000000000       3.446178322071985E+050
  0.750000000000000       3.793180507479361E+050
  0.800000000000000       4.104917324868231E+050
  0.850000000000000       4.384683899132388E+050
  0.900000000000000       4.621852912769944E+050
  0.950000000000000       4.815379280952715E+050
   1.00000000000000       4.965026541103881E+050
   1.05000000000000       5.080426265962359E+050
   1.10000000000000       5.158462423715927E+050
   1.15000000000000       5.200356083054174E+050
   1.20000000000000       5.210241252356904E+050
   1.25000000000000       5.193969515442970E+050
   1.30000000000000       5.152358185140709E+050
   1.35000000000000       5.086932032704055E+050
   1.40000000000000       5.001108507759482E+050
   1.45000000000000       4.898132127009933E+050
   1.50000000000000       4.779550399746022E+050
   1.55000000000000       4.647523918206448E+050
   1.60000000000000       4.505010504956557E+050
   1.65000000000000       4.353357292530259E+050
   1.70000000000000       4.196335123709257E+050
   1.75000000000000       4.034942707306514E+050
   1.80000000000000       3.868056441533850E+050
   1.85000000000000       3.698982837322852E+050
   1.90000000000000       3.528495428559161E+050
   1.95000000000000       3.359894871853803E+050
   2.00000000000000       3.193288449160530E+050
   2.05000000000000       3.029312385461664E+050
   2.10000000000000       2.868886100267523E+050
   2.15000000000000       2.714382652160186E+050
   2.20000000000000       2.562354694663414E+050
   2.25000000000000       2.416727386963118E+050
   2.30000000000000       2.275697626114956E+050
   2.35000000000000       2.141210491789713E+050
   2.40000000000000       2.014708523407211E+050
   2.45000000000000       1.891920844744177E+050
   2.50000000000000       1.773990117450902E+050
   2.55000000000000       1.661081139538528E+050
   2.60000000000000       1.551435564019721E+050
   2.65000000000000       1.448654325225912E+050
   2.70000000000000       1.351746318644567E+050
   2.75000000000000       1.260536303753860E+050
   2.80000000000000       1.176572278281792E+050
   2.85000000000000       1.096668081951464E+050
   2.90000000000000       1.020454599872039E+050
   2.95000000000000       9.476594877979600E+049
   3.00000000000000       8.785574077593582E+049
   3.05000000000000       8.137274027082483E+049
   3.10000000000000       7.507827959991754E+049
   3.15000000000000       6.973190530080028E+049
   3.20000000000000       6.472954391331736E+049
   3.25000000000000       6.004339996662163E+049
   3.30000000000000       5.549872190180817E+049
   3.35000000000000       5.113941836801738E+049
   3.40000000000000       4.708062275648633E+049
   3.45000000000000       4.325844065451310E+049
   3.50000000000000       3.978520124029138E+049
   3.55000000000000       3.668990982436968E+049
   3.60000000000000       3.393949580608436E+049
   3.65000000000000       3.132614996793167E+049
   3.70000000000000       2.879542484028969E+049
   3.75000000000000       2.639599482908161E+049
   3.80000000000000       2.417203680255852E+049
   3.85000000000000       2.208559859415751E+049
   3.90000000000000       2.020917792191991E+049
   3.95000000000000       1.856037266443825E+049
   4.00000000000000       1.709362767648518E+049
   4.05000000000000       1.567637300750927E+049
   4.10000000000000       1.433609623762809E+049
   4.15000000000000       1.311124721068301E+049
   4.20000000000000       1.197004172573390E+049
   4.25000000000000       1.085183256663648E+049
   4.30000000000000       9.917698052902312E+048
   4.35000000000000       9.079614858760879E+048
   4.40000000000000       8.314564807238401E+048
   4.45000000000000       7.571463888467098E+048
   4.50000000000000       6.920707305735056E+048
   4.55000000000000       6.312387520058762E+048
   4.60000000000000       5.724772326327334E+048
   4.65000000000000       5.185118994177205E+048
   4.70000000000000       4.729851728433732E+048
   4.75000000000000       4.310892170270573E+048
   4.80000000000000       3.920023580162436E+048
   4.85000000000000       3.559839634710503E+048
   4.90000000000000       3.244243348300197E+048
   4.95000000000000       2.947427762210216E+048
   5.00000000000000       2.666655847309529E+048
   5.05000000000000       2.419817867416563E+048
   5.10000000000000       2.196050416631814E+048
   5.15000000000000       1.990985675386305E+048
   5.20000000000000       1.804800926843965E+048
   5.25000000000000       1.634147581035247E+048
   5.30000000000000       1.483950695461870E+048
   5.35000000000000       1.346994673572208E+048
   5.40000000000000       1.215328041087064E+048
   5.45000000000000       1.102424590879666E+048
   5.50000000000000       9.966517568964515E+047
   5.55000000000000       9.019363354048428E+047
   5.60000000000000       8.155382187519888E+047
   5.65000000000000       7.348662267489044E+047
   5.70000000000000       6.663590040810267E+047
   5.75000000000000       6.038739326669879E+047
   5.80000000000000       5.441662341838070E+047
   5.85000000000000       4.928725977434681E+047
   5.90000000000000       4.447307641305479E+047
   5.95000000000000       4.013119518053065E+047
   6.00000000000000       3.624039060678395E+047
   6.05000000000000       3.250633156747963E+047
   6.10000000000000       2.945276160886358E+047
   6.15000000000000       2.659385404598014E+047
   6.20000000000000       2.401168217927079E+047
   6.25000000000000       2.169968885292095E+047
   6.30000000000000       1.953062564444256E+047
   6.35000000000000       1.761871144583924E+047
   6.40000000000000       1.583782047812307E+047
   6.45000000000000       1.421619334729830E+047
   6.50000000000000       1.281903371672082E+047
   6.55000000000000       1.154818543980993E+047
   6.60000000000000       1.045275093451088E+047
   6.65000000000000       9.418800496443769E+046
   6.70000000000000       8.468892931364209E+046
   6.75000000000000       7.622643378981806E+046
   6.80000000000000       6.854263637795859E+046
   6.85000000000000       6.132052143040234E+046
   6.90000000000000       5.513246579893870E+046
   6.95000000000000       4.966153013875210E+046
   7.00000000000000       4.492285355475234E+046
   7.05000000000000       4.032266600944370E+046
   7.10000000000000       3.634180773645715E+046
   7.15000000000000       3.264084120357139E+046
   7.20000000000000       2.931958981791395E+046
   7.25000000000000       2.616662990039236E+046
   7.30000000000000       2.342568411388938E+046
   7.35000000000000       2.112456271008093E+046
   7.40000000000000       1.869669396440677E+046
   7.45000000000000       1.677681200576163E+046
   7.50000000000000       1.512215579509818E+046
   7.55000000000000       1.362126763453006E+046
   7.60000000000000       1.210689758126633E+046
   7.65000000000000       1.076418424812888E+046
   7.70000000000000       9.581067599270070E+045
   7.75000000000000       8.624617608327156E+045
   7.80000000000000       7.769148125116665E+045
   7.85000000000000       7.002509665808133E+045
   7.90000000000000       6.230256987192440E+045
   7.95000000000000       5.588238600788185E+045
   8.00000000000000       5.005370504195937E+045
   8.05000000000000       4.430200735781906E+045
   8.10000000000000       3.920778618453113E+045
   8.15000000000000       3.513416154592301E+045
   8.20000000000000       3.020757469695810E+045
   8.25000000000000       2.727939970349069E+045
   8.30000000000000       2.455827912337526E+045
   8.35000000000000       2.217053947051496E+045
   8.40000000000000       1.978396013520159E+045
   8.45000000000000       1.742560784767556E+045
   8.50000000000000       1.547355736975966E+045
   8.55000000000000       1.203589886931136E+045
   8.60000000000000       1.088499362324784E+045
   8.65000000000000       9.814646575516234E+044
   8.70000000000000       8.841373815922142E+044
   8.75000000000000       7.980018332687106E+044
   8.80000000000000       7.119069667519298E+044
   8.85000000000000       6.267867928048250E+044
   8.90000000000000       4.815940413539966E+044
   8.95000000000000       4.380794965612502E+044
   9.00000000000000       3.972095120370632E+044
   9.05000000000000       3.268970079044501E+044
   9.10000000000000       2.940094739246280E+044
   9.15000000000000       2.650078877300982E+044
   9.20000000000000       2.360394105700905E+044
   9.25000000000000       1.983812611693045E+044
   9.30000000000000       1.763123891019523E+044
   9.35000000000000       1.497973112337822E+044
   9.40000000000000       1.362855675538433E+044
   9.45000000000000       1.170308025069335E+044
   9.50000000000000       6.997099108780940E+043
   9.55000000000000       6.275914219472526E+043
   9.60000000000000       5.557478138840212E+043
   9.65000000000000       3.176148435308452E+043
   9.70000000000000       2.738914463243974E+043
   9.75000000000000       2.511819018498705E+043
   9.80000000000000       2.314245187392380E+043
   9.85000000000000       2.118352554680032E+043
   9.90000000000000       1.923969325560596E+043
   9.95000000000000       1.730941565732767E+043
   10.0000000000000       1.539133096940156E+043
   10.0500000000000       1.348419292997585E+043
   10.1000000000000       1.160714518684804E+043
   10.1500000000000       4.644229364524336E+042
   10.2000000000000       4.267516978817842E+042
   10.2500000000000       3.897986285956506E+042
   10.3000000000000       3.534915174514936E+042
   10.3500000000000       3.177641385179351E+042
   10.4000000000000       2.825592407266828E+042
   10.4500000000000       2.478194992234669E+042
   10.5000000000000       1.615959352647409E+042
   10.5500000000000       2.914783363389570E+041
   10.6000000000000       2.615119729310387E+041
   10.6500000000000       2.345997766120353E+041
   10.7000000000000       2.104231018919746E+041
   10.7500000000000       1.887114003416603E+041
   10.8000000000000       1.692091536328805E+041
   10.8500000000000       1.516909038145541E+041
   10.9000000000000       1.349850163200000E+041
   10.9500000000000       1.210277868800000E+041
   11.0000000000000       1.085074636800000E+041
   11.0500000000000       9.727374272000000E+040
   11.1000000000000       8.720036864000000E+040
   11.1500000000000       7.816409216000000E+040
   11.2000000000000       7.005970048000000E+040
   11.2500000000000       6.279099903999999E+040
   11.3000000000000       5.627381760000000E+040
   11.3500000000000       5.042999808000000E+040
   11.4000000000000       4.519040064000000E+040
   11.4500000000000       4.049189760000000E+040
   11.5000000000000       3.628037952000000E+040
   11.5500000000000       3.250474304000000E+040
   11.6000000000000       2.912049817600000E+040
   11.6500000000000       2.608706284800000E+040
   11.7000000000000       2.336836409600000E+040
   11.7500000000000       2.093163564800000E+040
   11.8000000000000       1.874801913600000E+040
   11.8500000000000       1.679136166400000E+040
   11.9000000000000       1.503791520000000E+040
   11.9500000000000       1.346693779200000E+040
   12.0000000000000       1.205949113600000E+040
   12.0500000000000       1.079844057600000E+040
   12.1000000000000       9.668755712000000E+039
   12.1500000000000       8.656909184000000E+039
   12.2000000000000       7.750576064000000E+039
   12.2500000000000       6.938633855999999E+039
   12.3000000000000       6.211463103999999E+039
   12.3500000000000       5.560346176000000E+039
   12.4000000000000       4.976866048000000E+039
   12.4500000000000       4.454709952000000E+039
   12.5000000000000       3.986963904000000E+039
   12.5500000000000       3.568216960000000E+039
   12.6000000000000       3.193358784000000E+039
   12.6500000000000       2.857760012800000E+039
   12.7000000000000       2.557242195200000E+039
   12.7500000000000       2.288228096000000E+039
   12.8000000000000       2.047441088000000E+039
   12.8500000000000       1.831875091200000E+039
   12.9000000000000       1.638944876800000E+039
   12.9500000000000       1.466245580800000E+039
   13.0000000000000       1.311703008000000E+039
   13.0500000000000       1.173393267200000E+039
   13.1000000000000       1.049602892800000E+039
   13.1500000000000       9.388589055999999E+038
   13.2000000000000       8.397484480000001E+038
   13.2500000000000       7.510390272000000E+038
   13.3000000000000       6.717085759999999E+038
   13.3500000000000       6.007049664000000E+038
   13.4000000000000       5.372165568000000E+038
   13.4500000000000       4.804016448000000E+038
   13.5000000000000       4.295688320000000E+038
   13.5500000000000       3.841169023999999E+038
   13.6000000000000       3.434446400000000E+038
   13.6500000000000       3.070710720000000E+038
   13.7000000000000       2.745332620800000E+038
   13.7500000000000       2.454374137600000E+038
   13.8000000000000       2.194137792000000E+038
   13.8500000000000       1.961437139200000E+038
   13.9000000000000       1.753356281600000E+038
   13.9500000000000       1.567279929600000E+038
   14.0000000000000       1.400893401600000E+038
   14.0500000000000       1.252122502400000E+038
   14.1000000000000       1.119103462400000E+038
   14.1500000000000       1.000182937600000E+038
   14.2000000000000       8.938578880000000E+037
   14.2500000000000       7.988056383999999E+037
   14.3000000000000       7.138538175999999E+037
   14.3500000000000       6.378901760000000E+037
   14.4000000000000       5.699828287999999E+037
   14.4500000000000       5.093201344000000E+037
   14.5000000000000       4.550603904000000E+037
   14.5500000000000       4.066023808000000E+037
   14.6000000000000       3.632547072000000E+037
   14.6500000000000       3.245363968000000E+037
   14.7000000000000       2.899334099200000E+037
   14.7500000000000       2.590068588800000E+037
   14.8000000000000       2.313749715200000E+037
   14.8500000000000       2.066800243200000E+037
   14.9000000000000       1.846184032000000E+037
   14.9500000000000       1.649045305600000E+037
   15.0000000000000       1.472889017600000E+037
   15.0500000000000       1.315520729600000E+037
   15.1000000000000       1.174926368000000E+037
   15.1500000000000       1.049332345600000E+037
   15.2000000000000       9.371153792000000E+036
   15.2500000000000       8.368626111999999E+036
   15.3000000000000       7.473415488000000E+036
   15.3500000000000       6.673497600000000E+036
   15.4000000000000       5.959252991999999E+036
   15.4500000000000       5.321062208000000E+036
   15.5000000000000       4.751109440000000E+036
   15.5500000000000       4.242180096000000E+036
   15.6000000000000       3.787360192000000E+036
   15.6500000000000       3.381539392000000E+036
   15.7000000000000       3.019006144000000E+036
   15.7500000000000       2.695161145600000E+036
   15.8000000000000       2.406036371200000E+036
   15.8500000000000       2.147874220800000E+036
   15.9000000000000       1.917337945600000E+036
   15.9500000000000       1.711511648000000E+036
   16.0000000000000       1.527719916800000E+036
   16.0500000000000       1.363648070400000E+036
   16.1000000000000       1.217131731200000E+036
   16.1500000000000       1.086337190400000E+036
   16.2000000000000       9.695810432000000E+035
   16.2500000000000       8.653301888000000E+035
   16.3000000000000       7.722619520000000E+035
   16.3500000000000       6.892039616000000E+035
   16.4000000000000       6.150439680000000E+035
   16.4500000000000       5.488801472000000E+035
   16.5000000000000       4.897806144000000E+035
   16.5500000000000       4.370539712000000E+035
   16.6000000000000       3.899787584000000E+035
   16.6500000000000       3.479838208000000E+035
   16.7000000000000       3.104980032000000E+035
   16.7500000000000       2.770343206400000E+035
   16.8000000000000       2.471749280000000E+035
   16.8500000000000       2.205260288000000E+035
   16.9000000000000       1.967449299200000E+035
   16.9500000000000       1.755250112000000E+035
   17.0000000000000       1.565897132800000E+035
   17.0500000000000       1.396925376000000E+035
   17.1000000000000       1.246170464000000E+035
   17.1500000000000       1.111648384000000E+035
   17.2000000000000       9.916156096000000E+034
   17.2500000000000       8.845390399999999E+034
   17.3000000000000       7.889757567999999E+034
   17.3500000000000       7.037533887999999E+034
   17.4000000000000       6.276995648000000E+034
   17.4500000000000       5.598523392000001E+034
   17.5000000000000       4.993399488000000E+034
   17.5500000000000       4.453206911999999E+034
   17.6000000000000       3.971632896000000E+034
   17.6500000000000       3.542064064000000E+034
   17.7000000000000       3.158788864000000E+034
   17.7500000000000       2.816997568000000E+034
   17.8000000000000       2.512120934400000E+034
   17.8500000000000       2.240160876800000E+034
   17.9000000000000       1.997600281600000E+034
   17.9500000000000       1.781252704000000E+034
   18.0000000000000       1.588292428800000E+034
   18.0500000000000       1.416224409600000E+034
   18.1000000000000       1.262764025600000E+034
   18.1500000000000       1.125897203200000E+034
   18.2000000000000       1.003850355200000E+034
   18.2500000000000       8.950001984000000E+033
   18.3000000000000       7.979338752000000E+033
   18.3500000000000       7.113888319999999E+033
   18.4000000000000       6.342227584000000E+033
   18.4500000000000       5.654135871999999E+033
   18.5000000000000       5.040594943999999E+033
   18.5500000000000       4.493488384000000E+033
   18.6000000000000       4.005601600000000E+033
   18.6500000000000       3.570621824000000E+033
   18.7000000000000       3.182837504000000E+033
   18.7500000000000       2.837138304000000E+033
   18.8000000000000       2.528924921600000E+033
   18.8500000000000       2.254139148800000E+033
   18.9000000000000       2.009143628800000E+033
   18.9500000000000       1.790781977600000E+033
   19.0000000000000       1.596078176000000E+033
   19.0500000000000       1.422537177600000E+033
   19.1000000000000       1.267844300800000E+033
   19.1500000000000       1.129925350400000E+033
   19.2000000000000       1.007006739200000E+033
   19.2500000000000       8.974351231999999E+032
   19.3000000000000       7.997675840000000E+032
   19.3500000000000       7.127115072000000E+032
   19.4000000000000       6.351245824000000E+032
   19.4500000000000       5.659847424000000E+032
   19.5000000000000       5.043601024000000E+032
   19.5500000000000       4.494089599999999E+032
   19.6000000000000       4.004699776000000E+032
   19.6500000000000       3.568216960000000E+032
   19.7000000000000       3.179530816000000E+032
   19.7500000000000       2.833019974400000E+032
   19.8000000000000       2.524205376000000E+032
   19.8500000000000       2.249028812800000E+032
   19.9000000000000       2.003792806400000E+032
   19.9500000000000       1.785280851200000E+032
   20.0000000000000       1.590577049600000E+032
   20.0500000000000       1.417066112000000E+032
   20.1000000000000       1.262463417600000E+032
   20.1500000000000       1.124694771200000E+032
   20.2000000000000       1.001956524800000E+032
   20.2500000000000       8.925953344000000E+031
   20.3000000000000       7.951382207999999E+031
   20.3500000000000       7.083226304000000E+031
   20.4000000000000       6.309761920000000E+031
   20.4500000000000       5.620768384000000E+031
   20.5000000000000       5.006626240000000E+031
   20.5500000000000       4.459820287999999E+031
   20.6000000000000       3.972534720000000E+031
   20.6500000000000       3.538456768000000E+031
   20.7000000000000       3.151574272000000E+031
   20.7500000000000       2.807137625600000E+031
   20.8000000000000       2.500246918400000E+031
   20.8500000000000       2.226843942400000E+031
   20.9000000000000       1.983321401600000E+031
   20.9500000000000       1.766402668800000E+031
   21.0000000000000       1.573201907200000E+031
   21.0500000000000       1.401073766400000E+031
   21.1000000000000       1.247763686400000E+031
   21.1500000000000       1.111227532800000E+031
   21.2000000000000       9.896015360000000E+030
   21.2500000000000       8.812924736000000E+030
   21.3000000000000       7.847973056000000E+030
   21.3500000000000       6.988835392000000E+030
   21.4000000000000       6.223487424000000E+030
   21.4500000000000       5.541708480000000E+030
   21.5000000000000       4.934780928000000E+030
   21.5500000000000       4.394287743999999E+030
   21.6000000000000       3.912713728000000E+030
   21.6500000000000       3.484046720000000E+030
   21.7000000000000       3.102274560000000E+030
   21.7500000000000       2.762106547200000E+030
   21.8000000000000       2.459304108800000E+030
   21.8500000000000       2.189688793600000E+030
   21.9000000000000       1.949593184000000E+030
   21.9500000000000       1.735800774400000E+030
   22.0000000000000       1.545395667200000E+030
   22.0500000000000       1.375882816000000E+030
   22.1000000000000       1.224947539200000E+030
   22.1500000000000       1.090545702400000E+030
   22.2000000000000       9.708736576000000E+029
   22.2500000000000       8.643381823999999E+029
   22.3000000000000       7.694662976000000E+029
   22.3500000000000       6.849954496000000E+029
   22.4000000000000       6.097833279999999E+029
   22.4500000000000       5.428379264000000E+029
   22.5000000000000       4.832273600000000E+029
   22.5500000000000       4.301399872000000E+029
   22.6000000000000       3.829144704000000E+029
   22.6500000000000       3.408293504000000E+029
   22.7000000000000       3.034036544000000E+029
   22.7500000000000       2.700542028800000E+029
   22.8000000000000       2.403781811200000E+029
   22.8500000000000       2.139577440000000E+029
   22.9000000000000       1.904411801600000E+029
   22.9500000000000       1.695038329600000E+029
   23.0000000000000       1.508691430400000E+029
   23.0500000000000       1.342785875200000E+029
   23.1000000000000       1.195127225600000E+029
   23.1500000000000       1.063701408000000E+029
   23.2000000000000       9.466747135999999E+028
   23.2500000000000       8.425441024000000E+028
   23.3000000000000       7.498365952000000E+028
   23.3500000000000       6.673497600000001E+028
   23.4000000000000       5.939112256000000E+028
   23.4500000000000       5.285289856000000E+028
   23.5000000000000       4.703613376000000E+028
   23.5500000000000       4.185966400000000E+028
   23.6000000000000       3.725134336000000E+028
   23.6500000000000       3.314804416000000E+028
   23.7000000000000       2.949866303999999E+028
   23.7500000000000       2.624999238400000E+028
   23.8000000000000       2.335874464000000E+028
   23.8500000000000       2.078584076800000E+028
   23.9000000000000       1.849580902400000E+028
   23.9500000000000       1.645798739200000E+028
   24.0000000000000       1.464471993600000E+028
   24.0500000000000       1.303075558400000E+028
   24.1000000000000       1.159475116800000E+028
   24.1500000000000       1.031656595200000E+028
   24.2000000000000       9.179365887999999E+027
   24.2500000000000       8.167519359999999E+027
   24.3000000000000       7.266897792000000E+027
   24.3500000000000       6.465476864000000E+027
   24.4000000000000       5.752434687999999E+027
   24.4500000000000       5.118151807999999E+027
   24.5000000000000       4.553609983999999E+027
   24.5500000000000       4.051294016000000E+027
   24.6000000000000       3.604289920000000E+027
   24.6500000000000       3.206585536000000E+027
   24.7000000000000       2.852739859200000E+027
   24.7500000000000       2.537913100800000E+027
   24.8000000000000       2.257806566400000E+027
   24.8500000000000       2.008572473600000E+027
   24.9000000000000       1.786844012800000E+027
   24.9500000000000       1.589585043200000E+027
   25.0000000000000       1.414060032000000E+027
