  0.000000000000000E+000  0.000000000000000E+000
  5.000000000000000E-002  4.261256432366876E+048
  0.100000000000000       1.575481231022731E+049
  0.150000000000000       3.896410578589559E+049
  0.200000000000000       7.488044555741548E+049
  0.250000000000000       1.312262437382872E+050
  0.300000000000000       2.078103055695004E+050
  0.350000000000000       3.095423527954277E+050
  0.400000000000000       4.351357563345871E+050
  0.450000000000000       5.819675103955554E+050
  0.500000000000000       7.500198593828943E+050
  0.550000000000000       9.334894759731998E+050
  0.600000000000000       1.131971469801285E+051
  0.650000000000000       1.339091656057019E+051
  0.700000000000000       1.552949383244884E+051
  0.750000000000000       1.773440484623028E+051
  0.800000000000000       1.997329645036669E+051
  0.850000000000000       2.223947502639154E+051
  0.900000000000000       2.447316156015259E+051
  0.950000000000000       2.665428793352403E+051
   1.00000000000000       2.876712639497435E+051
   1.05000000000000       3.079771969105768E+051
   1.10000000000000       3.273228405195206E+051
   1.15000000000000       3.456916338214476E+051
   1.20000000000000       3.630758781196681E+051
   1.25000000000000       3.794471493518387E+051
   1.30000000000000       3.947383127210973E+051
   1.35000000000000       4.089364491928687E+051
   1.40000000000000       4.219454208347260E+051
   1.45000000000000       4.337757373722493E+051
   1.50000000000000       4.444625849859979E+051
   1.55000000000000       4.538085533209580E+051
   1.60000000000000       4.620897238413350E+051
   1.65000000000000       4.692304920476340E+051
   1.70000000000000       4.751818926504687E+051
   1.75000000000000       4.800754163793422E+051
   1.80000000000000       4.839066578147005E+051
   1.85000000000000       4.867543892870348E+051
   1.90000000000000       4.886841568723095E+051
   1.95000000000000       4.896727981902097E+051
   2.00000000000000       4.899135184213013E+051
   2.05000000000000       4.892146057365192E+051
   2.10000000000000       4.878998246785181E+051
   2.15000000000000       4.856444276682818E+051
   2.20000000000000       4.828493182990812E+051
   2.25000000000000       4.792895148340562E+051
   2.30000000000000       4.752952371284538E+051
   2.35000000000000       4.706583892309662E+051
   2.40000000000000       4.655818264934649E+051
   2.45000000000000       4.600102262029518E+051
   2.50000000000000       4.539364949395869E+051
   2.55000000000000       4.474882464095089E+051
   2.60000000000000       4.406894564368005E+051
   2.65000000000000       4.336101979734419E+051
   2.70000000000000       4.261381284996736E+051
   2.75000000000000       4.184830602236862E+051
   2.80000000000000       4.106033562412129E+051
   2.85000000000000       4.024897661429521E+051
   2.90000000000000       3.942584240681566E+051
   2.95000000000000       3.858367633497857E+051
   3.00000000000000       3.773313803978005E+051
   3.05000000000000       3.686752256261392E+051
   3.10000000000000       3.600168924983561E+051
   3.15000000000000       3.513162903599546E+051
   3.20000000000000       3.426013692299907E+051
   3.25000000000000       3.338962188612639E+051
   3.30000000000000       3.251619860029396E+051
   3.35000000000000       3.164538804893950E+051
   3.40000000000000       3.077077653046908E+051
   3.45000000000000       2.990269944116170E+051
   3.50000000000000       2.904111514126646E+051
   3.55000000000000       2.819600686941549E+051
   3.60000000000000       2.736696162879822E+051
   3.65000000000000       2.655694790125294E+051
   3.70000000000000       2.575405207124257E+051
   3.75000000000000       2.496205908776081E+051
   3.80000000000000       2.418101218715928E+051
   3.85000000000000       2.341406055319884E+051
   3.90000000000000       2.265965204675910E+051
   3.95000000000000       2.192507720368319E+051
   4.00000000000000       2.121469584138317E+051
   4.05000000000000       2.051654365065338E+051
   4.10000000000000       1.983629954084606E+051
   4.15000000000000       1.917344418085315E+051
   4.20000000000000       1.852976015929002E+051
   4.25000000000000       1.790867529890165E+051
   4.30000000000000       1.729962331408638E+051
   4.35000000000000       1.669861390153433E+051
   4.40000000000000       1.611672275851293E+051
   4.45000000000000       1.555362933785583E+051
   4.50000000000000       1.500863834699575E+051
   4.55000000000000       1.447635011220926E+051
   4.60000000000000       1.395050488712912E+051
   4.65000000000000       1.344601579766674E+051
   4.70000000000000       1.295527115762199E+051
   4.75000000000000       1.248008800733853E+051
   4.80000000000000       1.202229451877316E+051
   4.85000000000000       1.158592847133068E+051
   4.90000000000000       1.113680506041458E+051
   4.95000000000000       1.072073652291982E+051
   5.00000000000000       1.031081384756496E+051
   5.05000000000000       9.904389005118682E+050
   5.10000000000000       9.528049888108211E+050
   5.15000000000000       9.176219581032644E+050
   5.20000000000000       8.834529137245432E+050
   5.25000000000000       8.499229929548196E+050
   5.30000000000000       8.177397401635277E+050
   5.35000000000000       7.864761673356708E+050
   5.40000000000000       7.562355048553897E+050
   5.45000000000000       7.275228871543458E+050
   5.50000000000000       6.992697362981487E+050
   5.55000000000000       6.718110323789033E+050
   5.60000000000000       6.446925952603192E+050
   5.65000000000000       6.184196892047006E+050
   5.70000000000000       5.928154832801820E+050
   5.75000000000000       5.680264033975108E+050
   5.80000000000000       5.436015411551164E+050
   5.85000000000000       5.215179473912827E+050
   5.90000000000000       5.004396522772201E+050
   5.95000000000000       4.804446413575466E+050
   6.00000000000000       4.616784882109471E+050
   6.05000000000000       4.433214441288539E+050
   6.10000000000000       4.258314640203152E+050
   6.15000000000000       4.085787158121797E+050
   6.20000000000000       3.920414560618265E+050
   6.25000000000000       3.759477745350803E+050
   6.30000000000000       3.600586815017560E+050
   6.35000000000000       3.449571270084602E+050
   6.40000000000000       3.301402557559193E+050
   6.45000000000000       3.153603268533497E+050
   6.50000000000000       3.007280886179679E+050
   6.55000000000000       2.871920341145094E+050
   6.60000000000000       2.749949541276012E+050
   6.65000000000000       2.637896758535816E+050
   6.70000000000000       2.530041097626822E+050
   6.75000000000000       2.425843764930645E+050
   6.80000000000000       2.326853871190993E+050
   6.85000000000000       2.229624288997648E+050
   6.90000000000000       2.136113264035826E+050
   6.95000000000000       2.044942873994028E+050
   7.00000000000000       1.957458988883037E+050
   7.05000000000000       1.873184682112632E+050
   7.10000000000000       1.789620905700097E+050
   7.15000000000000       1.706818896601395E+050
   7.20000000000000       1.625782407144278E+050
   7.25000000000000       1.548707624420522E+050
   7.30000000000000       1.481481724735210E+050
   7.35000000000000       1.418196034929587E+050
   7.40000000000000       1.357121855863311E+050
   7.45000000000000       1.301589218034129E+050
   7.50000000000000       1.246232045106169E+050
   7.55000000000000       1.192664816646738E+050
   7.60000000000000       1.141858724934991E+050
   7.65000000000000       1.092348915494870E+050
   7.70000000000000       1.043716509518795E+050
   7.75000000000000       9.968275807281810E+049
   7.80000000000000       9.519367657981505E+049
   7.85000000000000       9.077472072092936E+049
   7.90000000000000       8.646438025973064E+049
   7.95000000000000       8.231136419121757E+049
   8.00000000000000       7.861194789346067E+049
   8.05000000000000       7.509026654794100E+049
   8.10000000000000       7.187456836264024E+049
   8.15000000000000       6.879278494390039E+049
   8.20000000000000       6.583062544086230E+049
   8.25000000000000       6.304343593954612E+049
   8.30000000000000       6.033476768707937E+049
   8.35000000000000       5.767558611658910E+049
   8.40000000000000       5.509809321788690E+049
   8.45000000000000       5.261613534964417E+049
   8.50000000000000       5.017972165673149E+049
   8.55000000000000       4.778558596496088E+049
   8.60000000000000       4.553620075423171E+049
   8.65000000000000       4.334300162562477E+049
   8.70000000000000       4.130733162685886E+049
   8.75000000000000       3.945295614905823E+049
   8.80000000000000       3.774562077185093E+049
   8.85000000000000       3.612067905095485E+049
   8.90000000000000       3.459230849338247E+049
   8.95000000000000       3.314593256188253E+049
   9.00000000000000       3.173367920229167E+049
   9.05000000000000       3.035586317253797E+049
   9.10000000000000       2.900382969492070E+049
   9.15000000000000       2.769661028286768E+049
   9.20000000000000       2.639803677269240E+049
   9.25000000000000       2.517224552227960E+049
   9.30000000000000       2.395222293637745E+049
   9.35000000000000       2.277571120451245E+049
   9.40000000000000       2.163938578946100E+049
   9.45000000000000       2.070417859291177E+049
   9.50000000000000       1.981083168390911E+049
   9.55000000000000       1.898525978734918E+049
   9.60000000000000       1.819366573360031E+049
   9.65000000000000       1.745658438194406E+049
   9.70000000000000       1.672938740100234E+049
   9.75000000000000       1.601374232681498E+049
   9.80000000000000       1.531244615181284E+049
   9.85000000000000       1.463050663874163E+049
   9.90000000000000       1.398111972122837E+049
   9.95000000000000       1.333278888729301E+049
   10.0000000000000       1.270175412250301E+049
   10.0500000000000       1.207313846267833E+049
   10.1000000000000       1.147059920627732E+049
   10.1500000000000       1.095127951264414E+049
   10.2000000000000       1.048112735197341E+049
   10.2500000000000       1.004898843541455E+049
   10.3000000000000       9.645093585914732E+048
   10.3500000000000       9.252662730149249E+048
   10.4000000000000       8.881904578000045E+048
   10.4500000000000       8.513505025700885E+048
   10.5000000000000       8.150830820292312E+048
   10.5500000000000       7.807186265764076E+048
   10.6000000000000       7.468931078176303E+048
   10.6500000000000       7.136924366486625E+048
   10.7000000000000       6.805220708394669E+048
   10.7500000000000       6.485711178158848E+048
   10.8000000000000       6.178133014269123E+048
   10.8500000000000       5.882415598980090E+048
   10.9000000000000       5.622674424270684E+048
   10.9500000000000       5.375749374460871E+048
   11.0000000000000       5.165641488831994E+048
   11.0500000000000       4.961923075755142E+048
   11.1000000000000       4.764751254351545E+048
   11.1500000000000       4.575610213154972E+048
   11.2000000000000       4.391653701390784E+048
   11.2500000000000       4.213591967076658E+048
   11.3000000000000       4.038145818988189E+048
   11.3500000000000       3.865626231687622E+048
   11.4000000000000       3.698059905916302E+048
   11.4500000000000       3.533572738791789E+048
   11.5000000000000       3.372025489654937E+048
   11.5500000000000       3.214496357920396E+048
   11.6000000000000       3.070044013645804E+048
   11.6500000000000       2.935760555991491E+048
   11.7000000000000       2.811897272630384E+048
   11.7500000000000       2.698769228000874E+048
   11.8000000000000       2.594080140649163E+048
   11.8500000000000       2.495858979872799E+048
   11.9000000000000       2.401102143461406E+048
   11.9500000000000       2.308002488551857E+048
   12.0000000000000       2.217231395911902E+048
   12.0500000000000       2.127818377340929E+048
   12.1000000000000       2.039925442594510E+048
   12.1500000000000       1.955149320652664E+048
   12.2000000000000       1.870687311160982E+048
   12.2500000000000       1.786883090957014E+048
   12.3000000000000       1.709503225131794E+048
   12.3500000000000       1.636008839429841E+048
   12.4000000000000       1.565927255389113E+048
   12.4500000000000       1.502015486477394E+048
   12.5000000000000       1.441222958448995E+048
   12.5500000000000       1.386697638792915E+048
   12.6000000000000       1.336886785193973E+048
   12.6500000000000       1.288156710954104E+048
   12.7000000000000       1.239817228825491E+048
   12.7500000000000       1.192521124883884E+048
   12.8000000000000       1.146540296050057E+048
   12.8500000000000       1.101054037637989E+048
   12.9000000000000       1.056796805892302E+048
   12.9500000000000       1.012864413578262E+048
   13.0000000000000       9.699951427207511E+047
   13.0500000000000       9.313652901303877E+047
   13.1000000000000       8.915984241922278E+047
   13.1500000000000       8.552865348500174E+047
   13.2000000000000       8.218945543780498E+047
   13.2500000000000       7.897860728996889E+047
   13.3000000000000       7.598818817766824E+047
   13.3500000000000       7.334851913519348E+047
   13.4000000000000       7.074487503883591E+047
   13.4500000000000       6.818313715383379E+047
   13.5000000000000       6.569833002906456E+047
   13.5500000000000       6.324673681877827E+047
   13.6000000000000       6.082820452552312E+047
   13.6500000000000       5.847705614800237E+047
   13.7000000000000       5.617045629280521E+047
   13.7500000000000       5.399064335173727E+047
   13.8000000000000       5.188098978969683E+047
   13.8500000000000       4.988357792876899E+047
   13.9000000000000       4.785629032095209E+047
   13.9500000000000       4.603123876746028E+047
   14.0000000000000       4.429595141662417E+047
   14.0500000000000       4.265006055363370E+047
   14.1000000000000       4.113740227118578E+047
   14.1500000000000       3.971433371372863E+047
   14.2000000000000       3.831090789032243E+047
   14.2500000000000       3.694693745883773E+047
   14.3000000000000       3.560078925457829E+047
   14.3500000000000       3.425094929787651E+047
   14.4000000000000       3.297484825321018E+047
   14.4500000000000       3.155145276075876E+047
   14.5000000000000       3.039222524010590E+047
   14.5500000000000       2.926116435126143E+047
   14.6000000000000       2.817790486756930E+047
   14.6500000000000       2.713459779657633E+047
   14.7000000000000       2.611782733784247E+047
   14.7500000000000       2.514464755453106E+047
   14.8000000000000       2.418790037334738E+047
   14.8500000000000       2.330938664639473E+047
   14.9000000000000       2.249542244052694E+047
   14.9500000000000       2.169938901954572E+047
   15.0000000000000       2.092904516492808E+047
   15.0500000000000       2.006486014310453E+047
   15.1000000000000       1.932658247274938E+047
   15.1500000000000       1.856638782285213E+047
   15.2000000000000       1.788534144720095E+047
   15.2500000000000       1.722746786531628E+047
   15.3000000000000       1.658449372874561E+047
   15.3500000000000       1.597181014223405E+047
   15.4000000000000       1.537816595024778E+047
   15.4500000000000       1.478753424156062E+047
   15.5000000000000       1.423277013572014E+047
   15.5500000000000       1.370728149505435E+047
   15.6000000000000       1.319865833446376E+047
   15.6500000000000       1.271607005473866E+047
   15.7000000000000       1.225919934805050E+047
   15.7500000000000       1.181596630468659E+047
   15.8000000000000       1.136896942399378E+047
   15.8500000000000       1.093209604186664E+047
   15.9000000000000       1.033486437677938E+047
   15.9500000000000       9.940746157568554E+046
   16.0000000000000       9.555595001409934E+046
   16.0500000000000       9.166384499726791E+046
   16.1000000000000       8.814865084124039E+046
   16.1500000000000       8.468513699908050E+046
   16.2000000000000       8.142644111701387E+046
   16.2500000000000       7.827296167831089E+046
   16.3000000000000       7.530110144443122E+046
   16.3500000000000       7.244366813579714E+046
   16.4000000000000       6.968755212692275E+046
   16.4500000000000       6.705446410363415E+046
   16.5000000000000       6.457478334763981E+046
   16.5500000000000       6.216214597363418E+046
   16.6000000000000       5.981412133882922E+046
   16.6500000000000       5.754571363797795E+046
   16.7000000000000       5.534180776725904E+046
   16.7500000000000       5.319533097693219E+046
   16.8000000000000       5.036395029690947E+046
   16.8500000000000       4.840878970777610E+046
   16.9000000000000       4.652061789881728E+046
   16.9500000000000       4.468512494770879E+046
   17.0000000000000       4.276784285671172E+046
   17.0500000000000       4.106581889223868E+046
   17.1000000000000       3.942577215179422E+046
   17.1500000000000       3.784785426698718E+046
   17.2000000000000       3.617003013348962E+046
   17.2500000000000       3.476059985503227E+046
   17.3000000000000       3.339801695753687E+046
   17.3500000000000       3.207620737774776E+046
   17.4000000000000       3.078763422207798E+046
   17.4500000000000       2.955551362130036E+046
   17.5000000000000       2.836175357396644E+046
   17.5500000000000       2.720874625639850E+046
   17.6000000000000       2.607428489548543E+046
   17.6500000000000       2.500352321125275E+046
   17.7000000000000       2.396800229253567E+046
   17.7500000000000       2.296651476005412E+046
   17.8000000000000       2.198275324811687E+046
   17.8500000000000       2.104754474412337E+046
   17.9000000000000       2.016054709556833E+046
   17.9500000000000       1.930817825649600E+046
   18.0000000000000       1.850115344269345E+046
   18.0500000000000       1.773077064678373E+046
   18.1000000000000       1.698773667688488E+046
   18.1500000000000       1.619990340559690E+046
   18.2000000000000       1.551448206394087E+046
   18.2500000000000       1.485353464061864E+046
   18.3000000000000       1.421657987283936E+046
   18.3500000000000       1.350892946291054E+046
   18.4000000000000       1.292433527628143E+046
   18.4500000000000       1.236133953025308E+046
   18.5000000000000       1.181946189988902E+046
   18.5500000000000       1.129726196038547E+046
   18.6000000000000       1.071392622998051E+046
   18.6500000000000       1.019394424229577E+046
   18.7000000000000       9.739613730999390E+045
   18.7500000000000       9.300858325946076E+045
   18.8000000000000       8.884475094585262E+045
   18.8500000000000       8.492550667646615E+045
   18.9000000000000       8.116466210093685E+045
   18.9500000000000       7.755501718606176E+045
   19.0000000000000       7.408937189287907E+045
   19.0500000000000       7.076532617531706E+045
   19.1000000000000       6.757327997843845E+045
   19.1500000000000       6.451083323613145E+045
   19.2000000000000       6.157558586803070E+045
   19.2500000000000       5.876033777535006E+045
   19.3000000000000       5.606268883514774E+045
   19.3500000000000       5.347543889228658E+045
   19.4000000000000       5.099378774792650E+045
   19.4500000000000       4.861533514266115E+045
   19.5000000000000       4.632459872135238E+045
   19.5500000000000       4.357090998897069E+045
   19.6000000000000       4.155081433331823E+045
   19.6500000000000       3.961951863731158E+045
   19.7000000000000       3.776982289717541E+045
   19.7500000000000       3.600412710851495E+045
   19.8000000000000       3.431283126617469E+045
   19.8500000000000       3.269833536405576E+045
   19.9000000000000       3.115343939487642E+045
   19.9500000000000       2.967814334985429E+045
   20.0000000000000       2.826764721827812E+045
   20.0500000000000       2.692195098692136E+045
   20.1000000000000       2.563625463922374E+045
   20.1500000000000       2.440575815412613E+045
   20.2000000000000       2.323238150437215E+045
   20.2500000000000       2.210893711395994E+045
   20.3000000000000       2.095040574639095E+045
   20.3500000000000       1.993977784736771E+045
   20.4000000000000       1.897671043884437E+045
   20.4500000000000       1.805780302069625E+045
   20.5000000000000       1.718161559239581E+045
   20.5500000000000       1.634598815335228E+045
   20.6000000000000       1.554948070289950E+045
   20.6500000000000       1.478993324028047E+045
   20.7000000000000       1.406638576462740E+045
   20.7500000000000       1.337643827493572E+045
   20.8000000000000       1.271937077002939E+045
   20.8500000000000       1.209302324851388E+045
   20.9000000000000       1.149643570871100E+045
   20.9500000000000       1.092816814856637E+045
   21.0000000000000       1.038702056551418E+045
   21.0500000000000       9.851625760818331E+044
   21.1000000000000       9.362889894841323E+044
   21.1500000000000       8.897674028420827E+044
   21.2000000000000       8.455018161537150E+044
   21.2500000000000       8.033482294168757E+044
   21.3000000000000       7.632586426291999E+044
   21.3500000000000       7.251130557880791E+044
   21.4000000000000       6.888154688906195E+044
   21.4500000000000       6.542938819335928E+044
   21.5000000000000       6.214522949133735E+044
   21.5500000000000       5.902187078258591E+044
   21.6000000000000       5.605211206663687E+044
   21.6500000000000       5.322875334295079E+044
   21.7000000000000       5.054459461089893E+044
   21.7500000000000       4.799003586973867E+044
   21.8000000000000       4.555440000000000E+044
   21.8500000000000       4.324800000000000E+044
   21.9000000000000       4.105680000000000E+044
   21.9500000000000       3.897600000000000E+044
   22.0000000000000       3.699600000000000E+044
   22.0500000000000       3.511680000000000E+044
   22.1000000000000       3.332880000000000E+044
   22.1500000000000       3.163200000000000E+044
   22.2000000000000       3.001920000000000E+044
   22.2500000000000       2.848800000000000E+044
   22.3000000000000       2.703360000000000E+044
   22.3500000000000       2.565120000000000E+044
   22.4000000000000       2.433840000000000E+044
   22.4500000000000       2.309328000000000E+044
   22.5000000000000       2.190984000000000E+044
   22.5500000000000       2.078616000000000E+044
   22.6000000000000       1.971912000000000E+044
   22.6500000000000       1.870608000000000E+044
   22.7000000000000       1.774440000000000E+044
   22.7500000000000       1.683144000000000E+044
   22.8000000000000       1.596504000000000E+044
   22.8500000000000       1.514208000000000E+044
   22.9000000000000       1.436112000000000E+044
   22.9500000000000       1.362024000000000E+044
   23.0000000000000       1.291656000000000E+044
   23.0500000000000       1.224912000000000E+044
   23.1000000000000       1.161576000000000E+044
   23.1500000000000       1.101432000000000E+044
   23.2000000000000       1.044408000000000E+044
   23.2500000000000       9.902880000000000E+043
   23.3000000000000       9.389280000000001E+043
   23.3500000000000       8.902080000000000E+043
   23.4000000000000       8.439840000000000E+043
   23.4500000000000       8.001360000000001E+043
   23.5000000000000       7.585200000000001E+043
   23.5500000000000       7.190640000000000E+043
   23.6000000000000       6.816240000000000E+043
   23.6500000000000       6.461280000000000E+043
   23.7000000000000       6.124320000000001E+043
   23.7500000000000       5.805120000000000E+043
   23.8000000000000       5.502240000000000E+043
   23.8500000000000       5.214960000000000E+043
   23.9000000000000       4.942320000000000E+043
   23.9500000000000       4.684080000000000E+043
   24.0000000000000       4.439040000000000E+043
   24.0500000000000       4.206720000000000E+043
   24.1000000000000       3.986400000000000E+043
   24.1500000000000       3.777600000000000E+043
   24.2000000000000       3.579600000000000E+043
   24.2500000000000       3.391680000000000E+043
   24.3000000000000       3.213840000000000E+043
   24.3500000000000       3.045120000000000E+043
   24.4000000000000       2.885040000000000E+043
   24.4500000000000       2.733360000000000E+043
   24.5000000000000       2.589600000000000E+043
   24.5500000000000       2.453280000000000E+043
   24.6000000000000       2.324208000000000E+043
   24.6500000000000       2.201760000000000E+043
   24.7000000000000       2.085720000000000E+043
   24.7500000000000       1.975752000000000E+043
   24.8000000000000       1.871520000000000E+043
   24.8500000000000       1.772736000000000E+043
   24.9000000000000       1.679112000000000E+043
   24.9500000000000       1.590408000000000E+043
   25.0000000000000       1.506336000000000E+043
