  0.000000000000000E+000  0.000000000000000E+000
  5.000000000000000E-002  3.631533921095372E+048
  0.100000000000000       1.405384063105788E+049
  0.150000000000000       3.442280667296121E+049
  0.200000000000000       6.596625441712430E+049
  0.250000000000000       1.173634678042766E+050
  0.300000000000000       1.863874417337509E+050
  0.350000000000000       2.794860214398804E+050
  0.400000000000000       3.928870196105518E+050
  0.450000000000000       5.269240220493894E+050
  0.500000000000000       6.782190062634817E+050
  0.550000000000000       8.441356081499573E+050
  0.600000000000000       1.019441869351999E+051
  0.650000000000000       1.200754617970239E+051
  0.700000000000000       1.388320002003954E+051
  0.750000000000000       1.578762486656273E+051
  0.800000000000000       1.771402050987479E+051
  0.850000000000000       1.960889858176734E+051
  0.900000000000000       2.145150376303938E+051
  0.950000000000000       2.322892038890530E+051
   1.00000000000000       2.492698723386297E+051
   1.05000000000000       2.653723785462710E+051
   1.10000000000000       2.806293615732898E+051
   1.15000000000000       2.949560865753775E+051
   1.20000000000000       3.082913842980782E+051
   1.25000000000000       3.206975995097897E+051
   1.30000000000000       3.319376613611477E+051
   1.35000000000000       3.421430177916507E+051
   1.40000000000000       3.513435771900876E+051
   1.45000000000000       3.593093449599038E+051
   1.50000000000000       3.662867676987051E+051
   1.55000000000000       3.721040359781271E+051
   1.60000000000000       3.770742096825988E+051
   1.65000000000000       3.809799614920315E+051
   1.70000000000000       3.839437283729285E+051
   1.75000000000000       3.860331284035986E+051
   1.80000000000000       3.872453093541885E+051
   1.85000000000000       3.877674661638494E+051
   1.90000000000000       3.873808868566395E+051
   1.95000000000000       3.864276990000315E+051
   2.00000000000000       3.846876832120198E+051
   2.05000000000000       3.824226754823093E+051
   2.10000000000000       3.793816036841423E+051
   2.15000000000000       3.759720126063073E+051
   2.20000000000000       3.719400112673556E+051
   2.25000000000000       3.675401640520476E+051
   2.30000000000000       3.626878737697620E+051
   2.35000000000000       3.574875371020089E+051
   2.40000000000000       3.519360326214005E+051
   2.45000000000000       3.461002962151108E+051
   2.50000000000000       3.399328947838014E+051
   2.55000000000000       3.334680943383169E+051
   2.60000000000000       3.267674808568500E+051
   2.65000000000000       3.198735759762920E+051
   2.70000000000000       3.129652130373505E+051
   2.75000000000000       3.058533825492204E+051
   2.80000000000000       2.986773025076630E+051
   2.85000000000000       2.913983682704955E+051
   2.90000000000000       2.840844844648484E+051
   2.95000000000000       2.766357700107428E+051
   3.00000000000000       2.692339691386915E+051
   3.05000000000000       2.617837778485403E+051
   3.10000000000000       2.543910329614556E+051
   3.15000000000000       2.469845407567437E+051
   3.20000000000000       2.396258732146442E+051
   3.25000000000000       2.322928166665910E+051
   3.30000000000000       2.250683159359988E+051
   3.35000000000000       2.179480805534884E+051
   3.40000000000000       2.109752781740030E+051
   3.45000000000000       2.041703881551485E+051
   3.50000000000000       1.974732205391503E+051
   3.55000000000000       1.908312558729757E+051
   3.60000000000000       1.842878477967371E+051
   3.65000000000000       1.778662646434984E+051
   3.70000000000000       1.716811761044859E+051
   3.75000000000000       1.656504220887195E+051
   3.80000000000000       1.597734495271539E+051
   3.85000000000000       1.540365757559784E+051
   3.90000000000000       1.484664051726286E+051
   3.95000000000000       1.430861494300431E+051
   4.00000000000000       1.378259971973088E+051
   4.05000000000000       1.326481161139250E+051
   4.10000000000000       1.276322634117570E+051
   4.15000000000000       1.228394094893032E+051
   4.20000000000000       1.181868563173150E+051
   4.25000000000000       1.136170264416163E+051
   4.30000000000000       1.091841982203034E+051
   4.35000000000000       1.049023998319306E+051
   4.40000000000000       1.007324641854866E+051
   4.45000000000000       9.674315397897808E+050
   4.50000000000000       9.294364835153386E+050
   4.55000000000000       8.920186231529777E+050
   4.60000000000000       8.555109385013957E+050
   4.65000000000000       8.196658195081893E+050
   4.70000000000000       7.845933003810343E+050
   4.75000000000000       7.523036960916895E+050
   4.80000000000000       7.219184878352479E+050
   4.85000000000000       6.923873285785081E+050
   4.90000000000000       6.626431680537804E+050
   4.95000000000000       6.357088282399339E+050
   5.00000000000000       6.094648873718953E+050
   5.05000000000000       5.846229615416289E+050
   5.10000000000000       5.603021205348610E+050
   5.15000000000000       5.366877698478810E+050
   5.20000000000000       5.132896699981170E+050
   5.25000000000000       4.906779353161761E+050
   5.30000000000000       4.687651710337477E+050
   5.35000000000000       4.473592529014286E+050
   5.40000000000000       4.265931723754632E+050
   5.45000000000000       4.080577006287967E+050
   5.50000000000000       3.903043961398288E+050
   5.55000000000000       3.739336420936957E+050
   5.60000000000000       3.581007036579806E+050
   5.65000000000000       3.428563803416304E+050
   5.70000000000000       3.279745254380335E+050
   5.75000000000000       3.137258080691662E+050
   5.80000000000000       2.998658604251470E+050
   5.85000000000000       2.861108602467442E+050
   5.90000000000000       2.731999201780445E+050
   5.95000000000000       2.604095327389717E+050
   6.00000000000000       2.477247541679023E+050
   6.05000000000000       2.351293928952510E+050
   6.10000000000000       2.239300730983163E+050
   6.15000000000000       2.140170759143301E+050
   6.20000000000000       2.047185567721796E+050
   6.25000000000000       1.956695543487825E+050
   6.30000000000000       1.870610820643179E+050
   6.35000000000000       1.786604496717416E+050
   6.40000000000000       1.706093866915892E+050
   6.45000000000000       1.627951171578674E+050
   6.50000000000000       1.552258321627430E+050
   6.55000000000000       1.479444129473826E+050
   6.60000000000000       1.407516632839203E+050
   6.65000000000000       1.336701461547960E+050
   6.70000000000000       1.266845591904571E+050
   6.75000000000000       1.203211744242542E+050
   6.80000000000000       1.148053264295044E+050
   6.85000000000000       1.095468555141111E+050
   6.90000000000000       1.046814121299311E+050
   6.95000000000000       9.990815209374250E+049
   7.00000000000000       9.529019703904965E+049
   7.05000000000000       9.095009143602619E+049
   7.10000000000000       8.666933434232806E+049
   7.15000000000000       8.250271815055544E+049
   7.20000000000000       7.848631165636589E+049
   7.25000000000000       7.459435127019607E+049
   7.30000000000000       7.073606400278383E+049
   7.35000000000000       6.709827116375801E+049
   7.40000000000000       6.353927592918345E+049
   7.45000000000000       6.052178650252351E+049
   7.50000000000000       5.766518917907354E+049
   7.55000000000000       5.504402943124311E+049
   7.60000000000000       5.248602190443272E+049
   7.65000000000000       5.010624947967956E+049
   7.70000000000000       4.776973478336441E+049
   7.75000000000000       4.551521564722780E+049
   7.80000000000000       4.328999108311172E+049
   7.85000000000000       4.116821906050970E+049
   7.90000000000000       3.906065251106599E+049
   7.95000000000000       3.704408227883617E+049
   8.00000000000000       3.507394848059051E+049
   8.05000000000000       3.317436799836063E+049
   8.10000000000000       3.149485734559639E+049
   8.15000000000000       3.003177931786393E+049
   8.20000000000000       2.862789535508540E+049
   8.25000000000000       2.734383233818602E+049
   8.30000000000000       2.611040151122292E+049
   8.35000000000000       2.492434950220928E+049
   8.40000000000000       2.374703054790912E+049
   8.45000000000000       2.260086227510397E+049
   8.50000000000000       2.147827806623213E+049
   8.55000000000000       2.039788666514246E+049
   8.60000000000000       1.934834657257163E+049
   8.65000000000000       1.831207823107234E+049
   8.70000000000000       1.730275273278104E+049
   8.75000000000000       1.634582740110471E+049
   8.80000000000000       1.560400762400452E+049
   8.85000000000000       1.489433441646199E+049
   8.90000000000000       1.424563755359554E+049
   8.95000000000000       1.363159529746494E+049
   9.00000000000000       1.302288809977079E+049
   9.05000000000000       1.242621193488419E+049
   9.10000000000000       1.183493039205617E+049
   9.15000000000000       1.127469667448482E+049
   9.20000000000000       1.072588828279203E+049
   9.25000000000000       1.018619594347060E+049
   9.30000000000000       9.657331653007686E+048
   9.35000000000000       9.131435626335052E+048
   9.40000000000000       8.643611412741983E+048
   9.45000000000000       8.216474465272411E+048
   9.50000000000000       7.842242046688832E+048
   9.55000000000000       7.507802192774243E+048
   9.60000000000000       7.199680000386928E+048
   9.65000000000000       6.894495906944475E+048
   9.70000000000000       6.591465018909952E+048
   9.75000000000000       6.296824911929855E+048
   9.80000000000000       6.015452607478016E+048
   9.85000000000000       5.739900089204604E+048
   9.90000000000000       5.464875035804491E+048
   9.95000000000000       5.195661313223246E+048
   10.0000000000000       4.938245854544964E+048
   10.0500000000000       4.682098799158802E+048
   10.1000000000000       4.446314684968041E+048
   10.1500000000000       4.242840953568328E+048
   10.2000000000000       4.049687932644513E+048
   10.2500000000000       3.883817769141074E+048
   10.3000000000000       3.728847209321647E+048
   10.3500000000000       3.574620778512837E+048
   10.4000000000000       3.427151197656092E+048
   10.4500000000000       3.283034931999363E+048
   10.5000000000000       3.140478052673703E+048
   10.5500000000000       3.002452367013834E+048
   10.6000000000000       2.865176752643197E+048
   10.6500000000000       2.730625896653076E+048
   10.7000000000000       2.599298747237190E+048
   10.7500000000000       2.469880303283037E+048
   10.8000000000000       2.359042502343803E+048
   10.8500000000000       2.255349724814440E+048
   10.9000000000000       2.153084972024458E+048
   10.9500000000000       2.064067688832912E+048
   11.0000000000000       1.985390715152769E+048
   11.0500000000000       1.907485989159704E+048
   11.1000000000000       1.832254124810616E+048
   11.1500000000000       1.758041178381356E+048
   11.2000000000000       1.684655177445873E+048
   11.2500000000000       1.613606244177551E+048
   11.3000000000000       1.542726111274080E+048
   11.3500000000000       1.472189605896529E+048
   11.4000000000000       1.404196234422641E+048
   11.4500000000000       1.340953096405752E+048
   11.5000000000000       1.283191529387405E+048
   11.5500000000000       1.228447889880641E+048
   11.6000000000000       1.175445259727610E+048
   11.6500000000000       1.126701302827867E+048
   11.7000000000000       1.083689936247471E+048
   11.7500000000000       1.042718179301650E+048
   11.8000000000000       1.002721697478008E+048
   11.8500000000000       9.631722944674332E+047
   11.9000000000000       9.245141356883731E+047
   11.9500000000000       8.865074552498014E+047
   12.0000000000000       8.487194807014456E+047
   12.0500000000000       8.114505770692559E+047
   12.1000000000000       7.763544522481057E+047
   12.1500000000000       7.431735704027345E+047
   12.2000000000000       7.124064260968478E+047
   12.2500000000000       6.829898491943238E+047
   12.3000000000000       6.549195227492959E+047
   12.3500000000000       6.281131154264879E+047
   12.4000000000000       6.033967421914059E+047
   12.4500000000000       5.809667205390852E+047
   12.5000000000000       5.592230368785117E+047
   12.5500000000000       5.376692102252750E+047
   12.6000000000000       5.165475962842724E+047
   12.6500000000000       4.958606223416672E+047
   12.7000000000000       4.755609813765916E+047
   12.7500000000000       4.555247718432615E+047
   12.8000000000000       4.371111683798172E+047
   12.8500000000000       4.189666123208268E+047
   12.9000000000000       4.021604031308419E+047
   12.9500000000000       3.859189839168352E+047
   13.0000000000000       3.707508838971078E+047
   13.0500000000000       3.559165156605069E+047
   13.1000000000000       3.416318178214623E+047
   13.1500000000000       3.287892954530104E+047
   13.2000000000000       3.165699702046269E+047
   13.2500000000000       3.045247979504736E+047
   13.3000000000000       2.925851492419426E+047
   13.3500000000000       2.811774930765618E+047
   13.4000000000000       2.685473986747464E+047
   13.4500000000000       2.578962763605113E+047
   13.5000000000000       2.480790977342094E+047
   13.5500000000000       2.385209507208792E+047
   13.6000000000000       2.291052558594537E+047
   13.6500000000000       2.200747660812952E+047
   13.7000000000000       2.113303692944579E+047
   13.7500000000000       2.030127812450085E+047
   13.8000000000000       1.949040099849529E+047
   13.8500000000000       1.873548587637042E+047
   13.9000000000000       1.803629928850232E+047
   13.9500000000000       1.726633998278004E+047
   14.0000000000000       1.661189526448727E+047
   14.0500000000000       1.596983836554843E+047
   14.1000000000000       1.530696590743576E+047
   14.1500000000000       1.472070136008986E+047
   14.2000000000000       1.414937097592058E+047
   14.2500000000000       1.360550869812713E+047
   14.3000000000000       1.307361967205971E+047
   14.3500000000000       1.256342051606602E+047
   14.4000000000000       1.207554329235057E+047
   14.4500000000000       1.160213802989290E+047
   14.5000000000000       1.113950591403735E+047
   14.5500000000000       1.068822035225257E+047
   14.6000000000000       1.027858694004108E+047
   14.6500000000000       9.883077146360585E+046
   14.7000000000000       9.493148987823941E+046
   14.7500000000000       9.124647486279743E+046
   14.8000000000000       8.605082784882614E+046
   14.8500000000000       8.268943399414737E+046
   14.9000000000000       7.937791562695653E+046
   14.9500000000000       7.620927811543668E+046
   15.0000000000000       7.312362222716783E+046
   15.0500000000000       7.011588731773862E+046
   15.1000000000000       6.734839120852085E+046
   15.1500000000000       6.467858438536684E+046
   15.2000000000000       6.204614230830728E+046
   15.2500000000000       5.953996428807975E+046
   15.3000000000000       5.717256924677447E+046
   15.3500000000000       5.495056877294010E+046
   15.4000000000000       5.278305768352419E+046
   15.4500000000000       5.070918105934389E+046
   15.5000000000000       4.812444817835943E+046
   15.5500000000000       4.621862042076566E+046
   15.6000000000000       4.437657203405927E+046
   15.6500000000000       4.259798051227944E+046
   15.7000000000000       4.076954173352194E+046
   15.7500000000000       3.910339054934696E+046
   15.8000000000000       3.749018942119950E+046
   15.8500000000000       3.594704842472225E+046
   15.9000000000000       3.430999224188655E+046
   15.9500000000000       3.286980685359114E+046
   16.0000000000000       3.149113473553075E+046
   16.0500000000000       3.019571833921500E+046
   16.1000000000000       2.882369222895923E+046
   16.1500000000000       2.764217993213342E+046
   16.2000000000000       2.649904507148235E+046
   16.2500000000000       2.539284294585216E+046
   16.3000000000000       2.430741967063296E+046
   16.3500000000000       2.328080914372115E+046
   16.4000000000000       2.228847995582129E+046
   16.4500000000000       2.132970426712966E+046
   16.5000000000000       2.040351191354714E+046
   16.5500000000000       1.949945365575489E+046
   16.6000000000000       1.864572486167321E+046
   16.6500000000000       1.782123919078458E+046
   16.7000000000000       1.702848600156786E+046
   16.7500000000000       1.625809143627715E+046
   16.8000000000000       1.555009445938407E+046
   16.8500000000000       1.486982664457979E+046
   16.9000000000000       1.421498948510529E+046
   16.9500000000000       1.358438104602670E+046
   17.0000000000000       1.289789816781693E+046
   17.0500000000000       1.231957834904360E+046
   17.1000000000000       1.176357306060320E+046
   17.1500000000000       1.122868114483658E+046
   17.2000000000000       1.071418108734581E+046
   17.2500000000000       1.014074170213994E+046
   17.3000000000000       9.671763233782297E+045
   17.3500000000000       9.221263873321338E+045
   17.4000000000000       8.788630475607636E+045
   17.4500000000000       8.284903813343126E+045
   17.5000000000000       7.892143302257845E+045
   17.5500000000000       7.525332385798885E+045
   17.6000000000000       7.174121434913344E+045
   17.6500000000000       6.837790446273930E+045
   17.7000000000000       6.515379415968178E+045
   17.7500000000000       6.206888339353074E+045
   17.8000000000000       5.911357210862766E+045
   17.8500000000000       5.628546023750330E+045
   17.9000000000000       5.357974769735359E+045
   17.9500000000000       5.099163438514060E+045
   18.0000000000000       4.851392017064247E+045
   18.0500000000000       4.614660488636364E+045
   18.1000000000000       4.388270628560856E+045
   18.1500000000000       4.171217897258515E+045
   18.2000000000000       3.966022312674541E+045
   18.2500000000000       3.734780535832594E+045
   18.3000000000000       3.550722360509051E+045
   18.3500000000000       3.375304179714924E+045
   18.4000000000000       3.207805992931968E+045
   18.4500000000000       3.047987799548083E+045
   18.5000000000000       2.895849598832759E+045
   18.5500000000000       2.750671389904071E+045
   18.6000000000000       2.612213171683560E+045
   18.6500000000000       2.480474942833363E+045
   18.7000000000000       2.354760701666761E+045
   18.7500000000000       2.235118446017803E+045
   18.8000000000000       2.121140173046047E+045
   18.8500000000000       2.012521262985256E+045
   18.9000000000000       1.903791212881770E+045
   18.9500000000000       1.806274971989433E+045
   19.0000000000000       1.713486730813473E+045
   19.0500000000000       1.625258489337414E+045
   19.1000000000000       1.541350247542680E+045
   19.1500000000000       1.461594005408164E+045
   19.2000000000000       1.385773762909679E+045
   19.2500000000000       1.313745520019226E+045
   19.3000000000000       1.245269276704021E+045
   19.3500000000000       1.180201032925183E+045
   19.4000000000000       1.118444788635891E+045
   19.4500000000000       1.059760543778764E+045
   19.5000000000000       1.004004298282013E+045
   19.5500000000000       9.495912706733860E+044
   19.6000000000000       8.995029768945993E+044
   19.6500000000000       8.519826831152795E+044
   19.7000000000000       8.068863893354020E+044
   19.7500000000000       7.641180955549410E+044
   19.8000000000000       7.235338017738674E+044
   19.8500000000000       6.850375079921490E+044
   19.9000000000000       6.485572142097506E+044
   19.9500000000000       6.139489204266326E+044
   20.0000000000000       5.811166266427510E+044
   20.0500000000000       5.500123328580554E+044
   20.1000000000000       5.205400390724890E+044
   20.1500000000000       4.926037452859863E+044
   20.2000000000000       4.661314514984712E+044
   20.2500000000000       4.410271577098543E+044
   20.3000000000000       4.172640000000001E+044
   20.3500000000000       3.947520000000000E+044
   20.4000000000000       3.734160000000000E+044
   20.4500000000000       3.532320000000000E+044
   20.5000000000000       3.341040000000000E+044
   20.5500000000000       3.159840000000000E+044
   20.6000000000000       2.988240000000000E+044
   20.6500000000000       2.826000000000000E+044
   20.7000000000000       2.672160000000000E+044
   20.7500000000000       2.526720000000000E+044
   20.8000000000000       2.388960000000000E+044
   20.8500000000000       2.258616000000000E+044
   20.9000000000000       2.135256000000000E+044
   20.9500000000000       2.018544000000000E+044
   21.0000000000000       1.908096000000000E+044
   21.0500000000000       1.803552000000000E+044
   21.1000000000000       1.704720000000000E+044
   21.1500000000000       1.611144000000000E+044
   21.2000000000000       1.522680000000000E+044
   21.2500000000000       1.438992000000000E+044
   21.3000000000000       1.359840000000000E+044
   21.3500000000000       1.284960000000000E+044
   21.4000000000000       1.214160000000000E+044
   21.4500000000000       1.147200000000000E+044
   21.5000000000000       1.083912000000000E+044
   21.5500000000000       1.024032000000000E+044
   21.6000000000000       9.674159999999999E+043
   21.6500000000000       9.139200000000001E+043
   21.7000000000000       8.633279999999999E+043
   21.7500000000000       8.154960000000000E+043
   21.8000000000000       7.702800000000001E+043
   21.8500000000000       7.275600000000000E+043
   21.9000000000000       6.871680000000000E+043
   21.9500000000000       6.489840000000000E+043
   22.0000000000000       6.129120000000000E+043
   22.0500000000000       5.788080000000000E+043
   22.1000000000000       5.466000000000000E+043
   22.1500000000000       5.161440000000000E+043
   22.2000000000000       4.873680000000001E+043
   22.2500000000000       4.601760000000000E+043
   22.3000000000000       4.344960000000000E+043
   22.3500000000000       4.102320000000000E+043
   22.4000000000000       3.873120000000000E+043
   22.4500000000000       3.656400000000000E+043
   22.5000000000000       3.451920000000000E+043
   22.5500000000000       3.258480000000000E+043
   22.6000000000000       3.076080000000000E+043
   22.6500000000000       2.903520000000000E+043
   22.7000000000000       2.740800000000000E+043
   22.7500000000000       2.586960000000000E+043
   22.8000000000000       2.441520000000000E+043
   22.8500000000000       2.304408000000000E+043
   22.9000000000000       2.174880000000000E+043
   22.9500000000000       2.052528000000000E+043
   23.0000000000000       1.936992000000000E+043
   23.0500000000000       1.827888000000000E+043
   23.1000000000000       1.724904000000000E+043
   23.1500000000000       1.627656000000000E+043
   23.2000000000000       1.535808000000000E+043
   23.2500000000000       1.449144000000000E+043
   23.3000000000000       1.367304000000000E+043
   23.3500000000000       1.290048000000000E+043
   23.4000000000000       1.217112000000000E+043
   23.4500000000000       1.148280000000000E+043
   23.5000000000000       1.083288000000000E+043
   23.5500000000000       1.021944000000000E+043
   23.6000000000000       9.640560000000001E+042
   23.6500000000000       9.094080000000001E+042
   23.7000000000000       8.578320000000000E+042
   23.7500000000000       8.091840000000001E+042
   23.8000000000000       7.632480000000000E+042
   23.8500000000000       7.198800000000001E+042
   23.9000000000000       6.789840000000000E+042
   23.9500000000000       6.403680000000001E+042
   24.0000000000000       6.039600000000000E+042
   24.0500000000000       5.695920000000000E+042
   24.1000000000000       5.371680000000000E+042
   24.1500000000000       5.065680000000000E+042
   24.2000000000000       4.776960000000000E+042
   24.2500000000000       4.504560000000000E+042
   24.3000000000000       4.247760000000000E+042
   24.3500000000000       4.005360000000000E+042
   24.4000000000000       3.776640000000000E+042
   24.4500000000000       3.560880000000000E+042
   24.5000000000000       3.357360000000000E+042
   24.5500000000000       3.165600000000000E+042
   24.6000000000000       2.984400000000000E+042
   24.6500000000000       2.813760000000000E+042
   24.7000000000000       2.652720000000000E+042
   24.7500000000000       2.500800000000000E+042
   24.8000000000000       2.357424000000000E+042
   24.8500000000000       2.222280000000000E+042
   24.9000000000000       2.094864000000000E+042
   24.9500000000000       1.974648000000000E+042
   25.0000000000000       1.861320000000000E+042
