  0.000000000000000E+000  0.000000000000000E+000
  5.000000000000000E-002  5.512877074355907E+049
  0.100000000000000       2.218249407123994E+050
  0.150000000000000       5.036450912506471E+050
  0.200000000000000       9.047055404260756E+050
  0.250000000000000       1.434243772633429E+051
  0.300000000000000       2.095293924436037E+051
  0.350000000000000       2.880184106612786E+051
  0.400000000000000       3.786114557382036E+051
  0.450000000000000       4.805235220753925E+051
  0.500000000000000       5.927718769875632E+051
  0.550000000000000       7.141400599326381E+051
  0.600000000000000       8.440864296498156E+051
  0.650000000000000       9.814058515506082E+051
  0.700000000000000       1.124979650114907E+052
  0.750000000000000       1.273359302339464E+052
  0.800000000000000       1.425610403687170E+052
  0.850000000000000       1.580624620690498E+052
  0.900000000000000       1.737539600874705E+052
  0.950000000000000       1.895158032411479E+052
   1.00000000000000       2.052643848068132E+052
   1.05000000000000       2.209285706659504E+052
   1.10000000000000       2.364097363212525E+052
   1.15000000000000       2.516250162598676E+052
   1.20000000000000       2.665070306900339E+052
   1.25000000000000       2.809769003498428E+052
   1.30000000000000       2.949662597471806E+052
   1.35000000000000       3.084097578591684E+052
   1.40000000000000       3.212318887128251E+052
   1.45000000000000       3.333910788853370E+052
   1.50000000000000       3.448625563800134E+052
   1.55000000000000       3.555995982759769E+052
   1.60000000000000       3.655644250357033E+052
   1.65000000000000       3.747328606366745E+052
   1.70000000000000       3.830507323856945E+052
   1.75000000000000       3.905585920716257E+052
   1.80000000000000       3.972561948493190E+052
   1.85000000000000       4.030858869960873E+052
   1.90000000000000       4.080731858502450E+052
   1.95000000000000       4.122524707203286E+052
   2.00000000000000       4.155712704205382E+052
   2.05000000000000       4.180884524384884E+052
   2.10000000000000       4.198385306317439E+052
   2.15000000000000       4.208012264330650E+052
   2.20000000000000       4.210288010389081E+052
   2.25000000000000       4.205165274766516E+052
   2.30000000000000       4.193473434011317E+052
   2.35000000000000       4.175399797392442E+052
   2.40000000000000       4.151000813905282E+052
   2.45000000000000       4.121013619768698E+052
   2.50000000000000       4.085236907404734E+052
   2.55000000000000       4.044441884094157E+052
   2.60000000000000       3.998854239681647E+052
   2.65000000000000       3.948913293585884E+052
   2.70000000000000       3.894827684377103E+052
   2.75000000000000       3.837331144691048E+052
   2.80000000000000       3.776675736356714E+052
   2.85000000000000       3.712962245012717E+052
   2.90000000000000       3.646644268323947E+052
   2.95000000000000       3.578003479919392E+052
   3.00000000000000       3.507486116466154E+052
   3.05000000000000       3.435358209156652E+052
   3.10000000000000       3.361837864957834E+052
   3.15000000000000       3.287212649929541E+052
   3.20000000000000       3.211701315436729E+052
   3.25000000000000       3.135520735825275E+052
   3.30000000000000       3.058941325325409E+052
   3.35000000000000       2.982279216100238E+052
   3.40000000000000       2.905512555228855E+052
   3.45000000000000       2.828883263905029E+052
   3.50000000000000       2.752613511790294E+052
   3.55000000000000       2.676865259020043E+052
   3.60000000000000       2.601607848568631E+052
   3.65000000000000       2.527030316853989E+052
   3.70000000000000       2.453183514471484E+052
   3.75000000000000       2.380223532561040E+052
   3.80000000000000       2.308324922205762E+052
   3.85000000000000       2.237388671160261E+052
   3.90000000000000       2.167573085925035E+052
   3.95000000000000       2.098883613000440E+052
   4.00000000000000       2.031411660689749E+052
   4.05000000000000       1.965304318543375E+052
   4.10000000000000       1.900457871250204E+052
   4.15000000000000       1.836923197491115E+052
   4.20000000000000       1.774713628803175E+052
   4.25000000000000       1.713817200967589E+052
   4.30000000000000       1.654331579065028E+052
   4.35000000000000       1.596112338237144E+052
   4.40000000000000       1.539267022857304E+052
   4.45000000000000       1.483790993823225E+052
   4.50000000000000       1.429747452342145E+052
   4.55000000000000       1.377046833568831E+052
   4.60000000000000       1.325722725084706E+052
   4.65000000000000       1.275847222939093E+052
   4.70000000000000       1.227378787335190E+052
   4.75000000000000       1.180311978535151E+052
   4.80000000000000       1.134540312451851E+052
   4.85000000000000       1.090072854998951E+052
   4.90000000000000       1.046936118518049E+052
   4.95000000000000       1.005057472252644E+052
   5.00000000000000       9.644917424197237E+051
   5.05000000000000       9.251922555569132E+051
   5.10000000000000       8.870855576880313E+051
   5.15000000000000       8.501672554406102E+051
   5.20000000000000       8.145689436772048E+051
   5.25000000000000       7.801718525265774E+051
   5.30000000000000       7.469328226412314E+051
   5.35000000000000       7.148346766890898E+051
   5.40000000000000       6.838845537894796E+051
   5.45000000000000       6.539894262173018E+051
   5.50000000000000       6.252054680806300E+051
   5.55000000000000       5.974711877121643E+051
   5.60000000000000       5.707467749747032E+051
   5.65000000000000       5.450054185656076E+051
   5.70000000000000       5.201987303196038E+051
   5.75000000000000       4.964150930038501E+051
   5.80000000000000       4.735449275231322E+051
   5.85000000000000       4.515932780502528E+051
   5.90000000000000       4.305150522493145E+051
   5.95000000000000       4.102865865568800E+051
   6.00000000000000       3.909098588602953E+051
   6.05000000000000       3.723169481286231E+051
   6.10000000000000       3.545088814095432E+051
   6.15000000000000       3.374604579061659E+051
   6.20000000000000       3.211358602564817E+051
   6.25000000000000       3.055112550888219E+051
   6.30000000000000       2.905584688801537E+051
   6.35000000000000       2.762794536755403E+051
   6.40000000000000       2.626474813681431E+051
   6.45000000000000       2.496248518199057E+051
   6.50000000000000       2.371955729727458E+051
   6.55000000000000       2.253363718422425E+051
   6.60000000000000       2.140213391534552E+051
   6.65000000000000       2.032243118585377E+051
   6.70000000000000       1.929385320819608E+051
   6.75000000000000       1.831316425673052E+051
   6.80000000000000       1.737820741179431E+051
   6.85000000000000       1.648857392006949E+051
   6.90000000000000       1.564204889568724E+051
   6.95000000000000       1.483684547075327E+051
   7.00000000000000       1.407068821032545E+051
   7.05000000000000       1.334272240895865E+051
   7.10000000000000       1.264998300378619E+051
   7.15000000000000       1.199089939140985E+051
   7.20000000000000       1.136462604594216E+051
   7.25000000000000       1.076933182169309E+051
   7.30000000000000       1.020397950234389E+051
   7.35000000000000       9.666184379505874E+050
   7.40000000000000       9.155360243132651E+050
   7.45000000000000       8.671002976443782E+050
   7.50000000000000       8.212420223635845E+050
   7.55000000000000       7.776567247245851E+050
   7.60000000000000       7.363262669651119E+050
   7.65000000000000       6.971215933635085E+050
   7.70000000000000       6.598839414768479E+050
   7.75000000000000       6.245436116141466E+050
   7.80000000000000       5.910932969059544E+050
   7.85000000000000       5.592968972872438E+050
   7.90000000000000       5.291553532306086E+050
   7.95000000000000       5.005498458758211E+050
   8.00000000000000       4.734716375312468E+050
   8.05000000000000       4.478377521168638E+050
   8.10000000000000       4.235558596483733E+050
   8.15000000000000       4.005709912135813E+050
   8.20000000000000       3.787818084002926E+050
   8.25000000000000       3.581313886170056E+050
   8.30000000000000       3.385608740875914E+050
   8.35000000000000       3.200266714549324E+050
   8.40000000000000       3.024618024814363E+050
   8.45000000000000       2.858105118312504E+050
   8.50000000000000       2.700451707143673E+050
   8.55000000000000       2.551099375962226E+050
   8.60000000000000       2.409681341437807E+050
   8.65000000000000       2.276012575136499E+050
   8.70000000000000       2.149715707573128E+050
   8.75000000000000       2.030147642458348E+050
   8.80000000000000       1.916968462717911E+050
   8.85000000000000       1.809844640489985E+050
   8.90000000000000       1.708496684607928E+050
   8.95000000000000       1.612522333190658E+050
   9.00000000000000       1.521709762537507E+050
   9.05000000000000       1.435727098992242E+050
   9.10000000000000       1.354394445003219E+050
   9.15000000000000       1.277485739539943E+050
   9.20000000000000       1.204795394930373E+050
   9.25000000000000       1.136145362281042E+050
   9.30000000000000       1.071325103436845E+050
   9.35000000000000       1.010118531590252E+050
   9.40000000000000       9.522674062637767E+049
   9.45000000000000       8.976158401505963E+049
   9.50000000000000       8.459358538602504E+049
   9.55000000000000       7.971191381293546E+049
   9.60000000000000       7.510227714277312E+049
   9.65000000000000       7.074127463826495E+049
   9.70000000000000       6.662552764051376E+049
   9.75000000000000       6.274577978019048E+049
   9.80000000000000       5.908196277236392E+049
   9.85000000000000       5.562593904842150E+049
   9.90000000000000       5.236744884924264E+049
   9.95000000000000       4.930009222813052E+049
   10.0000000000000       4.640753053876484E+049
   10.0500000000000       4.367863049684990E+049
   10.1000000000000       4.110393490771744E+049
   10.1500000000000       3.867586541151258E+049
   10.2000000000000       3.638655268242802E+049
   10.2500000000000       3.422731858485336E+049
   10.3000000000000       3.219282141160905E+049
   10.3500000000000       3.027778941522254E+049
   10.4000000000000       2.847328758086921E+049
   10.4500000000000       2.677361563073130E+049
   10.5000000000000       2.517481060762839E+049
   10.5500000000000       2.367172268942545E+049
   10.6000000000000       2.225691837213329E+049
   10.6500000000000       2.092402562289785E+049
   10.7000000000000       1.966855984147519E+049
   10.7500000000000       1.848669907110247E+049
   10.8000000000000       1.737399100196181E+049
   10.8500000000000       1.632637263464713E+049
   10.9000000000000       1.533967835351355E+049
   10.9500000000000       1.441367656726857E+049
   11.0000000000000       1.354177629091511E+049
   11.0500000000000       1.272115085470999E+049
   11.1000000000000       1.195080590702568E+049
   11.1500000000000       1.122704312476909E+049
   11.2000000000000       1.054642390902154E+049
   11.2500000000000       9.906588764096412E+048
   11.3000000000000       9.304356023667684E+048
   11.3500000000000       8.738241889297015E+048
   11.4000000000000       8.205441312659072E+048
   11.4500000000000       7.705058191576047E+048
   11.5000000000000       7.234552374512539E+048
   11.5500000000000       6.792551631848357E+048
   11.6000000000000       6.376881746795307E+048
   11.6500000000000       5.985400236512745E+048
   11.7000000000000       5.618511172055366E+048
   11.7500000000000       5.274067999179174E+048
   11.8000000000000       4.950830494865719E+048
   11.8500000000000       4.646939467674823E+048
   11.9000000000000       4.361239974325194E+048
   11.9500000000000       4.092972811206157E+048
   12.0000000000000       3.840859058071409E+048
   12.0500000000000       3.603985491105413E+048
   12.1000000000000       3.381409635704389E+048
   12.1500000000000       3.170097804033964E+048
   12.2000000000000       2.973731777050386E+048
   12.2500000000000       2.789453481952932E+048
   12.3000000000000       2.616463573975440E+048
   12.3500000000000       2.454066906488093E+048
   12.4000000000000       2.301808194949209E+048
   12.4500000000000       2.158150024995013E+048
   12.5000000000000       2.023765303703540E+048
   12.5500000000000       1.897759922277353E+048
   12.6000000000000       1.779307137796436E+048
   12.6500000000000       1.667934401055086E+048
   12.7000000000000       1.563533489238845E+048
   12.7500000000000       1.465499976861836E+048
   12.8000000000000       1.373590332734633E+048
   12.8500000000000       1.287213381817961E+048
   12.9000000000000       1.206326595495189E+048
   12.9500000000000       1.130489208189844E+048
   13.0000000000000       1.059406149290433E+048
   13.0500000000000       9.927622151105711E+047
   13.1000000000000       9.300595654877904E+047
   13.1500000000000       8.714327800997475E+047
   13.2000000000000       8.164250704286244E+047
   13.2500000000000       7.648259497642208E+047
   13.3000000000000       7.162405826156628E+047
   13.3500000000000       6.709145168596997E+047
   13.4000000000000       6.283959419729201E+047
   13.4500000000000       5.883857511310267E+047
   13.5000000000000       5.510046006671172E+047
   13.5500000000000       5.159859121129671E+047
   13.6000000000000       4.830971868853944E+047
   13.6500000000000       4.524140384411272E+047
   13.7000000000000       4.236199280095868E+047
   13.7500000000000       3.966580435475804E+047
   13.8000000000000       3.713794662393509E+047
   13.8500000000000       3.476939893360941E+047
   13.9000000000000       3.254907389707311E+047
   13.9500000000000       3.047012104329255E+047
   14.0000000000000       2.852132417773791E+047
   14.0500000000000       2.669516642137345E+047
   14.1000000000000       2.498413756527625E+047
   14.1500000000000       2.338199566104559E+047
   14.2000000000000       2.188181314673468E+047
   14.2500000000000       2.047812845171905E+047
   14.3000000000000       1.915200038381700E+047
   14.3500000000000       1.792159402744958E+047
   14.4000000000000       1.676904279534078E+047
   14.4500000000000       1.568923575190043E+047
   14.5000000000000       1.466130333416794E+047
   14.5500000000000       1.371562313041795E+047
   14.6000000000000       1.282976362259564E+047
   14.6500000000000       1.200026774215086E+047
   14.7000000000000       1.122379863402168E+047
   14.7500000000000       1.048741851289818E+047
   14.8000000000000       9.807661354402498E+046
   14.8500000000000       9.172027041100865E+046
   14.9000000000000       8.577098824074563E+046
   14.9500000000000       8.020498117254411E+046
   15.0000000000000       7.499519447180064E+046
   15.0500000000000       7.011818069638080E+046
   15.1000000000000       6.555409969544208E+046
   15.1500000000000       6.128581678374471E+046
   15.2000000000000       5.729108693116822E+046
   15.2500000000000       5.355397786295745E+046
   15.3000000000000       5.005494998986041E+046
   15.3500000000000       4.678521828920479E+046
   15.4000000000000       4.372347926025898E+046
   15.4500000000000       4.081408142826692E+046
   15.5000000000000       3.814298598799408E+046
   15.5500000000000       3.564564194804353E+046
   15.6000000000000       3.330942376873379E+046
   15.6500000000000       3.112561381346624E+046
   15.7000000000000       2.908369079641138E+046
   15.7500000000000       2.717403525405499E+046
   15.8000000000000       2.538913197652538E+046
   15.8500000000000       2.372026331856707E+046
   15.9000000000000       2.216021466992201E+046
   15.9500000000000       2.070180741336179E+046
   16.0000000000000       1.933262005114279E+046
   16.0500000000000       1.805633722415875E+046
   16.1000000000000       1.686648127089526E+046
   16.1500000000000       1.575358096531779E+046
   16.2000000000000       1.471402901140589E+046
   16.2500000000000       1.374241446513624E+046
   16.3000000000000       1.283440857128197E+046
   16.3500000000000       1.198580281781172E+046
   16.4000000000000       1.119298990868849E+046
   16.4500000000000       1.045185151426781E+046
   16.5000000000000       9.759561919295204E+045
   16.5500000000000       9.112240121599999E+045
   16.6000000000000       8.507717433599999E+045
   16.6500000000000       7.943115487999999E+045
   16.7000000000000       7.415758873599999E+045
   16.7500000000000       6.923002239999999E+045
   16.8000000000000       6.462500844799999E+045
   16.8500000000000       6.032631404800000E+045
   16.9000000000000       5.630808691200000E+045
   16.9500000000000       5.255770150400000E+045
   17.0000000000000       4.905261222399999E+045
   17.0500000000000       4.578079475200000E+045
   17.1000000000000       4.272361139200000E+045
   17.1500000000000       3.987204390400000E+045
   17.2000000000000       3.720595155200000E+045
   17.2500000000000       3.471721792000000E+045
   17.3000000000000       3.239381868799999E+045
   17.3500000000000       3.022433075200000E+045
   17.4000000000000       2.819913465600000E+045
   17.4500000000000       2.630831033600000E+045
   17.5000000000000       2.454283955200000E+045
   17.5500000000000       2.289550771200000E+045
   17.6000000000000       2.135759718400000E+045
   17.6500000000000       1.992219398400000E+045
   17.7000000000000       1.858208352000000E+045
   17.7500000000000       1.733185484800000E+045
   17.8000000000000       1.616489459200000E+045
   17.8500000000000       1.507579180800000E+045
   17.9000000000000       1.405967664640000E+045
   17.9500000000000       1.311143877120000E+045
   18.0000000000000       1.222689973120000E+045
   18.0500000000000       1.140127985920000E+045
   18.1000000000000       1.063133258880000E+045
   18.1500000000000       9.912669043200001E+044
   18.2000000000000       9.242433446400000E+044
   18.2500000000000       8.617319110399999E+044
   18.3000000000000       8.033899103999999E+044
   18.3500000000000       7.489858745599999E+044
   18.4000000000000       6.982492563200000E+044
   18.4500000000000       6.509185267200000E+044
   18.5000000000000       6.067682297600000E+044
   18.5500000000000       5.656029702400000E+044
   18.6000000000000       5.272333651200000E+044
   18.6500000000000       4.914339583999999E+044
   18.7000000000000       4.580243852800000E+044
   18.7500000000000       4.269054451200000E+044
   18.8000000000000       3.978697183999999E+044
   18.8500000000000       3.708089862400000E+044
   18.9000000000000       3.455729446400000E+044
   18.9500000000000       3.220473625600000E+044
   19.0000000000000       3.001089907200000E+044
   19.0500000000000       2.796616345600000E+044
   19.1000000000000       2.605970752000000E+044
   19.1500000000000       2.428221241600000E+044
   19.2000000000000       2.262556172800000E+044
   19.2500000000000       2.108133843200000E+044
   19.3000000000000       1.964202732800000E+044
   19.3500000000000       1.830041382400000E+044
   19.4000000000000       1.704988454400000E+044
   19.4500000000000       1.588412672000000E+044
   19.5000000000000       1.479790977280000E+044
   19.5500000000000       1.378534178560000E+044
   19.6000000000000       1.284215412480000E+044
   19.6500000000000       1.196266529920000E+044
   19.7000000000000       1.114353856000000E+044
   19.7500000000000       1.037975375360000E+044
   19.8000000000000       9.668455104000000E+043
   19.8500000000000       9.005283795199999E+043
   19.9000000000000       8.387804902399999E+043
   19.9500000000000       7.812080460799999E+043
   20.0000000000000       7.275765728000000E+043
   20.0500000000000       6.776155231999999E+043
   20.1000000000000       6.310693804799999E+043
   20.1500000000000       5.877066764799999E+043
   20.2000000000000       5.473079673600000E+043
   20.2500000000000       5.096808639999999E+043
   20.3000000000000       4.746059225600000E+043
   20.3500000000000       4.419598937600000E+043
   20.4000000000000       4.115293459200000E+043
   20.4500000000000       3.831940358399999E+043
   20.5000000000000       3.567886291200000E+043
   20.5500000000000       3.321988947200000E+043
   20.6000000000000       3.093045894400000E+043
   20.6500000000000       2.879734457600000E+043
   20.7000000000000       2.681092691200000E+043
   20.7500000000000       2.496068467200000E+043
   20.8000000000000       2.323790022400000E+043
   20.8500000000000       2.163325472000000E+043
   20.9000000000000       2.013923296000000E+043
   20.9500000000000       1.874771852800000E+043
   21.0000000000000       1.745179744000000E+043
   21.0500000000000       1.624545753600000E+043
   21.1000000000000       1.512196519680000E+043
   21.1500000000000       1.407572911360000E+043
   21.2000000000000       1.310157882880000E+043
   21.2500000000000       1.219458437120000E+043
   21.3000000000000       1.135023662080000E+043
   21.3500000000000       1.056405651840000E+043
   21.4000000000000       9.832015916800000E+042
   21.4500000000000       9.150657824000000E+042
   21.5000000000000       8.515984153599999E+042
   21.5500000000000       7.925259372800000E+042
   21.6000000000000       7.375778009599999E+042
   21.6500000000000       6.863692281600000E+042
   21.7000000000000       6.387318784000000E+042
   21.7500000000000       5.943741619200000E+042
   21.8000000000000       5.531006835200000E+042
   21.8500000000000       5.146649446399999E+042
   21.9000000000000       4.789046169600000E+042
   21.9500000000000       4.456032627200000E+042
   22.0000000000000       4.146105779200000E+042
   22.0500000000000       3.857732524800000E+042
   22.1000000000000       3.589289580800000E+042
   22.1500000000000       3.339484332800000E+042
   22.2000000000000       3.107024166400000E+042
   22.2500000000000       2.890646528000000E+042
   22.3000000000000       2.689239168000000E+042
   22.3500000000000       2.501870201600000E+042
   22.4000000000000       2.327487500800000E+042
   22.4500000000000       2.165219302400000E+042
   22.5000000000000       2.014223904000000E+042
   22.5500000000000       1.873719724800000E+042
   22.6000000000000       1.742955244800000E+042
   22.6500000000000       1.621299187200000E+042
   22.7000000000000       1.508114263040000E+042
   22.7500000000000       1.402802262400000E+042
   22.8000000000000       1.304804054400000E+042
   22.8500000000000       1.213632654080000E+042
   22.9000000000000       1.128834143360000E+042
   22.9500000000000       1.049903500800000E+042
   23.0000000000000       9.764950271999999E+041
   23.0500000000000       9.081698348800000E+041
   23.1000000000000       8.446243097599999E+041
   23.1500000000000       7.855247769600000E+041
   23.2000000000000       7.305375615999999E+041
   23.2500000000000       6.794011347199999E+041
   23.3000000000000       6.317938457600000E+041
   23.3500000000000       5.875473542400000E+041
   23.4000000000000       5.463790886400000E+041
   23.4500000000000       5.080665990400000E+041
   23.5000000000000       4.724505632000000E+041
   23.5500000000000       4.393175494400000E+041
   23.6000000000000       4.085112416000000E+041
   23.6500000000000       3.798542809600000E+041
   23.7000000000000       3.531873452800000E+041
   23.7500000000000       3.283962035200000E+041
   23.8000000000000       3.053395699200000E+041
   23.8500000000000       2.838972012800000E+041
   23.9000000000000       2.639518604800000E+041
   23.9500000000000       2.454013408000000E+041
   24.0000000000000       2.281554598400000E+041
   24.0500000000000       2.121150169600000E+041
   24.1000000000000       1.971988480000000E+041
   24.1500000000000       1.833318009600000E+041
   24.2000000000000       1.704327116800000E+041
   24.2500000000000       1.584390536960000E+041
   24.3000000000000       1.472883005440000E+041
   24.3500000000000       1.369170239360000E+041
   24.4000000000000       1.272765253760000E+041
   24.4500000000000       1.183117936000000E+041
   24.5000000000000       1.099777374080000E+041
   24.5500000000000       1.022274619520000E+041
   24.6000000000000       9.502279001599999E+040
   24.6500000000000       8.832404134399998E+040
   24.7000000000000       8.209394054400000E+040
   24.7500000000000       7.630573350399999E+040
   24.8000000000000       7.092364787199999E+040
   24.8500000000000       6.591792345600000E+040
   24.9000000000000       6.126601465600000E+040
   24.9500000000000       5.694176857600000E+040
   25.0000000000000       5.292023475200000E+040
