  0.000000000000000E+000  0.000000000000000E+000
  5.000000000000000E-002  1.753165909234139E+047
  0.100000000000000       8.008424343104112E+047
  0.150000000000000       2.414678760807073E+048
  0.200000000000000       6.499799703788049E+048
  0.250000000000000       1.540545256460977E+049
  0.300000000000000       3.070616643716754E+049
  0.350000000000000       5.349201728217418E+049
  0.400000000000000       8.324437471013993E+049
  0.450000000000000       1.170044806342323E+050
  0.500000000000000       1.545366706353433E+050
  0.550000000000000       1.943213817933806E+050
  0.600000000000000       2.343554820589023E+050
  0.650000000000000       2.744948366358550E+050
  0.700000000000000       3.140319004565066E+050
  0.750000000000000       3.520354964525859E+050
  0.800000000000000       3.878718315180144E+050
  0.850000000000000       4.212612722978328E+050
  0.900000000000000       4.516439336769254E+050
  0.950000000000000       4.789288308072258E+050
   1.00000000000000       5.026943422230343E+050
   1.05000000000000       5.227245791467507E+050
   1.10000000000000       5.393190017696311E+050
   1.15000000000000       5.523960577083281E+050
   1.20000000000000       5.623558118438261E+050
   1.25000000000000       5.691268288844699E+050
   1.30000000000000       5.731150286900565E+050
   1.35000000000000       5.744327678513281E+050
   1.40000000000000       5.732847457720378E+050
   1.45000000000000       5.697632703095357E+050
   1.50000000000000       5.641340004694135E+050
   1.55000000000000       5.566136420725406E+050
   1.60000000000000       5.473888328515914E+050
   1.65000000000000       5.368367255104104E+050
   1.70000000000000       5.251097673163418E+050
   1.75000000000000       5.121915644807295E+050
   1.80000000000000       4.983470685729108E+050
   1.85000000000000       4.837675774622116E+050
   1.90000000000000       4.686104368875382E+050
   1.95000000000000       4.529281137615847E+050
   2.00000000000000       4.368929736020620E+050
   2.05000000000000       4.205325429216530E+050
   2.10000000000000       4.040358592645630E+050
   2.15000000000000       3.873846093644862E+050
   2.20000000000000       3.709933773024102E+050
   2.25000000000000       3.547779874053861E+050
   2.30000000000000       3.385305803017237E+050
   2.35000000000000       3.226789709172972E+050
   2.40000000000000       3.074055642786961E+050
   2.45000000000000       2.924116411606775E+050
   2.50000000000000       2.778347938653828E+050
   2.55000000000000       2.636685421103840E+050
   2.60000000000000       2.498612527153554E+050
   2.65000000000000       2.364081123030759E+050
   2.70000000000000       2.237426290997187E+050
   2.75000000000000       2.115182918250477E+050
   2.80000000000000       1.997114383097297E+050
   2.85000000000000       1.882552663972349E+050
   2.90000000000000       1.773136692914470E+050
   2.95000000000000       1.670165413757089E+050
   3.00000000000000       1.570210087326857E+050
   3.05000000000000       1.473715430335839E+050
   3.10000000000000       1.382099265726267E+050
   3.15000000000000       1.296738047253644E+050
   3.20000000000000       1.216858023977093E+050
   3.25000000000000       1.140975048855823E+050
   3.30000000000000       1.069645733651692E+050
   3.35000000000000       1.001413805699355E+050
   3.40000000000000       9.357194206538796E+049
   3.45000000000000       8.734746849585672E+049
   3.50000000000000       8.129013477167559E+049
   3.55000000000000       7.552336614170357E+049
   3.60000000000000       7.057377348301250E+049
   3.65000000000000       6.599083999041358E+049
   3.70000000000000       6.165122023156329E+049
   3.75000000000000       5.749924127322141E+049
   3.80000000000000       5.356294663673383E+049
   3.85000000000000       4.982768553002933E+049
   3.90000000000000       4.620015553042655E+049
   3.95000000000000       4.263723345146044E+049
   4.00000000000000       3.950313602512377E+049
   4.05000000000000       3.679786901589140E+049
   4.10000000000000       3.430364091407501E+049
   4.15000000000000       3.190438955912030E+049
   4.20000000000000       2.970077467539122E+049
   4.25000000000000       2.757560239163953E+049
   4.30000000000000       2.553105695535199E+049
   4.35000000000000       2.354020273223305E+049
   4.40000000000000       2.165723623168258E+049
   4.45000000000000       1.998963732987015E+049
   4.50000000000000       1.858808528828972E+049
   4.55000000000000       1.725161855976724E+049
   4.60000000000000       1.603834784925657E+049
   4.65000000000000       1.486785660003729E+049
   4.70000000000000       1.376621610754310E+049
   4.75000000000000       1.269373491039500E+049
   4.80000000000000       1.167664531378425E+049
   4.85000000000000       1.069502199465807E+049
   4.90000000000000       9.842785676510943E+048
   4.95000000000000       9.132590831867438E+048
   5.00000000000000       8.477849654028095E+048
   5.05000000000000       7.860364155856420E+048
   5.10000000000000       7.258968966086418E+048
   5.15000000000000       6.696389244467406E+048
   5.20000000000000       6.168270192467477E+048
   5.25000000000000       5.644186656060144E+048
   5.30000000000000       5.164601052365900E+048
   5.35000000000000       4.752960624599495E+048
   5.40000000000000       4.407100987598083E+048
   5.45000000000000       4.086582492088718E+048
   5.50000000000000       3.771379632524596E+048
   5.55000000000000       3.472658220656304E+048
   5.60000000000000       3.190928315842446E+048
   5.65000000000000       2.926973795616543E+048
   5.70000000000000       2.669778870730572E+048
   5.75000000000000       2.446168365361297E+048
   5.80000000000000       2.250727972908074E+048
   5.85000000000000       2.087159030627421E+048
   5.90000000000000       1.928550208650808E+048
   5.95000000000000       1.775041996905178E+048
   6.00000000000000       1.631305527075202E+048
   6.05000000000000       1.490074391975974E+048
   6.10000000000000       1.362712103476352E+048
   6.15000000000000       1.242220512355157E+048
   6.20000000000000       1.137417143513648E+048
   6.25000000000000       1.049099520442490E+048
   6.30000000000000       9.706292881438569E+047
   6.35000000000000       8.951482317845422E+047
   6.40000000000000       8.229825395703075E+047
   6.45000000000000       7.536882669686624E+047
   6.50000000000000       6.864875608833574E+047
   6.55000000000000       6.252411234842869E+047
   6.60000000000000       5.693437811292248E+047
   6.65000000000000       5.219926326938660E+047
   6.70000000000000       4.817116861543962E+047
   6.75000000000000       4.453880151238127E+047
   6.80000000000000       4.105210537799148E+047
   6.85000000000000       3.769805101882420E+047
   6.90000000000000       3.446544475769028E+047
   6.95000000000000       3.130722627048365E+047
   7.00000000000000       2.832453355047096E+047
   7.05000000000000       2.586081202127213E+047
   7.10000000000000       2.373808807670343E+047
   7.15000000000000       2.195925041676718E+047
   7.20000000000000       2.030732911212671E+047
   7.25000000000000       1.873197419285351E+047
   7.30000000000000       1.718411865974076E+047
   7.35000000000000       1.570380790797035E+047
   7.40000000000000       1.423465940357457E+047
   7.45000000000000       1.283368436133732E+047
   7.50000000000000       1.176787607943703E+047
   7.55000000000000       1.083311715407816E+047
   7.60000000000000       1.005325744971425E+047
   7.65000000000000       9.316093584739329E+046
   7.70000000000000       8.602390334253210E+046
   7.75000000000000       7.902685029165414E+046
   7.80000000000000       7.224266991223610E+046
   7.85000000000000       6.558407840635157E+046
   7.90000000000000       5.934237005532363E+046
   7.95000000000000       5.459043027675255E+046
   8.00000000000000       5.050228204715053E+046
   8.05000000000000       4.705431815562868E+046
   8.10000000000000       4.378170031098809E+046
   8.15000000000000       4.061945536671999E+046
   8.20000000000000       3.747498652878965E+046
   8.25000000000000       3.429777592705955E+046
   8.30000000000000       3.137208727466760E+046
   8.35000000000000       2.861494804322406E+046
   8.40000000000000       2.642876176860628E+046
   8.45000000000000       2.463836042775197E+046
   8.50000000000000       2.311446090210884E+046
   8.55000000000000       2.166173028272066E+046
   8.60000000000000       2.019669884229835E+046
   8.65000000000000       1.876945092283259E+046
   8.70000000000000       1.723273599780912E+046
   8.75000000000000       1.593739509467274E+046
   8.80000000000000       1.473020320240972E+046
   8.85000000000000       1.368395742853778E+046
   8.90000000000000       1.286143910170500E+046
   8.95000000000000       1.216839169592987E+046
   9.00000000000000       1.148385597110199E+046
   9.05000000000000       1.078535412658298E+046
   9.10000000000000       9.803052622584428E+045
   9.15000000000000       9.151996400753314E+045
   9.20000000000000       8.556608316695827E+045
   9.25000000000000       7.934656032054103E+045
   9.30000000000000       7.442132706581538E+045
   9.35000000000000       7.014596164951914E+045
   9.40000000000000       6.677707571063933E+045
   9.45000000000000       6.344184037800973E+045
   9.50000000000000       6.014011121060745E+045
   9.55000000000000       5.529880853791156E+045
   9.60000000000000       5.224623626091920E+045
   9.65000000000000       4.929461215627714E+045
   9.70000000000000       4.361338515627865E+045
   9.75000000000000       4.125795878259626E+045
   9.80000000000000       3.813106727171606E+045
   9.85000000000000       3.646917091047472E+045
   9.90000000000000       3.483154745094849E+045
   9.95000000000000       3.322369754525713E+045
   10.0000000000000       3.163691126813371E+045
   10.0500000000000       3.006638613132744E+045
   10.1000000000000       2.848406374536774E+045
   10.1500000000000       2.703597638172440E+045
   10.2000000000000       2.561929177180061E+045
   10.2500000000000       2.433055302376906E+045
   10.3000000000000       2.317561330188796E+045
   10.3500000000000       2.207520934007319E+045
   10.4000000000000       2.098735354393487E+045
   10.4500000000000       1.994063144829220E+045
   10.5000000000000       1.891333929794907E+045
   10.5500000000000       1.755097632189596E+045
   10.6000000000000       1.663943351247226E+045
   10.6500000000000       1.569236531369234E+045
   10.7000000000000       1.481978848063344E+045
   10.7500000000000       1.398395932695643E+045
   10.8000000000000       1.327591199081713E+045
   10.8500000000000       1.252384178662600E+045
   10.9000000000000       1.186606549052523E+045
   10.9500000000000       1.122864641163422E+045
   11.0000000000000       1.048784134457749E+045
   11.0500000000000       9.908106782953390E+044
   11.1000000000000       9.347802188719517E+044
   11.1500000000000       8.617937903823544E+044
   11.2000000000000       8.118699791496801E+044
   11.2500000000000       7.666526417513574E+044
   11.3000000000000       7.232592906117900E+044
   11.3500000000000       6.817139246812642E+044
   11.4000000000000       6.419445413216277E+044
   11.4500000000000       6.039031376345729E+044
   11.5000000000000       5.675417097296944E+044
   11.5500000000000       5.328602521999440E+044
   11.6000000000000       4.997627572055582E+044
   11.6500000000000       4.641437925322138E+044
   11.7000000000000       4.325153093252771E+044
   11.7500000000000       4.052751426021967E+044
   11.8000000000000       3.794509745259273E+044
   11.8500000000000       3.549948049865206E+044
   11.9000000000000       3.318586338557442E+044
   11.9500000000000       3.099944609806167E+044
   12.0000000000000       2.893782861753629E+044
   12.0500000000000       2.699141092093976E+044
   12.1000000000000       2.515539297884802E+044
   12.1500000000000       2.331518726858822E+044
   12.2000000000000       2.171047422212865E+044
   12.2500000000000       2.020368117471472E+044
   12.3000000000000       1.879048812627158E+044
   12.3500000000000       1.746561507671183E+044
   12.4000000000000       1.622498202593196E+044
   12.4500000000000       1.506450897380764E+044
   12.5000000000000       1.397939592018650E+044
   12.5500000000000       1.296580286487766E+044
   12.6000000000000       1.201944000005120E+044
   12.6500000000000       1.113744000004959E+044
   12.7000000000000       1.031520000004801E+044
   12.7500000000000       9.549600000046494E+043
   12.8000000000000       8.836800000045015E+043
   12.8500000000000       8.174160000043579E+043
   12.9000000000000       7.558080000042183E+043
   12.9500000000000       6.985920000040819E+043
   13.0000000000000       6.454800000039497E+043
   13.0500000000000       5.961840000038207E+043
   13.1000000000000       5.504640000036950E+043
   13.1500000000000       5.081040000035727E+043
   13.2000000000000       4.688640000034533E+043
   13.2500000000000       4.325280000033372E+043
   13.3000000000000       3.988800000032239E+043
   13.3500000000000       3.677760000031136E+043
   13.4000000000000       3.390000000030060E+043
   13.4500000000000       3.123840000029011E+043
   13.5000000000000       2.878080000027989E+043
   13.5500000000000       2.651280000026993E+043
   13.6000000000000       2.441520000026021E+043
   13.6500000000000       2.248128000025068E+043
   13.7000000000000       2.069592000024149E+043
   13.7500000000000       1.904928000023252E+043
   13.8000000000000       1.753056000022379E+043
   13.8500000000000       1.613040000021529E+043
   13.9000000000000       1.483968000020700E+043
   13.9500000000000       1.365024000019893E+043
   14.0000000000000       1.255440000019108E+043
   14.0500000000000       1.154496000018344E+043
   14.1000000000000       1.061520000017597E+043
   14.1500000000000       9.758880000168748E+042
   14.2000000000000       8.970480000161726E+042
   14.2500000000000       8.244480000154901E+042
   14.3000000000000       7.576320000148270E+042
   14.3500000000000       6.961200000141830E+042
   14.4000000000000       6.395280000135584E+042
   14.4500000000000       5.874240000129521E+042
   14.5000000000000       5.394960000123649E+042
   14.5500000000000       4.953840000117958E+042
   14.6000000000000       4.548240000112370E+042
   14.6500000000000       4.175040000107064E+042
   14.7000000000000       3.831840000101925E+042
   14.7500000000000       3.516240000096958E+042
   14.8000000000000       3.226080000092157E+042
   14.8500000000000       2.959200000087524E+042
   14.9000000000000       2.713920000083052E+042
   14.9500000000000       2.488800000078742E+042
   15.0000000000000       2.281680000074587E+042
   15.0500000000000       2.091504000070541E+042
   15.1000000000000       1.916832000066703E+042
   15.1500000000000       1.756416000063012E+042
   15.2000000000000       1.609176000059465E+042
   15.2500000000000       1.474032000056057E+042
   15.3000000000000       1.349976000052786E+042
   15.3500000000000       1.236168000049651E+042
   15.4000000000000       1.131792000046646E+042
   15.4500000000000       1.036056000043774E+042
   15.5000000000000       9.482880000409920E+041
   15.5500000000000       8.678160000383808E+041
   15.6000000000000       7.940640000358920E+041
   15.6500000000000       7.264800000335184E+041
   15.7000000000000       6.645600000312648E+041
   15.7500000000000       6.078240000291241E+041
   15.8000000000000       5.558880000270984E+041
   15.8500000000000       5.082960000251808E+041
   15.9000000000000       4.647600000233693E+041
   15.9500000000000       4.248720000216624E+041
   16.0000000000000       3.883920000200568E+041
   16.0500000000000       3.549840000185484E+041
   16.1000000000000       3.244320000171338E+041
   16.1500000000000       2.964480000157934E+041
   16.2000000000000       2.708880000145591E+041
   16.2500000000000       2.474880000134064E+041
   16.3000000000000       2.260896000123305E+041
   16.3500000000000       2.065248000113275E+041
   16.4000000000000       1.886376000103939E+041
   16.4500000000000       1.722816000095256E+041
   16.5000000000000       1.573296000087185E+041
   16.5500000000000       1.436640000079692E+041
   16.6000000000000       1.311768000072739E+041
   16.6500000000000       1.197624000066295E+041
   16.7000000000000       1.093344000060326E+041
   16.7500000000000       9.980640000543792E+040
   16.8000000000000       9.109920000493873E+040
   16.8500000000000       8.314800000447624E+040
   16.9000000000000       7.588320000404833E+040
   16.9500000000000       6.924960000365329E+040
   17.0000000000000       6.318960000328944E+040
   17.0500000000000       5.765760000295488E+040
   17.1000000000000       5.260560000264791E+040
   17.1500000000000       4.799280000236722E+040
   17.2000000000000       4.378080000211109E+040
   17.2500000000000       3.993600000187805E+040
   17.3000000000000       3.642720000166658E+040
   17.3500000000000       3.322320000147535E+040
   17.4000000000000       3.030000000129888E+040
   17.4500000000000       2.763120000114499E+040
   17.5000000000000       2.519760000100692E+040
   17.5500000000000       2.297568000088342E+040
   17.6000000000000       2.094840000077330E+040
   17.6500000000000       1.909920000067541E+040
   17.7000000000000       1.741176000058860E+040
   17.7500000000000       1.587264000051182E+040
   17.8000000000000       1.446888000044412E+040
   17.8500000000000       1.318800000038453E+040
   17.9000000000000       1.202016000033226E+040
   17.9500000000000       1.095504000028646E+040
   18.0000000000000       9.983760000224612E+039
   18.0500000000000       9.097920000195660E+039
   18.1000000000000       8.290320000169937E+039
   18.1500000000000       7.553760000147142E+039
   18.2000000000000       6.882480000126992E+039
   18.2500000000000       6.270480000109236E+039
   18.3000000000000       5.712480000093631E+039
   18.3500000000000       5.203920000079960E+039
   18.4000000000000       4.740480000068021E+039
   18.4500000000000       4.317840000057629E+039
   18.5000000000000       3.932880000048617E+039
   18.5500000000000       3.582000000040829E+039
   18.6000000000000       3.262320000034128E+039
   18.6500000000000       2.970960000027427E+039
   18.7000000000000       2.705280000022790E+039
   18.7500000000000       2.463360000018828E+039
   18.8000000000000       2.243088000015462E+039
   18.8500000000000       2.042328000012614E+039
   18.9000000000000       1.859448000010218E+039
   18.9500000000000       1.692840000008212E+039
   19.0000000000000       1.541088000006543E+039
   19.0500000000000       1.402872000005164E+039
   19.1000000000000       1.276992000004031E+039
   19.1500000000000       1.162344000003108E+039
   19.2000000000000       1.057944000002362E+039
   19.2500000000000       9.628800000000300E+038
   19.3000000000000       8.763120000000247E+038
   19.3500000000000       7.974960000000204E+038
   19.4000000000000       7.257360000000167E+038
   19.4500000000000       6.603840000000134E+038
   19.5000000000000       6.009120000000111E+038
   19.5500000000000       5.467440000000086E+038
   19.6000000000000       4.974480000000069E+038
   19.6500000000000       4.525920000000056E+038
   19.7000000000000       4.117440000000044E+038
   19.7500000000000       3.745680000000034E+038
   19.8000000000000       3.407520000000027E+038
   19.8500000000000       3.099600000000019E+038
   19.9000000000000       2.819280000000000E+038
   19.9500000000000       2.564400000000000E+038
   20.0000000000000       2.332392000000000E+038
   20.0500000000000       2.121264000000000E+038
   20.1000000000000       1.929192000000000E+038
   20.1500000000000       1.754424000000000E+038
   20.2000000000000       1.595400000000000E+038
   20.2500000000000       1.450752000000000E+038
   20.3000000000000       1.319184000000000E+038
   20.3500000000000       1.199472000000000E+038
   20.4000000000000       1.090584000000000E+038
   20.4500000000000       9.915360000000001E+037
   20.5000000000000       9.014640000000000E+037
   20.5500000000000       8.195280000000000E+037
   20.6000000000000       7.450080000000000E+037
   20.6500000000000       6.772560000000001E+037
   20.7000000000000       6.156240000000000E+037
   20.7500000000000       5.595840000000000E+037
   20.8000000000000       5.086320000000000E+037
   20.8500000000000       4.622880000000000E+037
   20.9000000000000       4.201680000000000E+037
   20.9500000000000       3.818640000000000E+037
   21.0000000000000       3.470160000000000E+037
   21.0500000000000       3.153600000000000E+037
   21.1000000000000       2.865840000000000E+037
   21.1500000000000       2.604240000000000E+037
   21.2000000000000       2.366304000000000E+037
   21.2500000000000       2.150112000000000E+037
   21.3000000000000       1.953576000000000E+037
   21.3500000000000       1.774968000000000E+037
   21.4000000000000       1.612608000000000E+037
   21.4500000000000       1.465056000000000E+037
   21.5000000000000       1.330944000000000E+037
   21.5500000000000       1.209096000000000E+037
   21.6000000000000       1.098336000000000E+037
   21.6500000000000       9.977040000000000E+036
   21.7000000000000       9.062639999999999E+036
   21.7500000000000       8.231760000000000E+036
   21.8000000000000       7.476720000000001E+036
   21.8500000000000       6.790800000000000E+036
   21.9000000000000       6.167520000000001E+036
   21.9500000000000       5.601120000000000E+036
   22.0000000000000       5.086800000000000E+036
   22.0500000000000       4.619520000000001E+036
   22.1000000000000       4.194960000000000E+036
   22.1500000000000       3.809280000000000E+036
   22.2000000000000       3.459120000000000E+036
   22.2500000000000       3.140880000000000E+036
   22.3000000000000       2.851920000000000E+036
   22.3500000000000       2.589360000000000E+036
   22.4000000000000       2.350896000000000E+036
   22.4500000000000       2.134392000000000E+036
   22.5000000000000       1.937760000000000E+036
   22.5500000000000       1.759152000000000E+036
   22.6000000000000       1.596984000000000E+036
   22.6500000000000       1.449720000000000E+036
   22.7000000000000       1.315992000000000E+036
   22.7500000000000       1.194576000000000E+036
   22.8000000000000       1.084320000000000E+036
   22.8500000000000       9.841920000000000E+035
   22.9000000000000       8.933040000000000E+035
   22.9500000000000       8.107919999999999E+035
   23.0000000000000       7.358640000000000E+035
   23.0500000000000       6.678480000000000E+035
   23.1000000000000       6.060960000000000E+035
   23.1500000000000       5.500559999999999E+035
   23.2000000000000       4.991520000000000E+035
   23.2500000000000       4.529760000000000E+035
   23.3000000000000       4.110480000000000E+035
   23.3500000000000       3.729840000000000E+035
   23.4000000000000       3.384480000000000E+035
   23.4500000000000       3.070800000000000E+035
   23.5000000000000       2.786400000000000E+035
   23.5500000000000       2.528160000000000E+035
   23.6000000000000       2.293680000000000E+035
   23.6500000000000       2.080968000000000E+035
   23.7000000000000       1.887936000000000E+035
   23.7500000000000       1.712736000000000E+035
   23.8000000000000       1.553784000000000E+035
   23.8500000000000       1.409544000000000E+035
   23.9000000000000       1.278624000000000E+035
   23.9500000000000       1.159872000000000E+035
   24.0000000000000       1.052112000000000E+035
   24.0500000000000       9.543360000000000E+034
   24.1000000000000       8.656320000000000E+034
   24.1500000000000       7.851360000000000E+034
   24.2000000000000       7.121280000000000E+034
   24.2500000000000       6.458640000000000E+034
   24.3000000000000       5.857679999999999E+034
   24.3500000000000       5.312400000000000E+034
   24.4000000000000       4.818000000000001E+034
   24.4500000000000       4.369200000000000E+034
   24.5000000000000       3.962400000000000E+034
   24.5500000000000       3.593280000000000E+034
   24.6000000000000       3.258240000000000E+034
   24.6500000000000       2.954640000000000E+034
   24.7000000000000       2.679120000000000E+034
   24.7500000000000       2.429280000000000E+034
   24.8000000000000       2.202744000000000E+034
   24.8500000000000       1.997232000000000E+034
   24.9000000000000       1.810848000000000E+034
   24.9500000000000       1.641840000000000E+034
   25.0000000000000       1.488528000000000E+034
