  0.000000000000000E+000  0.000000000000000E+000
  5.000000000000000E-002  4.145040986692530E+047
  0.100000000000000       1.818429473925953E+048
  0.150000000000000       4.737174087220145E+048
  0.200000000000000       1.155986465768429E+049
  0.250000000000000       2.467750691033571E+049
  0.300000000000000       4.568210698848971E+049
  0.350000000000000       7.616094091378884E+049
  0.400000000000000       1.158068313501257E+050
  0.450000000000000       1.616274313830675E+050
  0.500000000000000       2.124740373550246E+050
  0.550000000000000       2.672821434632823E+050
  0.600000000000000       3.239507487150263E+050
  0.650000000000000       3.806467031130465E+050
  0.700000000000000       4.367271418167567E+050
  0.750000000000000       4.913937983716310E+050
  0.800000000000000       5.437293434302210E+050
  0.850000000000000       5.931523778851268E+050
  0.900000000000000       6.391157123704341E+050
  0.950000000000000       6.814832705377927E+050
   1.00000000000000       7.198888643171837E+050
   1.05000000000000       7.536512314736660E+050
   1.10000000000000       7.830554510201450E+050
   1.15000000000000       8.077371508742336E+050
   1.20000000000000       8.279789076532632E+050
   1.25000000000000       8.440612947423865E+050
   1.30000000000000       8.559912565294598E+050
   1.35000000000000       8.643039858758640E+050
   1.40000000000000       8.690392130227431E+050
   1.45000000000000       8.702679029410289E+050
   1.50000000000000       8.684190261880440E+050
   1.55000000000000       8.637987656582072E+050
   1.60000000000000       8.562024525957326E+050
   1.65000000000000       8.461315948717394E+050
   1.70000000000000       8.340074946603361E+050
   1.75000000000000       8.200422762144756E+050
   1.80000000000000       8.041691713416718E+050
   1.85000000000000       7.870703302587246E+050
   1.90000000000000       7.686010976830220E+050
   1.95000000000000       7.488578557850769E+050
   2.00000000000000       7.281982538073541E+050
   2.05000000000000       7.066453941891879E+050
   2.10000000000000       6.845874327693228E+050
   2.15000000000000       6.622873253657117E+050
   2.20000000000000       6.395967944386442E+050
   2.25000000000000       6.164775291825231E+050
   2.30000000000000       5.932958595320216E+050
   2.35000000000000       5.701685617245385E+050
   2.40000000000000       5.472980983874633E+050
   2.45000000000000       5.246824843999651E+050
   2.50000000000000       5.020870760639702E+050
   2.55000000000000       4.802005738871509E+050
   2.60000000000000       4.588821812194884E+050
   2.65000000000000       4.380812257968377E+050
   2.70000000000000       4.177283713357035E+050
   2.75000000000000       3.979070236715693E+050
   2.80000000000000       3.787011256466523E+050
   2.85000000000000       3.600307600455501E+050
   2.90000000000000       3.418772811664733E+050
   2.95000000000000       3.247687073005349E+050
   3.00000000000000       3.081298221351530E+050
   3.05000000000000       2.920274694093909E+050
   3.10000000000000       2.763323430464796E+050
   3.15000000000000       2.615305371390135E+050
   3.20000000000000       2.473415156518881E+050
   3.25000000000000       2.335987585362323E+050
   3.30000000000000       2.202705938537001E+050
   3.35000000000000       2.075788241288158E+050
   3.40000000000000       1.956739686319618E+050
   3.45000000000000       1.844257057587893E+050
   3.50000000000000       1.739476725124740E+050
   3.55000000000000       1.639607549702970E+050
   3.60000000000000       1.543473681424613E+050
   3.65000000000000       1.451320175769985E+050
   3.70000000000000       1.362751346178956E+050
   3.75000000000000       1.278839903479733E+050
   3.80000000000000       1.196892108683897E+050
   3.85000000000000       1.117553780326350E+050
   3.90000000000000       1.049118167668685E+050
   3.95000000000000       9.866388785726838E+049
   4.00000000000000       9.273009308807923E+049
   4.05000000000000       8.700997440185397E+049
   4.10000000000000       8.151263283708830E+049
   4.15000000000000       7.631010843505631E+049
   4.20000000000000       7.137353915224689E+049
   4.25000000000000       6.652518051589357E+049
   4.30000000000000       6.177617730354931E+049
   4.35000000000000       5.763934057760152E+049
   4.40000000000000       5.396033592614125E+049
   4.45000000000000       5.060169617007511E+049
   4.50000000000000       4.736277997462005E+049
   4.55000000000000       4.429638325653435E+049
   4.60000000000000       4.141909760109610E+049
   4.65000000000000       3.865345351005530E+049
   4.70000000000000       3.597432292270703E+049
   4.75000000000000       3.336852074272206E+049
   4.80000000000000       3.087547928751538E+049
   4.85000000000000       2.878534036847641E+049
   4.90000000000000       2.686882082025534E+049
   4.95000000000000       2.511443907758668E+049
   5.00000000000000       2.346485673800006E+049
   5.05000000000000       2.189881319448741E+049
   5.10000000000000       2.042052099385768E+049
   5.15000000000000       1.899343094135461E+049
   5.20000000000000       1.762697837234456E+049
   5.25000000000000       1.628207873929453E+049
   5.30000000000000       1.504802693737515E+049
   5.35000000000000       1.401284488014031E+049
   5.40000000000000       1.307415906737267E+049
   5.45000000000000       1.219477189085404E+049
   5.50000000000000       1.136368076515148E+049
   5.55000000000000       1.057272425981214E+049
   5.60000000000000       9.816312078170218E+048
   5.65000000000000       9.115305323076484E+048
   5.70000000000000       8.417334131007652E+048
   5.75000000000000       7.733845047227327E+048
   5.80000000000000       7.177749709731941E+048
   5.85000000000000       6.676255263668783E+048
   5.90000000000000       6.218565083100604E+048
   5.95000000000000       5.789425859424057E+048
   6.00000000000000       5.375456398947973E+048
   6.05000000000000       4.988713259041289E+048
   6.10000000000000       4.614024769909527E+048
   6.15000000000000       4.262761859992822E+048
   6.20000000000000       3.924433374453412E+048
   6.25000000000000       3.611634597973865E+048
   6.30000000000000       3.355388643931552E+048
   6.35000000000000       3.117701610717346E+048
   6.40000000000000       2.899567984671173E+048
   6.45000000000000       2.691800838599333E+048
   6.50000000000000       2.496797124938145E+048
   6.55000000000000       2.307916380587055E+048
   6.60000000000000       2.122702588680520E+048
   6.65000000000000       1.959051658309413E+048
   6.70000000000000       1.797642964098007E+048
   6.75000000000000       1.662207981759667E+048
   6.80000000000000       1.541207747036759E+048
   6.85000000000000       1.430969623309483E+048
   6.90000000000000       1.330092973270355E+048
   6.95000000000000       1.234805186965042E+048
   7.00000000000000       1.141211165675486E+048
   7.05000000000000       1.052118728546926E+048
   7.10000000000000       9.653363746970811E+047
   7.15000000000000       8.865452354547314E+047
   7.20000000000000       8.140651213250908E+047
   7.25000000000000       7.548634016401605E+047
   7.30000000000000       7.000782315023452E+047
   7.35000000000000       6.511385017107381E+047
   7.40000000000000       6.052063055114813E+047
   7.45000000000000       5.611998585403383E+047
   7.50000000000000       5.180066305048703E+047
   7.55000000000000       4.766130803272798E+047
   7.60000000000000       4.353844257769654E+047
   7.65000000000000       3.987256832649092E+047
   7.70000000000000       3.682602823390022E+047
   7.75000000000000       3.421441208049034E+047
   7.80000000000000       3.188252740182781E+047
   7.85000000000000       2.970802129286884E+047
   7.90000000000000       2.762277928547635E+047
   7.95000000000000       2.562788638820755E+047
   8.00000000000000       2.365237962675426E+047
   8.05000000000000       2.173612330998063E+047
   8.10000000000000       1.985023109535164E+047
   8.15000000000000       1.820112810106602E+047
   8.20000000000000       1.698077349747365E+047
   8.25000000000000       1.586324002927118E+047
   8.30000000000000       1.483785816514836E+047
   8.35000000000000       1.387440164995737E+047
   8.40000000000000       1.294841093243396E+047
   8.45000000000000       1.203480825470210E+047
   8.50000000000000       1.113285174264342E+047
   8.55000000000000       1.026603632862256E+047
   8.60000000000000       9.409864842374279E+046
   8.65000000000000       8.712782691098859E+046
   8.70000000000000       8.200948950436281E+046
   8.75000000000000       7.709686931587511E+046
   8.80000000000000       7.251006699215644E+046
   8.85000000000000       6.822226578698502E+046
   8.90000000000000       6.398317335361648E+046
   8.95000000000000       5.964864789586661E+046
   9.00000000000000       5.555060982000869E+046
   9.05000000000000       5.128284620650941E+046
   9.10000000000000       4.746793435072200E+046
   9.15000000000000       4.453216402375318E+046
   9.20000000000000       4.214829409513116E+046
   9.25000000000000       3.992507993197360E+046
   9.30000000000000       3.781557418756231E+046
   9.35000000000000       3.579074045238083E+046
   9.40000000000000       3.367055936838559E+046
   9.45000000000000       3.133113017347828E+046
   9.50000000000000       2.942566188377283E+046
   9.55000000000000       2.757151431099802E+046
   9.60000000000000       2.585595364544769E+046
   9.65000000000000       2.444591409045989E+046
   9.70000000000000       2.320755426353365E+046
   9.75000000000000       2.212466068131302E+046
   9.80000000000000       2.107031662673838E+046
   9.85000000000000       1.979290529285659E+046
   9.90000000000000       1.876634099315014E+046
   9.95000000000000       1.778230360026853E+046
   10.0000000000000       1.675077542436111E+046
   10.0500000000000       1.570989585402092E+046
   10.1000000000000       1.488587573860214E+046
   10.1500000000000       1.413566030002874E+046
   10.2000000000000       1.348814327778258E+046
   10.2500000000000       1.287925307847727E+046
   10.3000000000000       1.230345258324176E+046
   10.3500000000000       1.173483951731543E+046
   10.4000000000000       1.117656184402167E+046
   10.4500000000000       1.038269280338285E+046
   10.5000000000000       9.865645757606913E+045
   10.5500000000000       8.930913186897950E+045
   10.6000000000000       8.476528662032004E+045
   10.6500000000000       8.001322158496670E+045
   10.7000000000000       7.648733676400920E+045
   10.7500000000000       7.282141607518542E+045
   10.8000000000000       6.973903362820257E+045
   10.8500000000000       6.671197218321024E+045
   10.9000000000000       6.377383433962717E+045
   10.9500000000000       6.088462662855322E+045
   11.0000000000000       5.806254996013583E+045
   11.0500000000000       5.405221092271293E+045
   11.1000000000000       5.153094484073350E+045
   11.1500000000000       4.908484290819839E+045
   11.2000000000000       4.689930371829725E+045
   11.2500000000000       4.479234384844523E+045
   11.3000000000000       4.278613452992626E+045
   11.3500000000000       4.080766388724833E+045
   11.4000000000000       3.892002176531959E+045
   11.4500000000000       3.708020555530360E+045
   11.5000000000000       3.525932781725666E+045
   11.5500000000000       3.354629500158776E+045
   11.6000000000000       3.187868589807325E+045
   11.6500000000000       3.013362202030679E+045
   11.7000000000000       2.866377679959382E+045
   11.7500000000000       2.715970711307258E+045
   11.8000000000000       2.582851227181953E+045
   11.8500000000000       2.444683616860041E+045
   11.9000000000000       2.321557075562635E+045
   11.9500000000000       2.202674840918067E+045
   12.0000000000000       2.069862008243490E+045
   12.0500000000000       1.961394645150278E+045
   12.1000000000000       1.856910748243299E+045
   12.1500000000000       1.729230373892169E+045
   12.2000000000000       1.635225572553865E+045
   12.2500000000000       1.548383026255833E+045
   12.3000000000000       1.465164469163768E+045
   12.3500000000000       1.385449900388744E+045
   12.4000000000000       1.309167318917239E+045
   12.4500000000000       1.236196723536994E+045
   12.5000000000000       1.166442112771628E+045
   12.5500000000000       1.099831484783459E+045
   12.6000000000000       1.036268837223128E+045
   12.6500000000000       9.756581669853780E+044
   12.7000000000000       9.087650659887044E+044
   12.7500000000000       8.553210975502773E+044
   12.8000000000000       8.045651276922214E+044
   12.8500000000000       7.563531563179518E+044
   12.9000000000000       7.106131833168817E+044
   12.9500000000000       6.672732085611348E+044
   13.0000000000000       6.261892319011325E+044
   13.0500000000000       5.873132531595269E+044
   13.1000000000000       5.505492721226298E+044
   13.1500000000000       5.158012885278586E+044
   13.2000000000000       4.813651882448247E+044
   13.2500000000000       4.506398172871703E+044
   13.3000000000000       4.216424463076921E+044
   13.3500000000000       3.943490753049265E+044
   13.4000000000000       3.686637042772016E+044
   13.4500000000000       3.444903332225911E+044
   13.5000000000000       3.217569621388500E+044
   13.5500000000000       3.004155910233305E+044
   13.6000000000000       2.803702198728605E+044
   13.6500000000000       2.615728486835734E+044
   13.7000000000000       2.439121799491859E+044
   13.7500000000000       2.273880000003385E+044
   13.8000000000000       2.119176000003158E+044
   13.8500000000000       1.974336000002951E+044
   13.9000000000000       1.838856000002763E+044
   13.9500000000000       1.712136000002590E+044
   14.0000000000000       1.593672000002432E+044
   14.0500000000000       1.483008000002287E+044
   14.1000000000000       1.379640000002154E+044
   14.1500000000000       1.283136000002030E+044
   14.2000000000000       1.193064000001916E+044
   14.2500000000000       1.109064000001809E+044
   14.3000000000000       1.030704000001710E+044
   14.3500000000000       9.576720000016177E+043
   14.4000000000000       8.896080000015308E+043
   14.4500000000000       8.261760000014491E+043
   14.5000000000000       7.671120000013723E+043
   14.5500000000000       7.121040000012998E+043
   14.6000000000000       6.608880000012129E+043
   14.6500000000000       6.132240000011532E+043
   14.7000000000000       5.688960000010956E+043
   14.7500000000000       5.276400000010402E+043
   14.8000000000000       4.892880000009869E+043
   14.8500000000000       4.536240000009356E+043
   14.9000000000000       4.204800000008863E+043
   14.9500000000000       3.896640000008391E+043
   15.0000000000000       3.610320000007934E+043
   15.0500000000000       3.344400000007496E+043
   15.1000000000000       3.097440000007077E+043
   15.1500000000000       2.868240000006679E+043
   15.2000000000000       2.655360000006295E+043
   15.2500000000000       2.457600000005931E+043
   15.3000000000000       2.274360000005579E+043
   15.3500000000000       2.104296000005245E+043
   15.4000000000000       1.946568000004925E+043
   15.4500000000000       1.800312000004621E+043
   15.5000000000000       1.664712000004322E+043
   15.5500000000000       1.539048000004048E+043
   15.6000000000000       1.422624000003787E+043
   15.6500000000000       1.314768000003540E+043
   15.7000000000000       1.214856000003304E+043
   15.7500000000000       1.122336000003081E+043
   15.8000000000000       1.036704000002870E+043
   15.8500000000000       9.574560000026695E+042
   15.9000000000000       8.841120000024807E+042
   15.9500000000000       8.162640000023026E+042
   16.0000000000000       7.535040000021349E+042
   16.0500000000000       6.954720000019767E+042
   16.1000000000000       6.418080000018284E+042
   16.1500000000000       5.922000000016870E+042
   16.2000000000000       5.463840000015572E+042
   16.2500000000000       5.040000000014352E+042
   16.3000000000000       4.648800000013212E+042
   16.3500000000000       4.287360000012146E+042
   16.4000000000000       3.953520000011153E+042
   16.4500000000000       3.645120000010226E+042
   16.5000000000000       3.360720000009365E+042
   16.5500000000000       3.097920000008563E+042
   16.6000000000000       2.855280000007819E+042
   16.6500000000000       2.631600000007128E+042
   16.7000000000000       2.425200000006487E+042
   16.7500000000000       2.234640000005846E+042
   16.8000000000000       2.058936000005314E+042
   16.8500000000000       1.896816000004820E+042
   16.9000000000000       1.747320000004363E+042
   16.9500000000000       1.609488000003942E+042
   17.0000000000000       1.482384000003555E+042
   17.0500000000000       1.365192000003199E+042
   17.1000000000000       1.257168000002873E+042
   17.1500000000000       1.157592000002574E+042
   17.2000000000000       1.065816000002302E+042
   17.2500000000000       9.812640000020537E+041
   17.3000000000000       9.033120000018284E+041
   17.3500000000000       8.315040000016242E+041
   17.4000000000000       7.653600000014346E+041
   17.4500000000000       7.044240000012698E+041
   17.5000000000000       6.482880000011211E+041
   17.5500000000000       5.965680000009876E+041
   17.6000000000000       5.489520000008680E+041
   17.6500000000000       5.051040000007613E+041
   17.7000000000000       4.647360000006663E+041
   17.7500000000000       4.275360000005815E+041
   17.8000000000000       3.933120000005067E+041
   17.8500000000000       3.618000000004404E+041
   17.9000000000000       3.327840000003818E+041
   17.9500000000000       3.060720000003302E+041
   18.0000000000000       2.814960000002590E+041
   18.0500000000000       2.588880000002263E+041
   18.1000000000000       2.380560000001971E+041
   18.1500000000000       2.188968000001713E+041
   18.2000000000000       2.012688000001483E+041
   18.2500000000000       1.850520000001280E+041
   18.3000000000000       1.701288000001101E+041
   18.3500000000000       1.564008000000944E+041
   18.4000000000000       1.437720000000806E+041
   18.4500000000000       1.321536000000686E+041
   18.5000000000000       1.214688000000581E+041
   18.5500000000000       1.116408000000490E+041
   18.6000000000000       1.026048000000411E+041
   18.6500000000000       9.429120000003310E+040
   18.7000000000000       8.664960000002763E+040
   18.7500000000000       7.962000000002295E+040
   18.8000000000000       7.315920000001896E+040
   18.8500000000000       6.721920000001555E+040
   18.9000000000000       6.175680000001267E+040
   18.9500000000000       5.673600000001025E+040
   19.0000000000000       5.212080000000823E+040
   19.0500000000000       4.787760000000653E+040
   19.1000000000000       4.397760000000514E+040
   19.1500000000000       4.039440000000399E+040
   19.2000000000000       3.710160000000305E+040
   19.2500000000000       3.407280000000010E+040
   19.3000000000000       3.129360000000007E+040
   19.3500000000000       2.873760000000007E+040
   19.4000000000000       2.638800000000005E+040
   19.4500000000000       2.423040000000005E+040
   19.5000000000000       2.224848000000004E+040
   19.5500000000000       2.042736000000003E+040
   19.6000000000000       1.875456000000002E+040
   19.6500000000000       1.721784000000002E+040
   19.7000000000000       1.580616000000001E+040
   19.7500000000000       1.450968000000001E+040
   19.8000000000000       1.331904000000001E+040
   19.8500000000000       1.222536000000001E+040
   19.9000000000000       1.122096000000000E+040
   19.9500000000000       1.029864000000000E+040
   20.0000000000000       9.451920000000001E+039
   20.0500000000000       8.674080000000000E+039
   20.1000000000000       7.960080000000001E+039
   20.1500000000000       7.304640000000000E+039
   20.2000000000000       6.702720000000000E+039
   20.2500000000000       6.150240000000000E+039
   20.3000000000000       5.643120000000001E+039
   20.3500000000000       5.177520000000000E+039
   20.4000000000000       4.750080000000000E+039
   20.4500000000000       4.357680000000000E+039
   20.5000000000000       3.997680000000000E+039
   20.5500000000000       3.667200000000000E+039
   20.6000000000000       3.363840000000000E+039
   20.6500000000000       3.085680000000000E+039
   20.7000000000000       2.830080000000000E+039
   20.7500000000000       2.595840000000000E+039
   20.8000000000000       2.380728000000000E+039
   20.8500000000000       2.183400000000000E+039
   20.9000000000000       2.002344000000000E+039
   20.9500000000000       1.836240000000000E+039
   21.0000000000000       1.683840000000000E+039
   21.0500000000000       1.544040000000000E+039
   21.1000000000000       1.415760000000000E+039
   21.1500000000000       1.298136000000000E+039
   21.2000000000000       1.190184000000000E+039
   21.2500000000000       1.091208000000000E+039
   21.3000000000000       1.000416000000000E+039
   21.3500000000000       9.171360000000000E+038
   21.4000000000000       8.407680000000000E+038
   21.4500000000000       7.707360000000000E+038
   21.5000000000000       7.065119999999999E+038
   21.5500000000000       6.475919999999999E+038
   21.6000000000000       5.935919999999999E+038
   21.6500000000000       5.440560000000000E+038
   21.7000000000000       4.986480000000000E+038
   21.7500000000000       4.570080000000000E+038
   21.8000000000000       4.188240000000000E+038
   21.8500000000000       3.838320000000000E+038
   21.9000000000000       3.517440000000000E+038
   21.9500000000000       3.223200000000000E+038
   22.0000000000000       2.953680000000000E+038
   22.0500000000000       2.706480000000000E+038
   22.1000000000000       2.479920000000000E+038
   22.1500000000000       2.272080000000000E+038
   22.2000000000000       2.081736000000000E+038
   22.2500000000000       1.907256000000000E+038
   22.3000000000000       1.747320000000000E+038
   22.3500000000000       1.600776000000000E+038
   22.4000000000000       1.466448000000000E+038
   22.4500000000000       1.343352000000000E+038
   22.5000000000000       1.230576000000000E+038
   22.5500000000000       1.127208000000000E+038
   22.6000000000000       1.032504000000000E+038
   22.6500000000000       9.457200000000001E+037
   22.7000000000000       8.662080000000000E+037
   22.7500000000000       7.933440000000000E+037
   22.8000000000000       7.265760000000000E+037
   22.8500000000000       6.654240000000000E+037
   22.9000000000000       6.094080000000000E+037
   22.9500000000000       5.580720000000000E+037
   23.0000000000000       5.110560000000001E+037
   23.0500000000000       4.680000000000000E+037
   23.1000000000000       4.285440000000000E+037
   23.1500000000000       3.924000000000000E+037
   23.2000000000000       3.593040000000000E+037
   23.2500000000000       3.289680000000000E+037
   23.3000000000000       3.012000000000000E+037
   23.3500000000000       2.757600000000000E+037
   23.4000000000000       2.524800000000000E+037
   23.4500000000000       2.311392000000000E+037
   23.5000000000000       2.116056000000000E+037
   23.5500000000000       1.937160000000000E+037
   23.6000000000000       1.773312000000000E+037
   23.6500000000000       1.623288000000000E+037
   23.7000000000000       1.485936000000000E+037
   23.7500000000000       1.360128000000000E+037
   23.8000000000000       1.244976000000000E+037
   23.8500000000000       1.139520000000000E+037
   23.9000000000000       1.042968000000000E+037
   23.9500000000000       9.545760000000001E+036
   24.0000000000000       8.736480000000000E+036
   24.0500000000000       7.995600000000000E+036
   24.1000000000000       7.317360000000000E+036
   24.1500000000000       6.696480000000000E+036
   24.2000000000000       6.128160000000000E+036
   24.2500000000000       5.607839999999999E+036
   24.3000000000000       5.131680000000000E+036
   24.3500000000000       4.695840000000000E+036
   24.4000000000000       4.296720000000000E+036
   24.4500000000000       3.931680000000001E+036
   24.5000000000000       3.597360000000000E+036
   24.5500000000000       3.291360000000000E+036
   24.6000000000000       3.011280000000000E+036
   24.6500000000000       2.755200000000000E+036
   24.7000000000000       2.520720000000000E+036
   24.7500000000000       2.306064000000000E+036
   24.8000000000000       2.109696000000000E+036
   24.8500000000000       1.930008000000000E+036
   24.9000000000000       1.765536000000000E+036
   24.9500000000000       1.615080000000000E+036
   25.0000000000000       1.477416000000000E+036
